Confirmed,Deceased,Recovered,Date,totalConfirmed,totalFatalities,totalRecovered,Region,Population
81,2,9,3/14/2020,81,2,9,India,1371360351
27,0,4,3/15/2020,108,2,13,India,1371360351
15,0,1,3/16/2020,123,2,14,India,1371360351
11,1,1,3/17/2020,134,3,15,India,1371360351
37,0,0,3/18/2020,171,3,15,India,1371360351
27,1,5,3/19/2020,198,4,20,India,1371360351
58,0,3,3/20/2020,256,4,23,India,1371360351
78,0,0,3/21/2020,334,4,23,India,1371360351
67,3,0,3/22/2020,401,7,23,India,1371360351
102,2,12,3/23/2020,503,9,35,India,1371360351
64,1,5,3/24/2020,567,10,40,India,1371360351
90,1,3,3/25/2020,657,11,43,India,1371360351
65,5,7,3/26/2020,722,16,50,India,1371360351
164,3,26,3/27/2020,886,19,76,India,1371360351
143,5,9,3/28/2020,1029,24,85,India,1371360351
110,3,5,3/29/2020,1139,27,90,India,1371360351
187,13,49,3/30/2020,1326,40,139,India,1371360351
309,6,15,3/31/2020,1635,46,154,India,1371360351
424,9,16,4/1/2020,2059,55,170,India,1371360351
486,14,22,4/2/2020,2545,69,192,India,1371360351
560,14,38,4/3/2020,3105,83,230,India,1371360351
579,13,56,4/4/2020,3684,96,286,India,1371360351
609,22,43,4/5/2020,4293,118,329,India,1371360351
484,16,65,4/6/2020,4777,134,394,India,1371360351
573,27,75,4/7/2020,5350,161,469,India,1371360351
565,20,96,4/8/2020,5915,181,565,India,1371360351
813,46,70,4/9/2020,6728,227,635,India,1371360351
871,22,151,4/10/2020,7599,249,786,India,1371360351
854,41,186,4/11/2020,8453,290,972,India,1371360351
758,42,114,4/12/2020,9211,332,1086,India,1371360351
1243,27,112,4/13/2020,10454,359,1198,India,1371360351
1031,37,167,4/14/2020,11485,396,1365,India,1371360351
886,27,144,4/15/2020,12371,423,1509,India,1371360351
1061,26,258,4/16/2020,13432,449,1767,India,1371360351
922,38,273,4/17/2020,14354,487,2040,India,1371360351
1371,35,426,4/18/2020,15725,522,2466,India,1371360351
1580,38,388,4/19/2020,17305,560,2854,India,1371360351
1239,33,419,4/20/2020,18544,593,3273,India,1371360351
1537,53,703,4/21/2020,20081,646,3976,India,1371360351
1292,36,394,4/22/2020,21373,682,4370,India,1371360351
1667,40,642,4/23/2020,23040,722,5012,India,1371360351
1408,59,484,4/24/2020,24448,781,5496,India,1371360351
1835,44,442,4/25/2020,26283,825,5938,India,1371360351
1607,56,585,4/26/2020,27890,881,6523,India,1371360351
1568,58,580,4/27/2020,29458,939,7103,India,1371360351
1902,69,636,4/28/2020,31360,1008,7739,India,1371360351
1705,71,690,4/29/2020,33065,1079,8429,India,1371360351
1802,75,630,4/30/2020,34867,1154,9059,India,1371360351
2396,77,962,5/1/2020,37263,1231,10021,India,1371360351
2564,92,831,5/2/2020,39827,1323,10852,India,1371360351
2952,140,911,5/3/2020,42779,1463,11763,India,1371360351
3656,103,1082,5/4/2020,46435,1566,12845,India,1371360351
2971,128,1295,5/5/2020,49406,1694,14140,India,1371360351
3602,91,1161,5/6/2020,53008,1785,15301,India,1371360351
3344,104,1475,5/7/2020,56352,1889,16776,India,1371360351
3339,97,1111,5/8/2020,59691,1986,17887,India,1371360351
3175,115,1414,5/9/2020,62866,2101,19301,India,1371360351
4311,112,1669,5/10/2020,67177,2213,20970,India,1371360351
3592,81,1579,5/11/2020,70769,2294,22549,India,1371360351
3562,120,1905,5/12/2020,74331,2414,24454,India,1371360351
3726,137,1963,5/13/2020,78057,2551,26417,India,1371360351
3991,97,1594,5/14/2020,82048,2648,28011,India,1371360351
3808,104,2234,5/15/2020,85856,2752,30245,India,1371360351
4794,120,4012,5/16/2020,90650,2872,34257,India,1371360351
5049,152,2538,5/17/2020,95699,3024,36795,India,1371360351
4628,131,2482,5/18/2020,100327,3155,39277,India,1371360351
5340,146,3032,5/19/2020,105667,3301,42309,India,1371360351
5438,134,3113,5/20/2020,111105,3435,45422,India,1371360351
5716,148,3131,5/21/2020,116821,3583,48553,India,1371360351
6319,142,3280,5/22/2020,123140,3725,51833,India,1371360351
6386,142,2576,5/23/2020,129526,3867,54409,India,1371360351
6672,156,3285,5/24/2020,136198,4023,57694,India,1371360351
6110,150,3012,5/25/2020,142308,4173,60706,India,1371360351
5579,173,3585,5/26/2020,147887,4346,64291,India,1371360351
6203,188,3434,5/27/2020,154090,4534,67725,India,1371360351
6935,176,3171,5/28/2020,161025,4710,70896,India,1371360351
7797,269,11735,5/29/2020,168822,4979,82631,India,1371360351
7994,205,4303,5/30/2020,176816,5184,86934,India,1371360351
8341,222,4928,5/31/2020,185157,5406,91862,India,1371360351
7584,201,3882,6/1/2020,192741,5607,95744,India,1371360351
8028,222,4531,6/2/2020,200769,5829,100275,India,1371360351
8980,259,3789,6/3/2020,209749,6088,104064,India,1371360351
9487,274,4390,6/4/2020,219236,6362,108454,India,1371360351
9345,286,4770,6/5/2020,228581,6648,113224,India,1371360351
9826,297,5433,6/6/2020,238407,6945,118657,India,1371360351
10464,261,5191,6/7/2020,248871,7206,123848,India,1371360351
9309,271,5171,6/8/2020,258180,7477,129019,India,1371360351
9107,272,5634,6/9/2020,267287,7749,134653,India,1371360351
10640,358,6275,6/10/2020,277927,8107,140928,India,1371360351
11431,394,6044,6/11/2020,289358,8501,146972,India,1371360351
11922,388,7263,6/12/2020,301280,8889,154235,India,1371360351
12370,309,8092,6/13/2020,313650,9198,162327,India,1371360351
11953,324,7358,6/14/2020,325603,9522,169685,India,1371360351
10496,396,10639,6/15/2020,336099,9918,180324,India,1371360351
10374,2004,7226,6/16/2020,346473,11922,187550,India,1371360351
12519,341,6890,6/17/2020,358992,12263,194440,India,1371360351
13399,343,10741,6/18/2020,372391,12606,205181,India,1371360351
14414,364,9029,6/19/2020,386805,12970,214210,India,1371360351
15580,308,13974,6/20/2020,402385,13278,228184,India,1371360351
15289,426,9075,6/21/2020,417674,13704,237259,India,1371360351
14855,312,10879,6/22/2020,432529,14016,248138,India,1371360351
15473,468,10462,6/23/2020,448002,14484,258600,India,1371360351
16742,424,13089,6/24/2020,464744,14908,271689,India,1371360351
17853,401,13983,6/25/2020,482597,15309,285672,India,1371360351
18625,381,10246,6/26/2020,501222,15690,295918,India,1371360351
20242,414,14229,6/27/2020,521464,16104,310147,India,1371360351
19794,384,11631,6/28/2020,541258,16488,321778,India,1371360351
18893,417,13497,6/29/2020,560151,16905,335275,India,1371360351
18537,506,12565,6/30/2020,578688,17411,347840,India,1371360351
19518,438,12064,7/1/2020,598206,17849,359904,India,1371360351
22030,378,19999,7/2/2020,620236,18227,379903,India,1371360351
23519,444,14417,7/3/2020,643755,18671,394320,India,1371360351
25050,611,14746,7/4/2020,668805,19282,409066,India,1371360351
24312,421,15829,7/5/2020,693117,19703,424895,India,1371360351
22216,473,15315,7/6/2020,715333,20176,440210,India,1371360351
23026,479,16836,7/7/2020,738359,20655,457046,India,1371360351
25577,492,19508,7/8/2020,763936,21147,476554,India,1371360351
26423,479,19408,7/9/2020,790359,21626,495962,India,1371360351
27986,520,20289,7/10/2020,818345,22146,516251,India,1371360351
28502,543,19981,7/11/2020,846847,22689,536232,India,1371360351
29498,500,18198,7/12/2020,876345,23189,554430,India,1371360351
28844,541,17683,7/13/2020,905189,23730,572113,India,1371360351
30096,587,20977,7/14/2020,935285,24317,593090,India,1371360351
33262,614,20646,7/15/2020,968547,24931,613736,India,1371360351
35707,680,22867,7/16/2020,1004254,25611,636603,India,1371360351
35574,676,17476,7/17/2020,1039828,26287,654079,India,1371360351
37779,543,23583,7/18/2020,1077607,26830,677662,India,1371360351
40398,675,22730,7/19/2020,1118005,27505,700392,India,1371360351
36806,596,24303,7/20/2020,1154811,28101,724695,India,1371360351
39170,671,27589,7/21/2020,1193981,28772,752284,India,1371360351
45601,1130,31875,7/22/2020,1239582,29902,784159,India,1371360351
48443,755,33326,7/23/2020,1288025,30657,817485,India,1371360351
48888,763,32514,7/24/2020,1336913,31420,849999,India,1371360351
50072,703,37125,7/25/2020,1386985,32123,887124,India,1371360351
48932,704,31512,7/26/2020,1435917,32827,918636,India,1371360351
46484,642,34354,7/27/2020,1482401,33469,952990,India,1371360351
49631,774,35683,7/28/2020,1532032,34243,988673,India,1371360351
52479,775,32886,7/29/2020,1584511,35018,1021559,India,1371360351
54968,784,37425,7/30/2020,1639479,35802,1058984,India,1371360351
57486,764,36554,7/31/2020,1696965,36566,1095538,India,1371360351
55117,854,51368,8/1/2020,1752082,37420,1146906,India,1371360351
52672,760,40355,8/2/2020,1804754,38180,1187261,India,1371360351
50488,806,43070,8/3/2020,1855242,38986,1230331,India,1371360351
51282,849,51220,8/4/2020,1906524,39835,1281551,India,1371360351
56626,919,45583,8/5/2020,1963150,40754,1327134,India,1371360351
62170,899,50141,8/6/2020,2025320,41653,1377275,India,1371360351
61455,936,50387,8/7/2020,2086775,42589,1427662,India,1371360351
65156,875,52135,8/8/2020,2151931,43464,1479797,India,1371360351
62117,1013,54474,8/9/2020,2214048,44477,1534271,India,1371360351
53016,887,47362,8/10/2020,2267064,45364,1581633,India,1371360351
61252,835,56461,8/11/2020,2328316,46199,1638094,India,1371360351
67066,950,57759,8/12/2020,2395382,47149,1695853,India,1371360351
64141,1006,54776,8/13/2020,2459523,48155,1750629,India,1371360351
65610,989,56920,8/14/2020,2525133,49144,1807549,India,1371360351
63986,952,53116,8/15/2020,2589119,50096,1860665,India,1371360351
58096,952,57404,8/16/2020,2647215,51048,1918069,India,1371360351
54298,880,58172,8/17/2020,2701513,51928,1976241,India,1371360351
64999,1099,60455,8/18/2020,2766512,53027,2036696,India,1371360351
69196,979,59365,8/19/2020,2835708,54006,2096061,India,1371360351
68518,981,61873,8/20/2020,2904226,54987,2157934,India,1371360351
68519,953,62858,8/21/2020,2972745,55940,2220792,India,1371360351
70067,918,59101,8/22/2020,3042812,56858,2279893,India,1371360351
61749,846,56896,8/23/2020,3104561,57704,2336789,India,1371360351
59696,854,66305,8/24/2020,3164257,58558,2403094,India,1371360351
66873,1066,64151,8/25/2020,3231130,59624,2467245,India,1371360351
75995,1017,56191,8/26/2020,3307125,60641,2523436,India,1371360351
76827,1066,59620,8/27/2020,3383952,61707,2583056,India,1371360351
76657,1019,64475,8/28/2020,3460609,62726,2647531,India,1371360351
78479,943,64982,8/29/2020,3539088,63669,2712513,India,1371360351
79461,960,60422,8/30/2020,3618549,64629,2772935,India,1371360351
68766,816,64435,8/31/2020,3687315,65445,2837370,India,1371360351
78168,892,62145,9/1/2020,3765483,66337,2899515,India,1371360351
82860,913,67874,9/2/2020,3848343,67250,2967389,India,1371360351
84156,979,67491,9/3/2020,3932499,68229,3034880,India,1371360351
87115,950,69625,9/4/2020,4019614,69179,3104505,India,1371360351
90600,916,73161,9/5/2020,4110214,70095,3177666,India,1371360351
91725,1005,69630,9/6/2020,4201939,71100,3247296,India,1371360351
75015,1129,74116,9/7/2020,4276954,72229,3321412,India,1371360351
89855,1107,74608,9/8/2020,4366809,73336,3396020,India,1371360351
95536,1168,73062,9/9/2020,4462345,74504,3469082,India,1371360351
96762,1213,70904,9/10/2020,4559107,75717,3539986,India,1371360351
97655,1202,81456,9/11/2020,4656762,76919,3621442,India,1371360351
94414,1111,77862,9/12/2020,4751176,78030,3699304,India,1371360351
93220,1140,77748,9/13/2020,4844396,79170,3777052,India,1371360351
81913,1054,79213,9/14/2020,4926309,80224,3856265,India,1371360351
91098,1281,82849,9/15/2020,5017407,81505,3939114,India,1371360351
97860,1140,82924,9/16/2020,5115267,82645,4022038,India,1371360351
96787,1175,87788,9/17/2020,5212054,83820,4109826,India,1371360351
92973,1221,95515,9/18/2020,5305027,85041,4205341,India,1371360351
92574,1149,94389,9/19/2020,5397601,86190,4299730,India,1371360351
87395,1135,92926,9/20/2020,5484996,87325,4392656,India,1371360351
74493,1056,102070,9/21/2020,5559489,88381,4494726,India,1371360351
83362,1085,89657,9/22/2020,5642851,89466,4584383,India,1371360351
86703,1123,87459,9/23/2020,5729554,90589,4671842,India,1371360351
85921,1144,81142,9/24/2020,5815475,91733,4752984,India,1371360351
85717,1093,93331,9/25/2020,5901192,92826,4846315,India,1371360351
88759,1124,92365,9/26/2020,5989951,93950,4938680,India,1371360351
82770,1040,74691,9/27/2020,6072721,94990,5013371,India,1371360351
69669,775,85198,9/28/2020,6142390,95765,5098569,India,1371360351
80500,1178,86150,9/29/2020,6222890,96943,5184719,India,1371360351
86748,1179,85274,9/30/2020,6309638,98122,5269993,India,1371360351
81784,1099,78731,10/1/2020,6391422,99221,5348724,India,1371360351
79883,1068,76339,10/2/2020,6471305,100289,5425063,India,1371360351
75479,937,81655,10/3/2020,6546784,101226,5506718,India,1371360351
74770,903,76713,10/4/2020,6621554,102129,5583431,India,1371360351
60130,886,75855,10/5/2020,6681684,103015,5659286,India,1371360351
71869,990,81945,10/6/2020,6753553,104005,5741231,India,1371360351
78809,963,83209,10/7/2020,6832362,104968,5824440,India,1371360351
70797,967,78745,10/8/2020,6903159,105935,5903185,India,1371360351
73305,929,82628,10/9/2020,6976464,106864,5985813,India,1371360351
74418,921,89024,10/10/2020,7050882,107785,6074837,India,1371360351
67789,813,71565,10/11/2020,7118671,108598,6146402,India,1371360351
54262,710,78365,10/12/2020,7172933,109308,6224767,India,1371360351
63717,727,74079,10/13/2020,7236650,110035,6298846,India,1371360351
67811,690,81582,10/14/2020,7304461,110725,6380428,India,1371360351
63441,882,70792,10/15/2020,7367902,111607,6451220,India,1371360351
62304,840,70568,10/16/2020,7430206,112447,6521788,India,1371360351
61893,1032,72583,10/17/2020,7492099,113479,6594371,India,1371360351
56519,582,66418,10/18/2020,7548618,114061,6660789,India,1371360351
45506,589,69800,10/19/2020,7594124,114650,6730589,India,1371360351
54404,714,61933,10/20/2020,7648528,115364,6792522,India,1371360351
56264,701,79561,10/21/2020,7704792,116065,6872083,India,1371360351
0,0,0,3/14/2020,0,0,0,Andaman and Nicobar Islands,417036
0,0,0,3/15/2020,0,0,0,Andaman and Nicobar Islands,417036
0,0,0,3/16/2020,0,0,0,Andaman and Nicobar Islands,417036
0,0,0,3/17/2020,0,0,0,Andaman and Nicobar Islands,417036
0,0,0,3/18/2020,0,0,0,Andaman and Nicobar Islands,417036
0,0,0,3/19/2020,0,0,0,Andaman and Nicobar Islands,417036
0,0,0,3/20/2020,0,0,0,Andaman and Nicobar Islands,417036
0,0,0,3/21/2020,0,0,0,Andaman and Nicobar Islands,417036
0,0,0,3/22/2020,0,0,0,Andaman and Nicobar Islands,417036
0,0,0,3/23/2020,0,0,0,Andaman and Nicobar Islands,417036
0,0,0,3/24/2020,0,0,0,Andaman and Nicobar Islands,417036
0,0,0,3/25/2020,0,0,0,Andaman and Nicobar Islands,417036
1,0,0,3/26/2020,1,0,0,Andaman and Nicobar Islands,417036
5,0,0,3/27/2020,6,0,0,Andaman and Nicobar Islands,417036
3,0,0,3/28/2020,9,0,0,Andaman and Nicobar Islands,417036
0,0,0,3/29/2020,9,0,0,Andaman and Nicobar Islands,417036
1,0,0,3/30/2020,10,0,0,Andaman and Nicobar Islands,417036
0,0,0,3/31/2020,10,0,0,Andaman and Nicobar Islands,417036
0,0,0,4/1/2020,10,0,0,Andaman and Nicobar Islands,417036
0,0,0,4/2/2020,10,0,0,Andaman and Nicobar Islands,417036
0,0,0,4/3/2020,10,0,0,Andaman and Nicobar Islands,417036
0,0,0,4/4/2020,10,0,0,Andaman and Nicobar Islands,417036
0,0,0,4/5/2020,10,0,0,Andaman and Nicobar Islands,417036
0,0,0,4/6/2020,10,0,0,Andaman and Nicobar Islands,417036
0,0,0,4/7/2020,10,0,0,Andaman and Nicobar Islands,417036
1,0,0,4/8/2020,11,0,0,Andaman and Nicobar Islands,417036
0,0,10,4/9/2020,11,0,10,Andaman and Nicobar Islands,417036
0,0,0,4/10/2020,11,0,10,Andaman and Nicobar Islands,417036
0,0,0,4/11/2020,11,0,10,Andaman and Nicobar Islands,417036
0,0,0,4/12/2020,11,0,10,Andaman and Nicobar Islands,417036
0,0,0,4/13/2020,11,0,10,Andaman and Nicobar Islands,417036
0,0,0,4/14/2020,11,0,10,Andaman and Nicobar Islands,417036
0,0,0,4/15/2020,11,0,10,Andaman and Nicobar Islands,417036
0,0,1,4/16/2020,11,0,11,Andaman and Nicobar Islands,417036
1,0,0,4/17/2020,12,0,11,Andaman and Nicobar Islands,417036
2,0,0,4/18/2020,14,0,11,Andaman and Nicobar Islands,417036
1,0,0,4/19/2020,15,0,11,Andaman and Nicobar Islands,417036
1,0,0,4/20/2020,16,0,11,Andaman and Nicobar Islands,417036
1,0,0,4/21/2020,17,0,11,Andaman and Nicobar Islands,417036
1,0,0,4/22/2020,18,0,11,Andaman and Nicobar Islands,417036
4,0,0,4/23/2020,22,0,11,Andaman and Nicobar Islands,417036
7,0,0,4/24/2020,29,0,11,Andaman and Nicobar Islands,417036
4,0,0,4/25/2020,33,0,11,Andaman and Nicobar Islands,417036
0,0,0,4/26/2020,33,0,11,Andaman and Nicobar Islands,417036
0,0,0,4/27/2020,33,0,11,Andaman and Nicobar Islands,417036
0,0,4,4/28/2020,33,0,15,Andaman and Nicobar Islands,417036
0,0,0,4/29/2020,33,0,15,Andaman and Nicobar Islands,417036
0,0,1,4/30/2020,33,0,16,Andaman and Nicobar Islands,417036
0,0,0,5/1/2020,33,0,16,Andaman and Nicobar Islands,417036
0,0,10,5/2/2020,33,0,26,Andaman and Nicobar Islands,417036
0,0,6,5/3/2020,33,0,32,Andaman and Nicobar Islands,417036
0,0,0,5/4/2020,33,0,32,Andaman and Nicobar Islands,417036
0,0,0,5/5/2020,33,0,32,Andaman and Nicobar Islands,417036
0,0,0,5/6/2020,33,0,32,Andaman and Nicobar Islands,417036
0,0,1,5/7/2020,33,0,33,Andaman and Nicobar Islands,417036
0,0,0,5/8/2020,33,0,33,Andaman and Nicobar Islands,417036
0,0,0,5/9/2020,33,0,33,Andaman and Nicobar Islands,417036
0,0,0,5/10/2020,33,0,33,Andaman and Nicobar Islands,417036
0,0,0,5/11/2020,33,0,33,Andaman and Nicobar Islands,417036
0,0,0,5/12/2020,33,0,33,Andaman and Nicobar Islands,417036
0,0,0,5/13/2020,33,0,33,Andaman and Nicobar Islands,417036
0,0,0,5/14/2020,33,0,33,Andaman and Nicobar Islands,417036
0,0,0,5/15/2020,33,0,33,Andaman and Nicobar Islands,417036
0,0,0,5/16/2020,33,0,33,Andaman and Nicobar Islands,417036
0,0,0,5/17/2020,33,0,33,Andaman and Nicobar Islands,417036
0,0,0,5/18/2020,33,0,33,Andaman and Nicobar Islands,417036
0,0,0,5/19/2020,33,0,33,Andaman and Nicobar Islands,417036
0,0,0,5/20/2020,33,0,33,Andaman and Nicobar Islands,417036
0,0,0,5/21/2020,33,0,33,Andaman and Nicobar Islands,417036
0,0,0,5/22/2020,33,0,33,Andaman and Nicobar Islands,417036
0,0,0,5/23/2020,33,0,33,Andaman and Nicobar Islands,417036
0,0,0,5/24/2020,33,0,33,Andaman and Nicobar Islands,417036
0,0,0,5/25/2020,33,0,33,Andaman and Nicobar Islands,417036
0,0,0,5/26/2020,33,0,33,Andaman and Nicobar Islands,417036
0,0,0,5/27/2020,33,0,33,Andaman and Nicobar Islands,417036
0,0,0,5/28/2020,33,0,33,Andaman and Nicobar Islands,417036
0,0,0,5/29/2020,33,0,33,Andaman and Nicobar Islands,417036
0,0,0,5/30/2020,33,0,33,Andaman and Nicobar Islands,417036
0,0,0,5/31/2020,33,0,33,Andaman and Nicobar Islands,417036
0,0,0,6/1/2020,33,0,33,Andaman and Nicobar Islands,417036
0,0,0,6/2/2020,33,0,33,Andaman and Nicobar Islands,417036
0,0,0,6/3/2020,33,0,33,Andaman and Nicobar Islands,417036
0,0,0,6/4/2020,33,0,33,Andaman and Nicobar Islands,417036
0,0,0,6/5/2020,33,0,33,Andaman and Nicobar Islands,417036
0,0,0,6/6/2020,33,0,33,Andaman and Nicobar Islands,417036
0,0,0,6/7/2020,33,0,33,Andaman and Nicobar Islands,417036
0,0,0,6/8/2020,33,0,33,Andaman and Nicobar Islands,417036
1,0,0,6/9/2020,34,0,33,Andaman and Nicobar Islands,417036
1,0,0,6/10/2020,35,0,33,Andaman and Nicobar Islands,417036
3,0,0,6/11/2020,38,0,33,Andaman and Nicobar Islands,417036
0,0,0,6/12/2020,38,0,33,Andaman and Nicobar Islands,417036
0,0,0,6/13/2020,38,0,33,Andaman and Nicobar Islands,417036
2,0,0,6/14/2020,40,0,33,Andaman and Nicobar Islands,417036
1,0,0,6/15/2020,41,0,33,Andaman and Nicobar Islands,417036
3,0,0,6/16/2020,44,0,33,Andaman and Nicobar Islands,417036
0,0,0,6/17/2020,44,0,33,Andaman and Nicobar Islands,417036
1,0,2,6/18/2020,45,0,35,Andaman and Nicobar Islands,417036
2,0,0,6/19/2020,47,0,35,Andaman and Nicobar Islands,417036
0,0,0,6/20/2020,47,0,35,Andaman and Nicobar Islands,417036
1,0,2,6/21/2020,48,0,37,Andaman and Nicobar Islands,417036
0,0,0,6/22/2020,48,0,37,Andaman and Nicobar Islands,417036
2,0,3,6/23/2020,50,0,40,Andaman and Nicobar Islands,417036
6,0,1,6/24/2020,56,0,41,Andaman and Nicobar Islands,417036
2,0,0,6/25/2020,58,0,41,Andaman and Nicobar Islands,417036
14,0,2,6/26/2020,72,0,43,Andaman and Nicobar Islands,417036
0,0,0,6/27/2020,72,0,43,Andaman and Nicobar Islands,417036
11,0,2,6/28/2020,83,0,45,Andaman and Nicobar Islands,417036
7,0,0,6/29/2020,90,0,45,Andaman and Nicobar Islands,417036
7,0,0,6/30/2020,97,0,45,Andaman and Nicobar Islands,417036
3,0,5,7/1/2020,100,0,50,Andaman and Nicobar Islands,417036
9,0,1,7/2/2020,109,0,51,Andaman and Nicobar Islands,417036
7,0,3,7/3/2020,116,0,54,Andaman and Nicobar Islands,417036
3,0,12,7/4/2020,119,0,66,Andaman and Nicobar Islands,417036
6,0,6,7/5/2020,125,0,72,Andaman and Nicobar Islands,417036
16,0,2,7/6/2020,141,0,74,Andaman and Nicobar Islands,417036
6,0,0,7/7/2020,147,0,74,Andaman and Nicobar Islands,417036
2,0,0,7/8/2020,149,0,74,Andaman and Nicobar Islands,417036
7,0,9,7/9/2020,156,0,83,Andaman and Nicobar Islands,417036
0,0,9,7/10/2020,156,0,92,Andaman and Nicobar Islands,417036
0,0,0,7/11/2020,156,0,92,Andaman and Nicobar Islands,417036
7,0,8,7/12/2020,163,0,100,Andaman and Nicobar Islands,417036
3,0,9,7/13/2020,166,0,109,Andaman and Nicobar Islands,417036
5,0,20,7/14/2020,171,0,129,Andaman and Nicobar Islands,417036
5,0,1,7/15/2020,176,0,130,Andaman and Nicobar Islands,417036
4,0,3,7/16/2020,180,0,133,Andaman and Nicobar Islands,417036
0,0,0,7/17/2020,180,0,133,Andaman and Nicobar Islands,417036
4,0,3,7/18/2020,184,0,136,Andaman and Nicobar Islands,417036
15,0,0,7/19/2020,199,0,136,Andaman and Nicobar Islands,417036
4,0,6,7/20/2020,203,0,142,Andaman and Nicobar Islands,417036
5,0,8,7/21/2020,208,0,150,Andaman and Nicobar Islands,417036
9,0,4,7/22/2020,217,0,154,Andaman and Nicobar Islands,417036
19,0,7,7/23/2020,236,0,161,Andaman and Nicobar Islands,417036
19,0,4,7/24/2020,255,0,165,Andaman and Nicobar Islands,417036
31,0,2,7/25/2020,286,0,167,Andaman and Nicobar Islands,417036
28,0,4,7/26/2020,314,0,171,Andaman and Nicobar Islands,417036
20,1,12,7/27/2020,334,1,183,Andaman and Nicobar Islands,417036
25,0,4,7/28/2020,359,1,187,Andaman and Nicobar Islands,417036
65,1,5,7/29/2020,424,2,192,Andaman and Nicobar Islands,417036
42,1,0,7/30/2020,466,3,192,Andaman and Nicobar Islands,417036
78,2,13,7/31/2020,544,5,205,Andaman and Nicobar Islands,417036
88,2,12,8/1/2020,632,7,217,Andaman and Nicobar Islands,417036
98,1,16,8/2/2020,730,8,233,Andaman and Nicobar Islands,417036
96,2,21,8/3/2020,826,10,254,Andaman and Nicobar Islands,417036
98,2,14,8/4/2020,924,12,268,Andaman and Nicobar Islands,417036
99,2,49,8/5/2020,1023,14,317,Andaman and Nicobar Islands,417036
96,2,29,8/6/2020,1119,16,346,Andaman and Nicobar Islands,417036
99,3,70,8/7/2020,1218,19,416,Andaman and Nicobar Islands,417036
129,1,75,8/8/2020,1347,20,491,Andaman and Nicobar Islands,417036
139,0,148,8/9/2020,1486,20,639,Andaman and Nicobar Islands,417036
135,0,61,8/10/2020,1621,20,700,Andaman and Nicobar Islands,417036
139,1,40,8/11/2020,1760,21,740,Andaman and Nicobar Islands,417036
136,0,80,8/12/2020,1896,21,820,Andaman and Nicobar Islands,417036
137,1,95,8/13/2020,2033,22,915,Andaman and Nicobar Islands,417036
149,2,108,8/14/2020,2182,24,1023,Andaman and Nicobar Islands,417036
120,0,96,8/15/2020,2302,24,1119,Andaman and Nicobar Islands,417036
93,4,98,8/16/2020,2395,28,1217,Andaman and Nicobar Islands,417036
46,1,99,8/17/2020,2441,29,1316,Andaman and Nicobar Islands,417036
84,1,96,8/18/2020,2525,30,1412,Andaman and Nicobar Islands,417036
75,0,108,8/19/2020,2600,30,1520,Andaman and Nicobar Islands,417036
76,1,109,8/20/2020,2676,31,1629,Andaman and Nicobar Islands,417036
67,1,106,8/21/2020,2743,32,1735,Andaman and Nicobar Islands,417036
61,0,109,8/22/2020,2804,32,1844,Andaman and Nicobar Islands,417036
52,1,110,8/23/2020,2856,33,1954,Andaman and Nicobar Islands,417036
44,2,129,8/24/2020,2900,35,2083,Andaman and Nicobar Islands,417036
41,2,139,8/25/2020,2941,37,2222,Andaman and Nicobar Islands,417036
40,4,78,8/26/2020,2981,41,2300,Andaman and Nicobar Islands,417036
33,1,65,8/27/2020,3014,42,2365,Andaman and Nicobar Islands,417036
32,0,70,8/28/2020,3046,42,2435,Andaman and Nicobar Islands,417036
31,2,75,8/29/2020,3077,44,2510,Andaman and Nicobar Islands,417036
23,1,67,8/30/2020,3100,45,2577,Andaman and Nicobar Islands,417036
28,1,61,8/31/2020,3128,46,2638,Andaman and Nicobar Islands,417036
28,0,67,9/1/2020,3156,46,2705,Andaman and Nicobar Islands,417036
26,1,44,9/2/2020,3182,47,2749,Andaman and Nicobar Islands,417036
37,1,65,9/3/2020,3219,48,2814,Andaman and Nicobar Islands,417036
34,1,40,9/4/2020,3253,49,2854,Andaman and Nicobar Islands,417036
35,1,41,9/5/2020,3288,50,2895,Andaman and Nicobar Islands,417036
40,0,47,9/6/2020,3328,50,2942,Andaman and Nicobar Islands,417036
27,0,46,9/7/2020,3355,50,2988,Andaman and Nicobar Islands,417036
33,0,38,9/8/2020,3388,50,3026,Andaman and Nicobar Islands,417036
34,1,43,9/9/2020,3422,51,3069,Andaman and Nicobar Islands,417036
39,0,43,9/10/2020,3461,51,3112,Andaman and Nicobar Islands,417036
29,0,36,9/11/2020,3490,51,3148,Andaman and Nicobar Islands,417036
27,0,45,9/12/2020,3517,51,3193,Andaman and Nicobar Islands,417036
25,0,41,9/13/2020,3542,51,3234,Andaman and Nicobar Islands,417036
11,1,35,9/14/2020,3553,52,3269,Andaman and Nicobar Islands,417036
17,0,40,9/15/2020,3570,52,3309,Andaman and Nicobar Islands,417036
19,0,27,9/16/2020,3589,52,3336,Andaman and Nicobar Islands,417036
11,0,33,9/17/2020,3600,52,3369,Andaman and Nicobar Islands,417036
27,0,36,9/18/2020,3627,52,3405,Andaman and Nicobar Islands,417036
13,0,22,9/19/2020,3640,52,3427,Andaman and Nicobar Islands,417036
7,0,15,9/20/2020,3647,52,3442,Andaman and Nicobar Islands,417036
22,0,18,9/21/2020,3669,52,3460,Andaman and Nicobar Islands,417036
18,0,10,9/22/2020,3687,52,3470,Andaman and Nicobar Islands,417036
21,0,15,9/23/2020,3708,52,3485,Andaman and Nicobar Islands,417036
32,0,9,9/24/2020,3740,52,3494,Andaman and Nicobar Islands,417036
15,0,25,9/25/2020,3755,52,3519,Andaman and Nicobar Islands,417036
15,0,23,9/26/2020,3770,52,3542,Andaman and Nicobar Islands,417036
20,1,2,9/27/2020,3790,53,3544,Andaman and Nicobar Islands,417036
9,0,29,9/28/2020,3799,53,3573,Andaman and Nicobar Islands,417036
18,0,5,9/29/2020,3817,53,3578,Andaman and Nicobar Islands,417036
14,0,21,9/30/2020,3831,53,3599,Andaman and Nicobar Islands,417036
13,0,15,10/1/2020,3844,53,3614,Andaman and Nicobar Islands,417036
10,0,8,10/2/2020,3854,53,3622,Andaman and Nicobar Islands,417036
10,0,11,10/3/2020,3864,53,3633,Andaman and Nicobar Islands,417036
16,0,7,10/4/2020,3880,53,3640,Andaman and Nicobar Islands,417036
15,1,10,10/5/2020,3895,54,3650,Andaman and Nicobar Islands,417036
13,0,19,10/6/2020,3908,54,3669,Andaman and Nicobar Islands,417036
23,0,18,10/7/2020,3931,54,3687,Andaman and Nicobar Islands,417036
17,1,11,10/8/2020,3948,55,3698,Andaman and Nicobar Islands,417036
24,0,17,10/9/2020,3972,55,3715,Andaman and Nicobar Islands,417036
16,0,20,10/10/2020,3988,55,3735,Andaman and Nicobar Islands,417036
13,0,20,10/11/2020,4001,55,3755,Andaman and Nicobar Islands,417036
18,0,6,10/12/2020,4019,55,3761,Andaman and Nicobar Islands,417036
13,0,12,10/13/2020,4032,55,3773,Andaman and Nicobar Islands,417036
10,0,14,10/14/2020,4042,55,3787,Andaman and Nicobar Islands,417036
16,0,21,10/15/2020,4058,55,3808,Andaman and Nicobar Islands,417036
10,1,14,10/16/2020,4068,56,3822,Andaman and Nicobar Islands,417036
11,0,17,10/17/2020,4079,56,3839,Andaman and Nicobar Islands,417036
25,0,20,10/18/2020,4104,56,3859,Andaman and Nicobar Islands,417036
18,0,24,10/19/2020,4122,56,3883,Andaman and Nicobar Islands,417036
15,0,10,10/20/2020,4137,56,3893,Andaman and Nicobar Islands,417036
27,0,11,10/21/2020,4164,56,3904,Andaman and Nicobar Islands,417036
16,1,24,10/22/2020,4180,57,3928,Andaman and Nicobar Islands,417036
1,0,0,3/14/2020,1,0,0,Andhra Pradesh,53903393
0,0,0,3/15/2020,1,0,0,Andhra Pradesh,53903393
0,0,0,3/16/2020,1,0,0,Andhra Pradesh,53903393
0,0,0,3/17/2020,1,0,0,Andhra Pradesh,53903393
0,0,0,3/18/2020,1,0,0,Andhra Pradesh,53903393
2,0,0,3/19/2020,3,0,0,Andhra Pradesh,53903393
0,0,0,3/20/2020,3,0,0,Andhra Pradesh,53903393
2,0,0,3/21/2020,5,0,0,Andhra Pradesh,53903393
1,0,0,3/22/2020,6,0,0,Andhra Pradesh,53903393
1,0,0,3/23/2020,7,0,0,Andhra Pradesh,53903393
1,0,0,3/24/2020,8,0,0,Andhra Pradesh,53903393
2,0,1,3/25/2020,10,0,1,Andhra Pradesh,53903393
1,0,0,3/26/2020,11,0,1,Andhra Pradesh,53903393
2,0,0,3/27/2020,13,0,1,Andhra Pradesh,53903393
6,0,0,3/28/2020,19,0,1,Andhra Pradesh,53903393
2,0,0,3/29/2020,21,0,1,Andhra Pradesh,53903393
2,0,0,3/30/2020,23,0,1,Andhra Pradesh,53903393
21,0,0,3/31/2020,44,0,1,Andhra Pradesh,53903393
67,0,1,4/1/2020,111,0,2,Andhra Pradesh,53903393
38,0,0,4/2/2020,149,0,2,Andhra Pradesh,53903393
15,1,0,4/3/2020,164,1,2,Andhra Pradesh,53903393
28,0,0,4/4/2020,192,1,2,Andhra Pradesh,53903393
64,0,3,4/5/2020,256,1,5,Andhra Pradesh,53903393
47,2,0,4/6/2020,303,3,5,Andhra Pradesh,53903393
11,1,0,4/7/2020,314,4,5,Andhra Pradesh,53903393
34,0,1,4/8/2020,348,4,6,Andhra Pradesh,53903393
15,2,4,4/9/2020,363,6,10,Andhra Pradesh,53903393
18,0,0,4/10/2020,381,6,10,Andhra Pradesh,53903393
24,0,0,4/11/2020,405,6,10,Andhra Pradesh,53903393
15,1,2,4/12/2020,420,7,12,Andhra Pradesh,53903393
19,0,0,4/13/2020,439,7,12,Andhra Pradesh,53903393
45,4,4,4/14/2020,484,11,16,Andhra Pradesh,53903393
41,3,4,4/15/2020,525,14,20,Andhra Pradesh,53903393
9,0,0,4/16/2020,534,14,20,Andhra Pradesh,53903393
38,0,15,4/17/2020,572,14,35,Andhra Pradesh,53903393
31,2,7,4/18/2020,603,16,42,Andhra Pradesh,53903393
44,1,23,4/19/2020,647,17,65,Andhra Pradesh,53903393
75,3,27,4/20/2020,722,20,92,Andhra Pradesh,53903393
35,2,4,4/21/2020,757,22,96,Andhra Pradesh,53903393
56,2,24,4/22/2020,813,24,120,Andhra Pradesh,53903393
80,3,21,4/23/2020,893,27,141,Andhra Pradesh,53903393
62,2,4,4/24/2020,955,29,145,Andhra Pradesh,53903393
61,2,26,4/25/2020,1016,31,171,Andhra Pradesh,53903393
81,0,60,4/26/2020,1097,31,231,Andhra Pradesh,53903393
80,0,4,4/27/2020,1177,31,235,Andhra Pradesh,53903393
82,0,23,4/28/2020,1259,31,258,Andhra Pradesh,53903393
73,0,29,4/29/2020,1332,31,287,Andhra Pradesh,53903393
71,0,34,4/30/2020,1403,31,321,Andhra Pradesh,53903393
60,2,82,5/1/2020,1463,33,403,Andhra Pradesh,53903393
62,0,38,5/2/2020,1525,33,441,Andhra Pradesh,53903393
58,0,47,5/3/2020,1583,33,488,Andhra Pradesh,53903393
67,0,36,5/4/2020,1650,33,524,Andhra Pradesh,53903393
67,1,65,5/5/2020,1717,34,589,Andhra Pradesh,53903393
60,2,140,5/6/2020,1777,36,729,Andhra Pradesh,53903393
56,2,51,5/7/2020,1833,38,780,Andhra Pradesh,53903393
54,3,62,5/8/2020,1887,41,842,Andhra Pradesh,53903393
43,3,45,5/9/2020,1930,44,887,Andhra Pradesh,53903393
50,1,38,5/10/2020,1980,45,925,Andhra Pradesh,53903393
38,0,73,5/11/2020,2018,45,998,Andhra Pradesh,53903393
71,1,58,5/12/2020,2089,46,1056,Andhra Pradesh,53903393
48,1,86,5/13/2020,2137,47,1142,Andhra Pradesh,53903393
68,1,50,5/14/2020,2205,48,1192,Andhra Pradesh,53903393
102,0,60,5/15/2020,2307,48,1252,Andhra Pradesh,53903393
48,1,101,5/16/2020,2355,49,1353,Andhra Pradesh,53903393
25,1,103,5/17/2020,2380,50,1456,Andhra Pradesh,53903393
52,0,96,5/18/2020,2432,50,1552,Andhra Pradesh,53903393
57,2,69,5/19/2020,2489,52,1621,Andhra Pradesh,53903393
71,1,43,5/20/2020,2560,53,1664,Andhra Pradesh,53903393
45,1,41,5/21/2020,2605,54,1705,Andhra Pradesh,53903393
62,1,26,5/22/2020,2667,55,1731,Andhra Pradesh,53903393
47,1,48,5/23/2020,2714,56,1779,Andhra Pradesh,53903393
66,0,62,5/24/2020,2780,56,1841,Andhra Pradesh,53903393
106,0,51,5/25/2020,2886,56,1892,Andhra Pradesh,53903393
97,1,125,5/26/2020,2983,57,2017,Andhra Pradesh,53903393
134,1,48,5/27/2020,3117,58,2065,Andhra Pradesh,53903393
128,1,68,5/28/2020,3245,59,2133,Andhra Pradesh,53903393
85,1,101,5/29/2020,3330,60,2234,Andhra Pradesh,53903393
131,0,55,5/30/2020,3461,60,2289,Andhra Pradesh,53903393
110,2,51,5/31/2020,3571,62,2340,Andhra Pradesh,53903393
105,2,34,6/1/2020,3676,64,2374,Andhra Pradesh,53903393
115,0,40,6/2/2020,3791,64,2414,Andhra Pradesh,53903393
180,4,50,6/3/2020,3971,68,2464,Andhra Pradesh,53903393
141,3,65,6/4/2020,4112,71,2529,Andhra Pradesh,53903393
138,2,36,6/5/2020,4250,73,2565,Andhra Pradesh,53903393
210,0,75,6/6/2020,4460,73,2640,Andhra Pradesh,53903393
199,2,29,6/7/2020,4659,75,2669,Andhra Pradesh,53903393
154,0,42,6/8/2020,4813,75,2711,Andhra Pradesh,53903393
69,2,48,6/9/2020,4882,77,2759,Andhra Pradesh,53903393
365,1,110,6/10/2020,5247,78,2869,Andhra Pradesh,53903393
182,2,99,6/11/2020,5429,80,2968,Andhra Pradesh,53903393
207,0,123,6/12/2020,5636,80,3091,Andhra Pradesh,53903393
222,2,94,6/13/2020,5858,82,3185,Andhra Pradesh,53903393
294,2,131,6/14/2020,6152,84,3316,Andhra Pradesh,53903393
304,2,69,6/15/2020,6456,86,3385,Andhra Pradesh,53903393
264,2,128,6/16/2020,6720,88,3513,Andhra Pradesh,53903393
351,2,128,6/17/2020,7071,90,3641,Andhra Pradesh,53903393
425,2,131,6/18/2020,7496,92,3772,Andhra Pradesh,53903393
465,4,133,6/19/2020,7961,96,3905,Andhra Pradesh,53903393
491,5,206,6/20/2020,8452,101,4111,Andhra Pradesh,53903393
477,5,196,6/21/2020,8929,106,4307,Andhra Pradesh,53903393
443,5,128,6/22/2020,9372,111,4435,Andhra Pradesh,53903393
462,8,157,6/23/2020,9834,119,4592,Andhra Pradesh,53903393
497,10,187,6/24/2020,10331,129,4779,Andhra Pradesh,53903393
553,7,209,6/25/2020,10884,136,4988,Andhra Pradesh,53903393
605,10,208,6/26/2020,11489,146,5196,Andhra Pradesh,53903393
796,11,284,6/27/2020,12285,157,5480,Andhra Pradesh,53903393
813,12,428,6/28/2020,13098,169,5908,Andhra Pradesh,53903393
793,11,324,6/29/2020,13891,180,6232,Andhra Pradesh,53903393
704,7,279,6/30/2020,14595,187,6511,Andhra Pradesh,53903393
657,6,477,7/1/2020,15252,193,6988,Andhra Pradesh,53903393
845,5,325,7/2/2020,16097,198,7313,Andhra Pradesh,53903393
837,8,319,7/3/2020,16934,206,7632,Andhra Pradesh,53903393
765,12,376,7/4/2020,17699,218,8008,Andhra Pradesh,53903393
998,14,414,7/5/2020,18697,232,8422,Andhra Pradesh,53903393
1322,7,498,7/6/2020,20019,239,8920,Andhra Pradesh,53903393
1178,13,825,7/7/2020,21197,252,9745,Andhra Pradesh,53903393
1062,12,1356,7/8/2020,22259,264,11101,Andhra Pradesh,53903393
1555,13,1053,7/9/2020,23814,277,12154,Andhra Pradesh,53903393
1608,15,1040,7/10/2020,25422,292,13194,Andhra Pradesh,53903393
1813,17,1199,7/11/2020,27235,309,14393,Andhra Pradesh,53903393
1933,19,1019,7/12/2020,29168,328,15412,Andhra Pradesh,53903393
1935,37,1052,7/13/2020,31103,365,16464,Andhra Pradesh,53903393
1916,43,1003,7/14/2020,33019,408,17467,Andhra Pradesh,53903393
2432,44,911,7/15/2020,35451,452,18378,Andhra Pradesh,53903393
2593,40,1015,7/16/2020,38044,492,19393,Andhra Pradesh,53903393
2602,42,905,7/17/2020,40646,534,20298,Andhra Pradesh,53903393
3963,52,1465,7/18/2020,44609,586,21763,Andhra Pradesh,53903393
5041,56,1127,7/19/2020,49650,642,22890,Andhra Pradesh,53903393
4074,54,1338,7/20/2020,53724,696,24228,Andhra Pradesh,53903393
4944,62,1346,7/21/2020,58668,758,25574,Andhra Pradesh,53903393
6045,65,6553,7/22/2020,64713,823,32127,Andhra Pradesh,53903393
7998,61,5428,7/23/2020,72711,884,37555,Andhra Pradesh,53903393
8147,49,2380,7/24/2020,80858,933,39935,Andhra Pradesh,53903393
7813,52,3320,7/25/2020,88671,985,43255,Andhra Pradesh,53903393
7627,56,3046,7/26/2020,96298,1041,46301,Andhra Pradesh,53903393
6051,49,3257,7/27/2020,102349,1090,49558,Andhra Pradesh,53903393
7948,58,3064,7/28/2020,110297,1148,52622,Andhra Pradesh,53903393
10093,65,2784,7/29/2020,120390,1213,55406,Andhra Pradesh,53903393
10167,68,4618,7/30/2020,130557,1281,60024,Andhra Pradesh,53903393
10376,68,3840,7/31/2020,140933,1349,63864,Andhra Pradesh,53903393
9276,58,12750,8/1/2020,150209,1407,76614,Andhra Pradesh,53903393
8555,67,6272,8/2/2020,158764,1474,82886,Andhra Pradesh,53903393
7822,63,5786,8/3/2020,166586,1537,88672,Andhra Pradesh,53903393
9747,67,6953,8/4/2020,176333,1604,95625,Andhra Pradesh,53903393
10128,77,8729,8/5/2020,186461,1681,104354,Andhra Pradesh,53903393
10328,72,8516,8/6/2020,196789,1753,112870,Andhra Pradesh,53903393
10171,89,7594,8/7/2020,206960,1842,120464,Andhra Pradesh,53903393
10080,97,9151,8/8/2020,217040,1939,129615,Andhra Pradesh,53903393
10820,97,9097,8/9/2020,227860,2036,138712,Andhra Pradesh,53903393
7665,80,6924,8/10/2020,235525,2116,145636,Andhra Pradesh,53903393
9024,87,9113,8/11/2020,244549,2203,154749,Andhra Pradesh,53903393
9597,93,6676,8/12/2020,254146,2296,161425,Andhra Pradesh,53903393
9996,82,9499,8/13/2020,264142,2378,170924,Andhra Pradesh,53903393
8943,97,9779,8/14/2020,273085,2475,180703,Andhra Pradesh,53903393
8732,87,10414,8/15/2020,281817,2562,191117,Andhra Pradesh,53903393
8012,88,10117,8/16/2020,289829,2650,201234,Andhra Pradesh,53903393
6780,82,7866,8/17/2020,296609,2732,209100,Andhra Pradesh,53903393
9652,88,9211,8/18/2020,306261,2820,218311,Andhra Pradesh,53903393
9742,86,8061,8/19/2020,316003,2906,226372,Andhra Pradesh,53903393
9393,95,8846,8/20/2020,325396,3001,235218,Andhra Pradesh,53903393
9544,91,8827,8/21/2020,334940,3092,244045,Andhra Pradesh,53903393
10276,97,8593,8/22/2020,345216,3189,252638,Andhra Pradesh,53903393
7895,93,7449,8/23/2020,353111,3282,260087,Andhra Pradesh,53903393
8601,86,8741,8/24/2020,361712,3368,268828,Andhra Pradesh,53903393
9927,92,9419,8/25/2020,371639,3460,278247,Andhra Pradesh,53903393
10830,81,8473,8/26/2020,382469,3541,286720,Andhra Pradesh,53903393
10621,92,8528,8/27/2020,393090,3633,295248,Andhra Pradesh,53903393
10526,81,8463,8/28/2020,403616,3714,303711,Andhra Pradesh,53903393
10548,82,8976,8/29/2020,414164,3796,312687,Andhra Pradesh,53903393
10603,88,9067,8/30/2020,424767,3884,321754,Andhra Pradesh,53903393
10004,85,8772,8/31/2020,434771,3969,330526,Andhra Pradesh,53903393
10368,84,9350,9/1/2020,445139,4053,339876,Andhra Pradesh,53903393
10392,72,8454,9/2/2020,455531,4125,348330,Andhra Pradesh,53903393
10199,75,9499,9/3/2020,465730,4200,357829,Andhra Pradesh,53903393
10776,76,12334,9/4/2020,476506,4276,370163,Andhra Pradesh,53903393
10825,71,11941,9/5/2020,487331,4347,382104,Andhra Pradesh,53903393
10794,70,11915,9/6/2020,498125,4417,394019,Andhra Pradesh,53903393
8368,70,10055,9/7/2020,506493,4487,404074,Andhra Pradesh,53903393
10601,73,11691,9/8/2020,517094,4560,415765,Andhra Pradesh,53903393
10418,74,9842,9/9/2020,527512,4634,425607,Andhra Pradesh,53903393
10175,68,10040,9/10/2020,537687,4702,435647,Andhra Pradesh,53903393
9999,77,11069,9/11/2020,547686,4779,446716,Andhra Pradesh,53903393
9901,67,10292,9/12/2020,557587,4846,457008,Andhra Pradesh,53903393
9536,66,10131,9/13/2020,567123,4912,467139,Andhra Pradesh,53903393
7956,60,9764,9/14/2020,575079,4972,476903,Andhra Pradesh,53903393
8846,69,9628,9/15/2020,583925,5041,486531,Andhra Pradesh,53903393
8835,64,10845,9/16/2020,592760,5105,497376,Andhra Pradesh,53903393
8702,72,10712,9/17/2020,601462,5177,508088,Andhra Pradesh,53903393
8096,67,11803,9/18/2020,609558,5244,519891,Andhra Pradesh,53903393
8218,58,10820,9/19/2020,617776,5302,530711,Andhra Pradesh,53903393
7738,57,10608,9/20/2020,625514,5359,541319,Andhra Pradesh,53903393
6235,51,10502,9/21/2020,631749,5410,551821,Andhra Pradesh,53903393
7553,51,10555,9/22/2020,639302,5461,562376,Andhra Pradesh,53903393
7228,45,8291,9/23/2020,646530,5506,570667,Andhra Pradesh,53903393
7855,52,8807,9/24/2020,654385,5558,579474,Andhra Pradesh,53903393
7073,48,8695,9/25/2020,661458,5606,588169,Andhra Pradesh,53903393
7293,57,9125,9/26/2020,668751,5663,597294,Andhra Pradesh,53903393
6923,45,7796,9/27/2020,675674,5708,605090,Andhra Pradesh,53903393
5487,37,7210,9/28/2020,681161,5745,612300,Andhra Pradesh,53903393
6190,35,9836,9/29/2020,687351,5780,622136,Andhra Pradesh,53903393
6133,48,7075,9/30/2020,693484,5828,629211,Andhra Pradesh,53903393
6751,41,7297,10/1/2020,700235,5869,636508,Andhra Pradesh,53903393
6555,31,7485,10/2/2020,706790,5900,643993,Andhra Pradesh,53903393
6224,41,7798,10/3/2020,713014,5941,651791,Andhra Pradesh,53903393
6242,40,7084,10/4/2020,719256,5981,658875,Andhra Pradesh,53903393
4256,38,7558,10/5/2020,723512,6019,666433,Andhra Pradesh,53903393
5795,33,6046,10/6/2020,729307,6052,672479,Andhra Pradesh,53903393
5120,34,6349,10/7/2020,734427,6086,678828,Andhra Pradesh,53903393
5292,42,6102,10/8/2020,739719,6128,684930,Andhra Pradesh,53903393
5145,31,6110,10/9/2020,744864,6159,691040,Andhra Pradesh,53903393
5653,35,6659,10/10/2020,750517,6194,697699,Andhra Pradesh,53903393
5210,30,5509,10/11/2020,755727,6224,703208,Andhra Pradesh,53903393
3224,32,5504,10/12/2020,758951,6256,708712,Andhra Pradesh,53903393
4622,35,5715,10/13/2020,763573,6291,714427,Andhra Pradesh,53903393
3892,28,5050,10/14/2020,767465,6319,719477,Andhra Pradesh,53903393
4038,38,5622,10/15/2020,771503,6357,725099,Andhra Pradesh,53903393
3967,25,5010,10/16/2020,775470,6382,730109,Andhra Pradesh,53903393
3676,24,5529,10/17/2020,779146,6406,735638,Andhra Pradesh,53903393
3986,23,4591,10/18/2020,783132,6429,740229,Andhra Pradesh,53903393
2918,24,4303,10/19/2020,786050,6453,744532,Andhra Pradesh,53903393
3503,28,5144,10/20/2020,789553,6481,749676,Andhra Pradesh,53903393
3746,27,4739,10/21/2020,793299,6508,754415,Andhra Pradesh,53903393
3620,16,3723,10/22/2020,796919,6524,758138,Andhra Pradesh,53903393
0,0,0,3/14/2020,0,0,0,Arunachal Pradesh,1570458
0,0,0,3/15/2020,0,0,0,Arunachal Pradesh,1570458
0,0,0,3/16/2020,0,0,0,Arunachal Pradesh,1570458
0,0,0,3/17/2020,0,0,0,Arunachal Pradesh,1570458
0,0,0,3/18/2020,0,0,0,Arunachal Pradesh,1570458
0,0,0,3/19/2020,0,0,0,Arunachal Pradesh,1570458
0,0,0,3/20/2020,0,0,0,Arunachal Pradesh,1570458
0,0,0,3/21/2020,0,0,0,Arunachal Pradesh,1570458
0,0,0,3/22/2020,0,0,0,Arunachal Pradesh,1570458
0,0,0,3/23/2020,0,0,0,Arunachal Pradesh,1570458
0,0,0,3/24/2020,0,0,0,Arunachal Pradesh,1570458
0,0,0,3/25/2020,0,0,0,Arunachal Pradesh,1570458
0,0,0,3/26/2020,0,0,0,Arunachal Pradesh,1570458
0,0,0,3/27/2020,0,0,0,Arunachal Pradesh,1570458
0,0,0,3/28/2020,0,0,0,Arunachal Pradesh,1570458
0,0,0,3/29/2020,0,0,0,Arunachal Pradesh,1570458
0,0,0,3/30/2020,0,0,0,Arunachal Pradesh,1570458
0,0,0,3/31/2020,0,0,0,Arunachal Pradesh,1570458
0,0,0,4/1/2020,0,0,0,Arunachal Pradesh,1570458
1,0,0,4/2/2020,1,0,0,Arunachal Pradesh,1570458
0,0,0,4/3/2020,1,0,0,Arunachal Pradesh,1570458
0,0,0,4/4/2020,1,0,0,Arunachal Pradesh,1570458
0,0,0,4/5/2020,1,0,0,Arunachal Pradesh,1570458
0,0,0,4/6/2020,1,0,0,Arunachal Pradesh,1570458
0,0,0,4/7/2020,1,0,0,Arunachal Pradesh,1570458
0,0,0,4/8/2020,1,0,0,Arunachal Pradesh,1570458
0,0,0,4/9/2020,1,0,0,Arunachal Pradesh,1570458
0,0,0,4/10/2020,1,0,0,Arunachal Pradesh,1570458
0,0,0,4/11/2020,1,0,0,Arunachal Pradesh,1570458
0,0,0,4/12/2020,1,0,0,Arunachal Pradesh,1570458
0,0,0,4/13/2020,1,0,0,Arunachal Pradesh,1570458
0,0,0,4/14/2020,1,0,0,Arunachal Pradesh,1570458
0,0,1,4/15/2020,1,0,1,Arunachal Pradesh,1570458
0,0,0,4/16/2020,1,0,1,Arunachal Pradesh,1570458
0,0,0,4/17/2020,1,0,1,Arunachal Pradesh,1570458
0,0,0,4/18/2020,1,0,1,Arunachal Pradesh,1570458
0,0,0,4/19/2020,1,0,1,Arunachal Pradesh,1570458
0,0,0,4/20/2020,1,0,1,Arunachal Pradesh,1570458
0,0,0,4/21/2020,1,0,1,Arunachal Pradesh,1570458
0,0,0,4/22/2020,1,0,1,Arunachal Pradesh,1570458
0,0,0,4/23/2020,1,0,1,Arunachal Pradesh,1570458
0,0,0,4/24/2020,1,0,1,Arunachal Pradesh,1570458
0,0,0,4/25/2020,1,0,1,Arunachal Pradesh,1570458
0,0,0,4/26/2020,1,0,1,Arunachal Pradesh,1570458
0,0,0,4/27/2020,1,0,1,Arunachal Pradesh,1570458
0,0,0,4/28/2020,1,0,1,Arunachal Pradesh,1570458
0,0,0,4/29/2020,1,0,1,Arunachal Pradesh,1570458
0,0,0,4/30/2020,1,0,1,Arunachal Pradesh,1570458
0,0,0,5/1/2020,1,0,1,Arunachal Pradesh,1570458
0,0,0,5/2/2020,1,0,1,Arunachal Pradesh,1570458
0,0,0,5/3/2020,1,0,1,Arunachal Pradesh,1570458
0,0,0,5/4/2020,1,0,1,Arunachal Pradesh,1570458
0,0,0,5/5/2020,1,0,1,Arunachal Pradesh,1570458
0,0,0,5/6/2020,1,0,1,Arunachal Pradesh,1570458
0,0,0,5/7/2020,1,0,1,Arunachal Pradesh,1570458
0,0,0,5/8/2020,1,0,1,Arunachal Pradesh,1570458
0,0,0,5/9/2020,1,0,1,Arunachal Pradesh,1570458
0,0,0,5/10/2020,1,0,1,Arunachal Pradesh,1570458
0,0,0,5/11/2020,1,0,1,Arunachal Pradesh,1570458
0,0,0,5/12/2020,1,0,1,Arunachal Pradesh,1570458
0,0,0,5/13/2020,1,0,1,Arunachal Pradesh,1570458
0,0,0,5/14/2020,1,0,1,Arunachal Pradesh,1570458
0,0,0,5/15/2020,1,0,1,Arunachal Pradesh,1570458
0,0,0,5/16/2020,1,0,1,Arunachal Pradesh,1570458
0,0,0,5/17/2020,1,0,1,Arunachal Pradesh,1570458
0,0,0,5/18/2020,1,0,1,Arunachal Pradesh,1570458
0,0,0,5/19/2020,1,0,1,Arunachal Pradesh,1570458
0,0,0,5/20/2020,1,0,1,Arunachal Pradesh,1570458
0,0,0,5/21/2020,1,0,1,Arunachal Pradesh,1570458
0,0,0,5/22/2020,1,0,1,Arunachal Pradesh,1570458
0,0,0,5/23/2020,1,0,1,Arunachal Pradesh,1570458
1,0,0,5/24/2020,2,0,1,Arunachal Pradesh,1570458
0,0,0,5/25/2020,2,0,1,Arunachal Pradesh,1570458
0,0,0,5/26/2020,2,0,1,Arunachal Pradesh,1570458
0,0,0,5/27/2020,2,0,1,Arunachal Pradesh,1570458
1,0,0,5/28/2020,3,0,1,Arunachal Pradesh,1570458
0,0,0,5/29/2020,3,0,1,Arunachal Pradesh,1570458
1,0,0,5/30/2020,4,0,1,Arunachal Pradesh,1570458
0,0,0,5/31/2020,4,0,1,Arunachal Pradesh,1570458
18,0,0,6/1/2020,22,0,1,Arunachal Pradesh,1570458
2,0,0,6/2/2020,24,0,1,Arunachal Pradesh,1570458
10,0,0,6/3/2020,34,0,1,Arunachal Pradesh,1570458
5,0,0,6/4/2020,39,0,1,Arunachal Pradesh,1570458
4,0,0,6/5/2020,43,0,1,Arunachal Pradesh,1570458
2,0,0,6/6/2020,45,0,1,Arunachal Pradesh,1570458
3,0,0,6/7/2020,48,0,1,Arunachal Pradesh,1570458
6,0,0,6/8/2020,54,0,1,Arunachal Pradesh,1570458
0,0,1,6/9/2020,54,0,2,Arunachal Pradesh,1570458
4,0,2,6/10/2020,58,0,4,Arunachal Pradesh,1570458
6,0,0,6/11/2020,64,0,4,Arunachal Pradesh,1570458
19,0,0,6/12/2020,83,0,4,Arunachal Pradesh,1570458
5,0,2,6/13/2020,88,0,6,Arunachal Pradesh,1570458
3,0,1,6/14/2020,91,0,7,Arunachal Pradesh,1570458
4,0,0,6/15/2020,95,0,7,Arunachal Pradesh,1570458
4,0,0,6/16/2020,99,0,7,Arunachal Pradesh,1570458
4,0,3,6/17/2020,103,0,10,Arunachal Pradesh,1570458
0,0,1,6/18/2020,103,0,11,Arunachal Pradesh,1570458
32,0,3,6/19/2020,135,0,14,Arunachal Pradesh,1570458
0,0,1,6/20/2020,135,0,15,Arunachal Pradesh,1570458
4,0,6,6/21/2020,139,0,21,Arunachal Pradesh,1570458
9,0,1,6/22/2020,148,0,22,Arunachal Pradesh,1570458
10,0,16,6/23/2020,158,0,38,Arunachal Pradesh,1570458
2,1,0,6/24/2020,160,1,38,Arunachal Pradesh,1570458
12,0,4,6/25/2020,172,1,42,Arunachal Pradesh,1570458
2,0,7,6/26/2020,174,1,49,Arunachal Pradesh,1570458
3,0,5,6/27/2020,177,1,54,Arunachal Pradesh,1570458
5,0,6,6/28/2020,182,1,60,Arunachal Pradesh,1570458
5,0,1,6/29/2020,187,1,61,Arunachal Pradesh,1570458
4,0,1,6/30/2020,191,1,62,Arunachal Pradesh,1570458
4,0,4,7/1/2020,195,1,66,Arunachal Pradesh,1570458
37,0,5,7/2/2020,232,1,71,Arunachal Pradesh,1570458
20,0,4,7/3/2020,252,1,75,Arunachal Pradesh,1570458
7,0,1,7/4/2020,259,1,76,Arunachal Pradesh,1570458
10,0,2,7/5/2020,269,1,78,Arunachal Pradesh,1570458
1,1,14,7/6/2020,270,2,92,Arunachal Pradesh,1570458
6,0,13,7/7/2020,276,2,105,Arunachal Pradesh,1570458
11,0,4,7/8/2020,287,2,109,Arunachal Pradesh,1570458
15,0,11,7/9/2020,302,2,120,Arunachal Pradesh,1570458
33,0,0,7/10/2020,335,2,120,Arunachal Pradesh,1570458
6,0,5,7/11/2020,341,2,125,Arunachal Pradesh,1570458
19,0,13,7/12/2020,360,2,138,Arunachal Pradesh,1570458
27,1,7,7/13/2020,387,3,145,Arunachal Pradesh,1570458
75,0,8,7/14/2020,462,3,153,Arunachal Pradesh,1570458
29,0,0,7/15/2020,491,3,153,Arunachal Pradesh,1570458
52,0,0,7/16/2020,543,3,153,Arunachal Pradesh,1570458
66,0,22,7/17/2020,609,3,175,Arunachal Pradesh,1570458
41,0,99,7/18/2020,650,3,274,Arunachal Pradesh,1570458
90,0,8,7/19/2020,740,3,282,Arunachal Pradesh,1570458
50,0,3,7/20/2020,790,3,285,Arunachal Pradesh,1570458
68,0,18,7/21/2020,858,3,303,Arunachal Pradesh,1570458
91,0,11,7/22/2020,949,3,314,Arunachal Pradesh,1570458
42,0,20,7/23/2020,991,3,334,Arunachal Pradesh,1570458
65,0,58,7/24/2020,1056,3,392,Arunachal Pradesh,1570458
70,0,36,7/25/2020,1126,3,428,Arunachal Pradesh,1570458
32,0,77,7/26/2020,1158,3,505,Arunachal Pradesh,1570458
81,0,69,7/27/2020,1239,3,574,Arunachal Pradesh,1570458
91,0,43,7/28/2020,1330,3,617,Arunachal Pradesh,1570458
80,0,60,7/29/2020,1410,3,677,Arunachal Pradesh,1570458
74,0,150,7/30/2020,1484,3,827,Arunachal Pradesh,1570458
107,0,91,7/31/2020,1591,3,918,Arunachal Pradesh,1570458
83,0,51,8/1/2020,1674,3,969,Arunachal Pradesh,1570458
24,0,27,8/2/2020,1698,3,996,Arunachal Pradesh,1570458
60,0,67,8/3/2020,1758,3,1063,Arunachal Pradesh,1570458
32,0,42,8/4/2020,1790,3,1105,Arunachal Pradesh,1570458
65,0,105,8/5/2020,1855,3,1210,Arunachal Pradesh,1570458
93,0,35,8/6/2020,1948,3,1245,Arunachal Pradesh,1570458
101,0,81,8/7/2020,2049,3,1326,Arunachal Pradesh,1570458
68,0,104,8/8/2020,2117,3,1430,Arunachal Pradesh,1570458
38,0,52,8/9/2020,2155,3,1482,Arunachal Pradesh,1570458
76,0,110,8/10/2020,2231,3,1592,Arunachal Pradesh,1570458
96,0,42,8/11/2020,2327,3,1634,Arunachal Pradesh,1570458
103,0,25,8/12/2020,2430,3,1659,Arunachal Pradesh,1570458
82,1,59,8/13/2020,2512,4,1718,Arunachal Pradesh,1570458
95,1,32,8/14/2020,2607,5,1750,Arunachal Pradesh,1570458
51,0,21,8/15/2020,2658,5,1771,Arunachal Pradesh,1570458
43,0,37,8/16/2020,2701,5,1808,Arunachal Pradesh,1570458
40,0,85,8/17/2020,2741,5,1893,Arunachal Pradesh,1570458
134,0,56,8/18/2020,2875,5,1949,Arunachal Pradesh,1570458
75,0,73,8/19/2020,2950,5,2022,Arunachal Pradesh,1570458
116,0,71,8/20/2020,3066,5,2093,Arunachal Pradesh,1570458
60,0,32,8/21/2020,3126,5,2125,Arunachal Pradesh,1570458
97,0,103,8/22/2020,3223,5,2228,Arunachal Pradesh,1570458
40,0,69,8/23/2020,3263,5,2297,Arunachal Pradesh,1570458
49,0,130,8/24/2020,3312,5,2427,Arunachal Pradesh,1570458
100,0,81,8/25/2020,3412,5,2508,Arunachal Pradesh,1570458
143,0,55,8/26/2020,3555,5,2563,Arunachal Pradesh,1570458
78,0,58,8/27/2020,3633,5,2621,Arunachal Pradesh,1570458
112,2,88,8/28/2020,3745,7,2709,Arunachal Pradesh,1570458
132,0,45,8/29/2020,3877,7,2754,Arunachal Pradesh,1570458
157,0,68,8/30/2020,4034,7,2822,Arunachal Pradesh,1570458
78,0,63,8/31/2020,4112,7,2885,Arunachal Pradesh,1570458
100,0,94,9/1/2020,4212,7,2979,Arunachal Pradesh,1570458
148,0,96,9/2/2020,4360,7,3075,Arunachal Pradesh,1570458
214,1,92,9/3/2020,4574,8,3167,Arunachal Pradesh,1570458
201,0,113,9/4/2020,4775,8,3280,Arunachal Pradesh,1570458
139,0,101,9/5/2020,4914,8,3381,Arunachal Pradesh,1570458
86,0,91,9/6/2020,5000,8,3472,Arunachal Pradesh,1570458
180,0,124,9/7/2020,5180,8,3596,Arunachal Pradesh,1570458
221,1,127,9/8/2020,5401,9,3723,Arunachal Pradesh,1570458
144,0,183,9/9/2020,5545,9,3906,Arunachal Pradesh,1570458
127,0,99,9/10/2020,5672,9,4005,Arunachal Pradesh,1570458
153,1,121,9/11/2020,5825,10,4126,Arunachal Pradesh,1570458
136,0,127,9/12/2020,5961,10,4253,Arunachal Pradesh,1570458
160,0,126,9/13/2020,6121,10,4379,Arunachal Pradesh,1570458
176,1,152,9/14/2020,6297,11,4531,Arunachal Pradesh,1570458
169,2,127,9/15/2020,6466,13,4658,Arunachal Pradesh,1570458
226,0,129,9/16/2020,6692,13,4787,Arunachal Pradesh,1570458
159,0,180,9/17/2020,6851,13,4967,Arunachal Pradesh,1570458
154,0,139,9/18/2020,7005,13,5106,Arunachal Pradesh,1570458
245,0,174,9/19/2020,7250,13,5280,Arunachal Pradesh,1570458
135,0,128,9/20/2020,7385,13,5408,Arunachal Pradesh,1570458
210,0,235,9/21/2020,7595,13,5643,Arunachal Pradesh,1570458
249,1,135,9/22/2020,7844,14,5778,Arunachal Pradesh,1570458
289,0,125,9/23/2020,8133,14,5903,Arunachal Pradesh,1570458
283,0,168,9/24/2020,8416,14,6071,Arunachal Pradesh,1570458
255,0,159,9/25/2020,8671,14,6230,Arunachal Pradesh,1570458
198,0,167,9/26/2020,8869,14,6397,Arunachal Pradesh,1570458
135,0,98,9/27/2020,9004,14,6495,Arunachal Pradesh,1570458
328,1,97,9/28/2020,9332,15,6592,Arunachal Pradesh,1570458
221,1,151,9/29/2020,9553,16,6743,Arunachal Pradesh,1570458
243,0,147,9/30/2020,9796,16,6890,Arunachal Pradesh,1570458
224,0,159,10/1/2020,10020,16,7049,Arunachal Pradesh,1570458
200,2,134,10/2/2020,10220,18,7183,Arunachal Pradesh,1570458
201,0,205,10/3/2020,10421,18,7388,Arunachal Pradesh,1570458
127,0,189,10/4/2020,10548,18,7577,Arunachal Pradesh,1570458
235,1,198,10/5/2020,10783,19,7775,Arunachal Pradesh,1570458
224,1,190,10/6/2020,11007,20,7965,Arunachal Pradesh,1570458
260,1,431,10/7/2020,11267,21,8396,Arunachal Pradesh,1570458
212,1,283,10/8/2020,11479,22,8679,Arunachal Pradesh,1570458
281,1,198,10/9/2020,11760,23,8877,Arunachal Pradesh,1570458
238,0,158,10/10/2020,11998,23,9035,Arunachal Pradesh,1570458
149,1,197,10/11/2020,12147,24,9232,Arunachal Pradesh,1570458
220,0,171,10/12/2020,12367,24,9403,Arunachal Pradesh,1570458
194,4,170,10/13/2020,12561,28,9573,Arunachal Pradesh,1570458
207,1,121,10/14/2020,12768,29,9694,Arunachal Pradesh,1570458
203,1,195,10/15/2020,12971,30,9889,Arunachal Pradesh,1570458
198,0,182,10/16/2020,13169,30,10071,Arunachal Pradesh,1570458
179,0,244,10/17/2020,13348,30,10315,Arunachal Pradesh,1570458
57,0,237,10/18/2020,13405,30,10552,Arunachal Pradesh,1570458
238,0,228,10/19/2020,13643,30,10780,Arunachal Pradesh,1570458
135,1,255,10/20/2020,13778,31,11035,Arunachal Pradesh,1570458
134,0,164,10/21/2020,13912,31,11199,Arunachal Pradesh,1570458
165,1,208,10/22/2020,14077,32,11407,Arunachal Pradesh,1570458
0,0,0,3/14/2020,0,0,0,Assam,35607039
0,0,0,3/15/2020,0,0,0,Assam,35607039
0,0,0,3/16/2020,0,0,0,Assam,35607039
0,0,0,3/17/2020,0,0,0,Assam,35607039
0,0,0,3/18/2020,0,0,0,Assam,35607039
0,0,0,3/19/2020,0,0,0,Assam,35607039
0,0,0,3/20/2020,0,0,0,Assam,35607039
0,0,0,3/21/2020,0,0,0,Assam,35607039
0,0,0,3/22/2020,0,0,0,Assam,35607039
0,0,0,3/23/2020,0,0,0,Assam,35607039
0,0,0,3/24/2020,0,0,0,Assam,35607039
0,0,0,3/25/2020,0,0,0,Assam,35607039
0,0,0,3/26/2020,0,0,0,Assam,35607039
0,0,0,3/27/2020,0,0,0,Assam,35607039
0,0,0,3/28/2020,0,0,0,Assam,35607039
0,0,0,3/29/2020,0,0,0,Assam,35607039
0,0,0,3/30/2020,0,0,0,Assam,35607039
1,0,0,3/31/2020,1,0,0,Assam,35607039
15,0,0,4/1/2020,16,0,0,Assam,35607039
0,0,0,4/2/2020,16,0,0,Assam,35607039
7,0,0,4/3/2020,23,0,0,Assam,35607039
3,0,0,4/4/2020,26,0,0,Assam,35607039
0,0,0,4/5/2020,26,0,0,Assam,35607039
0,0,0,4/6/2020,26,0,0,Assam,35607039
2,0,0,4/7/2020,28,0,0,Assam,35607039
0,0,0,4/8/2020,28,0,0,Assam,35607039
1,0,0,4/9/2020,29,0,0,Assam,35607039
0,1,0,4/10/2020,29,1,0,Assam,35607039
0,0,0,4/11/2020,29,1,0,Assam,35607039
1,0,0,4/12/2020,30,1,0,Assam,35607039
2,0,0,4/13/2020,32,1,0,Assam,35607039
1,0,0,4/14/2020,33,1,0,Assam,35607039
0,0,2,4/15/2020,33,1,2,Assam,35607039
2,0,3,4/16/2020,35,1,5,Assam,35607039
0,0,4,4/17/2020,35,1,9,Assam,35607039
0,0,3,4/18/2020,35,1,12,Assam,35607039
0,0,5,4/19/2020,35,1,17,Assam,35607039
0,0,2,4/20/2020,35,1,19,Assam,35607039
0,0,0,4/21/2020,35,1,19,Assam,35607039
0,0,0,4/22/2020,35,1,19,Assam,35607039
1,0,0,4/23/2020,36,1,19,Assam,35607039
0,0,0,4/24/2020,36,1,19,Assam,35607039
0,0,0,4/25/2020,36,1,19,Assam,35607039
0,0,8,4/26/2020,36,1,27,Assam,35607039
0,0,0,4/27/2020,36,1,27,Assam,35607039
2,0,0,4/28/2020,38,1,27,Assam,35607039
0,0,2,4/29/2020,38,1,29,Assam,35607039
5,0,0,4/30/2020,43,1,29,Assam,35607039
0,0,4,5/1/2020,43,1,33,Assam,35607039
0,0,0,5/2/2020,43,1,33,Assam,35607039
0,0,0,5/3/2020,43,1,33,Assam,35607039
0,0,0,5/4/2020,43,1,33,Assam,35607039
2,0,0,5/5/2020,45,1,33,Assam,35607039
1,0,2,5/6/2020,46,1,35,Assam,35607039
8,0,0,5/7/2020,54,1,35,Assam,35607039
6,1,0,5/8/2020,60,2,35,Assam,35607039
2,-1,0,5/9/2020,62,1,35,Assam,35607039
1,0,0,5/10/2020,63,1,35,Assam,35607039
2,0,5,5/11/2020,65,1,40,Assam,35607039
0,0,0,5/12/2020,65,1,40,Assam,35607039
15,0,0,5/13/2020,80,1,40,Assam,35607039
7,0,0,5/14/2020,87,1,40,Assam,35607039
3,0,1,5/15/2020,90,1,41,Assam,35607039
3,0,0,5/16/2020,93,1,41,Assam,35607039
8,0,1,5/17/2020,101,1,42,Assam,35607039
15,2,0,5/18/2020,116,3,42,Assam,35607039
42,0,0,5/19/2020,158,3,42,Assam,35607039
31,0,7,5/20/2020,189,3,49,Assam,35607039
22,0,6,5/21/2020,211,3,55,Assam,35607039
15,0,0,5/22/2020,226,3,55,Assam,35607039
121,0,2,5/23/2020,347,3,57,Assam,35607039
46,0,1,5/24/2020,393,3,58,Assam,35607039
156,0,5,5/25/2020,549,3,63,Assam,35607039
134,0,0,5/26/2020,683,3,63,Assam,35607039
101,0,25,5/27/2020,784,3,88,Assam,35607039
97,0,16,5/28/2020,881,3,104,Assam,35607039
177,0,22,5/29/2020,1058,3,126,Assam,35607039
159,0,38,5/30/2020,1217,3,164,Assam,35607039
123,0,22,5/31/2020,1340,3,186,Assam,35607039
146,0,99,6/1/2020,1486,3,285,Assam,35607039
74,0,53,6/2/2020,1560,3,338,Assam,35607039
271,0,76,6/3/2020,1831,3,414,Assam,35607039
285,0,46,6/4/2020,2116,3,460,Assam,35607039
128,0,50,6/5/2020,2244,3,510,Assam,35607039
230,0,79,6/6/2020,2474,3,589,Assam,35607039
208,0,48,6/7/2020,2682,3,637,Assam,35607039
154,0,148,6/8/2020,2836,3,785,Assam,35607039
215,1,312,6/9/2020,3051,4,1097,Assam,35607039
235,1,152,6/10/2020,3286,5,1249,Assam,35607039
145,0,184,6/11/2020,3431,5,1433,Assam,35607039
263,2,152,6/12/2020,3694,7,1585,Assam,35607039
207,0,221,6/13/2020,3901,7,1806,Assam,35607039
218,0,155,6/14/2020,4119,7,1961,Assam,35607039
191,0,245,6/15/2020,4310,7,2206,Assam,35607039
201,0,206,6/16/2020,4511,7,2412,Assam,35607039
184,0,231,6/17/2020,4695,7,2643,Assam,35607039
209,1,206,6/18/2020,4904,8,2849,Assam,35607039
0,0,218,6/19/2020,4904,8,3067,Assam,35607039
249,0,136,6/20/2020,5153,8,3203,Assam,35607039
332,0,202,6/21/2020,5485,8,3405,Assam,35607039
267,0,161,6/22/2020,5752,8,3566,Assam,35607039
203,0,197,6/23/2020,5955,8,3763,Assam,35607039
226,0,196,6/24/2020,6181,8,3959,Assam,35607039
364,0,75,6/25/2020,6545,8,4034,Assam,35607039
273,0,214,6/26/2020,6818,8,4248,Assam,35607039
246,1,567,6/27/2020,7064,9,4815,Assam,35607039
327,1,274,6/28/2020,7391,10,5089,Assam,35607039
302,0,245,6/29/2020,7693,10,5334,Assam,35607039
613,1,314,6/30/2020,8306,11,5648,Assam,35607039
548,0,184,7/1/2020,8854,11,5832,Assam,35607039
479,2,275,7/2/2020,9333,13,6107,Assam,35607039
365,0,221,7/3/2020,9698,13,6328,Assam,35607039
1202,0,416,7/4/2020,10900,13,6744,Assam,35607039
735,0,690,7/5/2020,11635,13,7434,Assam,35607039
786,0,508,7/6/2020,12421,13,7942,Assam,35607039
814,2,388,7/7/2020,13235,15,8330,Assam,35607039
696,6,397,7/8/2020,13931,21,8727,Assam,35607039
568,5,421,7/9/2020,14499,26,9148,Assam,35607039
936,8,701,7/10/2020,15435,34,9849,Assam,35607039
535,2,578,7/11/2020,15970,36,10427,Assam,35607039
735,4,468,7/12/2020,16705,40,10895,Assam,35607039
1001,4,522,7/13/2020,17706,44,11417,Assam,35607039
859,6,757,7/14/2020,18565,50,12174,Assam,35607039
1088,2,715,7/15/2020,19653,52,12889,Assam,35607039
892,2,666,7/16/2020,20545,54,13555,Assam,35607039
1218,1,551,7/17/2020,21763,55,14106,Assam,35607039
1117,2,1060,7/18/2020,22880,57,15166,Assam,35607039
1018,4,858,7/19/2020,23898,61,16024,Assam,35607039
1093,1,1072,7/20/2020,24991,62,17096,Assam,35607039
1680,6,938,7/21/2020,26671,68,18034,Assam,35607039
972,2,1317,7/22/2020,27643,70,19351,Assam,35607039
1047,4,1349,7/23/2020,28690,74,20700,Assam,35607039
1130,6,1062,7/24/2020,29820,80,21762,Assam,35607039
1165,1,1294,7/25/2020,30985,81,23056,Assam,35607039
1142,2,985,7/26/2020,32127,83,24041,Assam,35607039
1348,7,1362,7/27/2020,33475,90,25403,Assam,35607039
1371,2,1216,7/28/2020,34846,92,26619,Assam,35607039
1348,4,1214,7/29/2020,36194,96,27833,Assam,35607039
2112,2,1248,7/30/2020,38306,98,29081,Assam,35607039
1862,4,1277,7/31/2020,40168,102,30358,Assam,35607039
1457,3,1085,8/1/2020,41625,105,31443,Assam,35607039
1178,4,942,8/2/2020,42803,109,32385,Assam,35607039
2371,4,1044,8/3/2020,45174,113,33429,Assam,35607039
2886,6,993,8/4/2020,48060,119,34422,Assam,35607039
2284,6,1471,8/5/2020,50344,125,35893,Assam,35607039
2372,5,1332,8/6/2020,52716,130,37225,Assam,35607039
2679,6,1585,8/7/2020,55395,136,38810,Assam,35607039
2218,8,1782,8/8/2020,57613,144,40592,Assam,35607039
1123,5,1734,8/9/2020,58736,149,42326,Assam,35607039
2900,6,1261,8/10/2020,61636,155,43587,Assam,35607039
2669,4,1487,8/11/2020,64305,159,45074,Assam,35607039
4593,6,2136,8/12/2020,68898,165,47210,Assam,35607039
2796,8,2174,8/13/2020,71694,173,49384,Assam,35607039
2706,6,2310,8/14/2020,74400,179,51694,Assam,35607039
1057,7,1593,8/15/2020,75457,186,53287,Assam,35607039
1317,7,1929,8/16/2020,76774,193,55216,Assam,35607039
2792,8,1519,8/17/2020,79566,201,56735,Assam,35607039
2534,6,1560,8/18/2020,82100,207,58295,Assam,35607039
2116,10,2054,8/19/2020,84216,217,60349,Assam,35607039
1735,8,2772,8/20/2020,85951,225,63121,Assam,35607039
1856,6,2476,8/21/2020,87807,231,65597,Assam,35607039
1560,7,2045,8/22/2020,89367,238,67642,Assam,35607039
1272,8,3259,8/23/2020,90639,246,70901,Assam,35607039
1879,10,2190,8/24/2020,92518,256,73091,Assam,35607039
1973,8,1724,8/25/2020,94491,264,74815,Assam,35607039
2179,14,2148,8/26/2020,96670,278,76963,Assam,35607039
2036,4,2345,8/27/2020,98706,282,79308,Assam,35607039
2560,8,1763,8/28/2020,101266,290,81071,Assam,35607039
2427,3,1440,8/29/2020,103693,293,82511,Assam,35607039
1980,7,1417,8/30/2020,105673,300,83928,Assam,35607039
3266,10,1531,8/31/2020,108939,310,85459,Assam,35607039
2684,9,1434,9/1/2020,111623,319,86893,Assam,35607039
3555,8,1834,9/2/2020,115178,327,88727,Assam,35607039
3054,7,1971,9/3/2020,118232,334,90698,Assam,35607039
2891,15,2020,9/4/2020,121123,349,92718,Assam,35607039
2698,7,2343,9/5/2020,123821,356,95061,Assam,35607039
1537,8,1763,9/6/2020,125358,364,96824,Assam,35607039
2785,10,2250,9/7/2020,128143,374,99074,Assam,35607039
2578,8,2166,9/8/2020,130721,382,101240,Assam,35607039
2243,18,2265,9/9/2020,132964,400,103505,Assam,35607039
2739,18,2197,9/10/2020,135703,418,105702,Assam,35607039
2534,16,2628,9/11/2020,138237,434,108330,Assam,35607039
2132,23,2553,9/12/2020,140369,457,110883,Assam,35607039
1292,16,2251,9/13/2020,141661,473,113134,Assam,35607039
2403,13,1918,9/14/2020,144064,486,115052,Assam,35607039
2409,10,1848,9/15/2020,146473,496,116900,Assam,35607039
2394,19,2464,9/16/2020,148867,515,119364,Assam,35607039
1380,17,2246,9/17/2020,150247,532,121610,Assam,35607039
2509,12,2074,9/18/2020,152756,544,123684,Assam,35607039
2595,8,1856,9/19/2020,155351,552,125540,Assam,35607039
1227,14,1795,9/20/2020,156578,566,127335,Assam,35607039
2640,16,1795,9/21/2020,159218,582,129130,Assam,35607039
2073,8,1817,9/22/2020,161291,590,130947,Assam,35607039
2098,11,1762,9/23/2020,163389,601,132709,Assam,35607039
2091,11,2432,9/24/2020,165480,612,135141,Assam,35607039
1792,17,1571,9/25/2020,167272,629,136712,Assam,35607039
1736,13,1595,9/26/2020,169008,642,138307,Assam,35607039
875,17,1670,9/27/2020,169883,659,139977,Assam,35607039
3644,12,2320,9/28/2020,173527,671,142297,Assam,35607039
3592,13,1702,9/29/2020,177119,684,143999,Assam,35607039
3590,17,1616,9/30/2020,180709,701,145615,Assam,35607039
1585,14,1904,10/1/2020,182294,715,147519,Assam,35607039
1416,10,1441,10/2/2020,183710,725,148960,Assam,35607039
1632,14,1813,10/3/2020,185342,739,150773,Assam,35607039
756,14,1351,10/4/2020,186098,753,152124,Assam,35607039
1518,11,1364,10/5/2020,187616,764,153488,Assam,35607039
1184,18,1586,10/6/2020,188800,782,155074,Assam,35607039
1307,7,2561,10/7/2020,190107,789,157635,Assam,35607039
1188,9,2198,10/8/2020,191295,798,159833,Assam,35607039
1019,8,2068,10/9/2020,192314,806,161901,Assam,35607039
971,9,1451,10/10/2020,193285,815,163352,Assam,35607039
396,5,1227,10/11/2020,193681,820,164579,Assam,35607039
1521,10,1457,10/12/2020,195202,830,166036,Assam,35607039
1482,4,1020,10/13/2020,196684,834,167056,Assam,35607039
1427,4,1013,10/14/2020,198111,838,168069,Assam,35607039
769,9,1263,10/15/2020,198880,847,169332,Assam,35607039
767,10,931,10/16/2020,199647,857,170263,Assam,35607039
642,12,818,10/17/2020,200289,869,171081,Assam,35607039
318,3,599,10/18/2020,200607,872,171680,Assam,35607039
698,7,1530,10/19/2020,201305,879,173210,Assam,35607039
666,9,1201,10/20/2020,201971,888,174411,Assam,35607039
701,5,1664,10/21/2020,202672,893,176075,Assam,35607039
508,7,1584,10/22/2020,203180,900,177659,Assam,35607039
0,0,0,3/14/2020,0,0,0,Bihar,124799926
0,0,0,3/15/2020,0,0,0,Bihar,124799926
0,0,0,3/16/2020,0,0,0,Bihar,124799926
0,0,0,3/17/2020,0,0,0,Bihar,124799926
0,0,0,3/18/2020,0,0,0,Bihar,124799926
0,0,0,3/19/2020,0,0,0,Bihar,124799926
0,0,0,3/20/2020,0,0,0,Bihar,124799926
0,0,0,3/21/2020,0,0,0,Bihar,124799926
2,1,0,3/22/2020,2,1,0,Bihar,124799926
1,0,0,3/23/2020,3,1,0,Bihar,124799926
0,0,0,3/24/2020,3,1,0,Bihar,124799926
1,0,0,3/25/2020,4,1,0,Bihar,124799926
3,0,0,3/26/2020,7,1,0,Bihar,124799926
2,0,0,3/27/2020,9,1,0,Bihar,124799926
2,0,0,3/28/2020,11,1,0,Bihar,124799926
4,0,0,3/29/2020,15,1,0,Bihar,124799926
0,0,0,3/30/2020,15,1,0,Bihar,124799926
6,0,0,3/31/2020,21,1,0,Bihar,124799926
3,0,0,4/1/2020,24,1,0,Bihar,124799926
5,0,3,4/2/2020,29,1,3,Bihar,124799926
2,0,0,4/3/2020,31,1,3,Bihar,124799926
1,0,0,4/4/2020,32,1,3,Bihar,124799926
0,0,0,4/5/2020,32,1,3,Bihar,124799926
0,0,6,4/6/2020,32,1,9,Bihar,124799926
6,0,6,4/7/2020,38,1,15,Bihar,124799926
1,0,0,4/8/2020,39,1,15,Bihar,124799926
19,0,0,4/9/2020,58,1,15,Bihar,124799926
2,0,0,4/10/2020,60,1,15,Bihar,124799926
4,0,0,4/11/2020,64,1,15,Bihar,124799926
0,0,11,4/12/2020,64,1,26,Bihar,124799926
2,0,2,4/13/2020,66,1,28,Bihar,124799926
0,0,1,4/14/2020,66,1,29,Bihar,124799926
6,0,0,4/15/2020,72,1,29,Bihar,124799926
11,0,8,4/16/2020,83,1,37,Bihar,124799926
2,0,0,4/17/2020,85,1,37,Bihar,124799926
1,1,5,4/18/2020,86,2,42,Bihar,124799926
10,0,0,4/19/2020,96,2,42,Bihar,124799926
17,0,0,4/20/2020,113,2,42,Bihar,124799926
13,0,0,4/21/2020,126,2,42,Bihar,124799926
17,0,0,4/22/2020,143,2,42,Bihar,124799926
27,0,2,4/23/2020,170,2,44,Bihar,124799926
53,0,0,4/24/2020,223,2,44,Bihar,124799926
28,0,1,4/25/2020,251,2,45,Bihar,124799926
26,0,11,4/26/2020,277,2,56,Bihar,124799926
69,0,0,4/27/2020,346,2,56,Bihar,124799926
20,0,8,4/28/2020,366,2,64,Bihar,124799926
37,0,0,4/29/2020,403,2,64,Bihar,124799926
22,0,20,4/30/2020,425,2,84,Bihar,124799926
41,1,14,5/1/2020,466,3,98,Bihar,124799926
15,1,19,5/2/2020,481,4,117,Bihar,124799926
36,0,7,5/3/2020,517,4,124,Bihar,124799926
11,0,3,5/4/2020,528,4,127,Bihar,124799926
7,0,31,5/5/2020,535,4,158,Bihar,124799926
7,0,0,5/6/2020,542,4,158,Bihar,124799926
8,1,60,5/7/2020,550,5,218,Bihar,124799926
29,0,49,5/8/2020,579,5,267,Bihar,124799926
32,0,51,5/9/2020,611,5,318,Bihar,124799926
96,1,36,5/10/2020,707,6,354,Bihar,124799926
42,0,23,5/11/2020,749,6,377,Bihar,124799926
130,0,5,5/12/2020,879,6,382,Bihar,124799926
74,1,18,5/13/2020,953,7,400,Bihar,124799926
46,0,12,5/14/2020,999,7,412,Bihar,124799926
34,0,28,5/15/2020,1033,7,440,Bihar,124799926
145,1,33,5/16/2020,1178,8,473,Bihar,124799926
142,0,0,5/17/2020,1320,8,473,Bihar,124799926
103,1,44,5/18/2020,1423,9,517,Bihar,124799926
96,0,0,5/19/2020,1519,9,517,Bihar,124799926
257,0,54,5/20/2020,1776,9,571,Bihar,124799926
211,0,0,5/21/2020,1987,9,571,Bihar,124799926
179,2,58,5/22/2020,2166,11,629,Bihar,124799926
228,0,24,5/23/2020,2394,11,653,Bihar,124799926
180,0,49,5/24/2020,2574,11,702,Bihar,124799926
163,2,31,5/25/2020,2737,13,733,Bihar,124799926
231,1,67,5/26/2020,2968,14,800,Bihar,124799926
68,1,118,5/27/2020,3036,15,918,Bihar,124799926
149,0,132,5/28/2020,3185,15,1050,Bihar,124799926
174,0,159,5/29/2020,3359,15,1209,Bihar,124799926
206,6,102,5/30/2020,3565,21,1311,Bihar,124799926
242,2,209,5/31/2020,3807,23,1520,Bihar,124799926
138,0,221,6/1/2020,3945,23,1741,Bihar,124799926
151,1,62,6/2/2020,4096,24,1803,Bihar,124799926
230,1,222,6/3/2020,4326,25,2025,Bihar,124799926
126,3,95,6/4/2020,4452,28,2120,Bihar,124799926
146,1,113,6/5/2020,4598,29,2233,Bihar,124799926
233,0,65,6/6/2020,4831,29,2298,Bihar,124799926
239,1,107,6/7/2020,5070,30,2405,Bihar,124799926
177,1,137,6/8/2020,5247,31,2542,Bihar,124799926
208,2,228,6/9/2020,5455,33,2770,Bihar,124799926
243,1,164,6/10/2020,5698,34,2934,Bihar,124799926
250,0,152,6/11/2020,5948,34,3086,Bihar,124799926
148,1,230,6/12/2020,6096,35,3316,Bihar,124799926
193,0,370,6/13/2020,6289,35,3686,Bihar,124799926
186,1,289,6/14/2020,6475,36,3975,Bihar,124799926
187,2,251,6/15/2020,6662,38,4226,Bihar,124799926
148,1,345,6/16/2020,6810,39,4571,Bihar,124799926
130,0,205,6/17/2020,6940,39,4776,Bihar,124799926
100,5,185,6/18/2020,7040,44,4961,Bihar,124799926
250,5,137,6/19/2020,7290,49,5098,Bihar,124799926
213,0,269,6/20/2020,7503,49,5367,Bihar,124799926
162,2,264,6/21/2020,7665,51,5631,Bihar,124799926
228,1,136,6/22/2020,7893,52,5767,Bihar,124799926
157,2,260,6/23/2020,8050,54,6027,Bihar,124799926
223,1,79,6/24/2020,8273,55,6106,Bihar,124799926
215,1,374,6/25/2020,8488,56,6480,Bihar,124799926
190,0,189,6/26/2020,8678,56,6669,Bihar,124799926
302,2,261,6/27/2020,8980,58,6930,Bihar,124799926
244,4,226,6/28/2020,9224,62,7156,Bihar,124799926
394,1,218,6/29/2020,9618,63,7374,Bihar,124799926
370,5,170,6/30/2020,9988,68,7544,Bihar,124799926
216,5,267,7/1/2020,10204,73,7811,Bihar,124799926
478,5,183,7/2/2020,10682,78,7994,Bihar,124799926
426,6,217,7/3/2020,11108,84,8211,Bihar,124799926
349,4,277,7/4/2020,11457,88,8488,Bihar,124799926
403,2,277,7/5/2020,11860,90,8765,Bihar,124799926
280,7,249,7/6/2020,12140,97,9014,Bihar,124799926
385,1,324,7/7/2020,12525,98,9338,Bihar,124799926
749,2,203,7/8/2020,13274,100,9541,Bihar,124799926
704,9,251,7/9/2020,13978,109,9792,Bihar,124799926
352,2,459,7/10/2020,14330,111,10251,Bihar,124799926
709,7,740,7/11/2020,15039,118,10991,Bihar,124799926
1266,7,962,7/12/2020,16305,125,11953,Bihar,124799926
1116,9,411,7/13/2020,17421,134,12364,Bihar,124799926
1432,9,655,7/14/2020,18853,143,13019,Bihar,124799926
1320,14,514,7/15/2020,20173,157,13533,Bihar,124799926
1385,10,568,7/16/2020,21558,167,14101,Bihar,124799926
1742,6,896,7/17/2020,23300,173,14997,Bihar,124799926
1667,4,774,7/18/2020,24967,177,15771,Bihar,124799926
1412,2,826,7/19/2020,26379,179,16597,Bihar,124799926
1076,8,938,7/20/2020,27455,187,17535,Bihar,124799926
1109,11,1206,7/21/2020,28564,198,18741,Bihar,124799926
1502,10,1135,7/22/2020,30066,208,19876,Bihar,124799926
1625,4,1083,7/23/2020,31691,212,20959,Bihar,124799926
1820,9,1873,7/24/2020,33511,221,22832,Bihar,124799926
2803,11,1688,7/25/2020,36314,232,24520,Bihar,124799926
2605,17,1788,7/26/2020,38919,249,26308,Bihar,124799926
2192,6,1536,7/27/2020,41111,255,27844,Bihar,124799926
2480,14,1376,7/28/2020,43591,269,29220,Bihar,124799926
2328,4,1284,7/29/2020,45919,273,30504,Bihar,124799926
2082,12,1169,7/30/2020,48001,285,31673,Bihar,124799926
2986,13,1977,7/31/2020,50987,298,33650,Bihar,124799926
3521,14,1823,8/1/2020,54508,312,35473,Bihar,124799926
2762,10,1164,8/2/2020,57270,322,36637,Bihar,124799926
2297,14,1871,8/3/2020,59567,336,38508,Bihar,124799926
2464,13,2252,8/4/2020,62031,349,40760,Bihar,124799926
2701,20,1610,8/5/2020,64732,369,42370,Bihar,124799926
3416,19,1450,8/6/2020,68148,388,43820,Bihar,124799926
3646,12,2445,8/7/2020,71794,400,46265,Bihar,124799926
3992,19,2408,8/8/2020,75786,419,48673,Bihar,124799926
3934,10,2642,8/9/2020,79720,429,51315,Bihar,124799926
3021,21,2824,8/10/2020,82741,450,54139,Bihar,124799926
4071,15,2900,8/11/2020,86812,465,57039,Bihar,124799926
3741,9,3029,8/12/2020,90553,474,60068,Bihar,124799926
3906,10,2439,8/13/2020,94459,484,62507,Bihar,124799926
3911,16,2800,8/14/2020,98370,500,65307,Bihar,124799926
3536,15,3368,8/15/2020,101906,515,68675,Bihar,124799926
2187,22,3891,8/16/2020,104093,537,72566,Bihar,124799926
2525,5,4140,8/17/2020,106618,542,76706,Bihar,124799926
3257,16,4034,8/18/2020,109875,558,80740,Bihar,124799926
2884,10,3838,8/19/2020,112759,568,84578,Bihar,124799926
2451,6,3585,8/20/2020,115210,574,88163,Bihar,124799926
2461,14,3678,8/21/2020,117671,588,91841,Bihar,124799926
2238,13,3531,8/22/2020,119909,601,95372,Bihar,124799926
2247,9,3082,8/23/2020,122156,610,98454,Bihar,124799926
1227,17,2908,8/24/2020,123383,627,101362,Bihar,124799926
1444,17,3169,8/25/2020,124827,644,104531,Bihar,124799926
2163,9,2234,8/26/2020,126990,653,106765,Bihar,124799926
1860,9,2931,8/27/2020,128850,662,109696,Bihar,124799926
1998,12,2749,8/28/2020,130848,674,112445,Bihar,124799926
2087,5,2629,8/29/2020,132935,679,115074,Bihar,124799926
2078,9,2231,8/30/2020,135013,688,117305,Bihar,124799926
1324,6,2267,8/31/2020,136337,694,119572,Bihar,124799926
1928,15,2029,9/1/2020,138265,709,121601,Bihar,124799926
1969,13,1803,9/2/2020,140234,722,123404,Bihar,124799926
1922,6,1572,9/3/2020,142156,728,124976,Bihar,124799926
1978,13,1435,9/4/2020,144134,741,126411,Bihar,124799926
1727,9,1965,9/5/2020,145861,750,128376,Bihar,124799926
1797,4,1924,9/6/2020,147658,754,130300,Bihar,124799926
1369,7,1845,9/7/2020,149027,761,132145,Bihar,124799926
1667,4,1944,9/8/2020,150694,765,134089,Bihar,124799926
1498,10,1702,9/9/2020,152192,775,135791,Bihar,124799926
1543,10,1480,9/10/2020,153735,785,137271,Bihar,124799926
1710,12,2187,9/11/2020,155445,797,139458,Bihar,124799926
1421,11,1700,9/12/2020,156866,808,141158,Bihar,124799926
1523,14,1895,9/13/2020,158389,822,143053,Bihar,124799926
1137,9,1966,9/14/2020,159526,831,145019,Bihar,124799926
1575,5,1514,9/15/2020,161101,836,146533,Bihar,124799926
1531,12,1724,9/16/2020,162632,848,148257,Bihar,124799926
1592,7,1465,9/17/2020,164224,855,149722,Bihar,124799926
1147,4,1678,9/18/2020,165371,859,151400,Bihar,124799926
1616,2,1556,9/19/2020,166987,861,152956,Bihar,124799926
1555,3,1487,9/20/2020,168542,864,154443,Bihar,124799926
1314,6,1381,9/21/2020,169856,870,155824,Bihar,124799926
1609,3,1232,9/22/2020,171465,873,157056,Bihar,124799926
1598,1,1490,9/23/2020,173063,874,158546,Bihar,124799926
1203,4,1154,9/24/2020,174266,878,159700,Bihar,124799926
1632,3,1810,9/25/2020,175898,881,161510,Bihar,124799926
1457,5,1622,9/26/2020,177355,886,163132,Bihar,124799926
1527,2,1405,9/27/2020,178882,888,164537,Bihar,124799926
1150,4,1651,9/28/2020,180032,892,166188,Bihar,124799926
1439,2,1702,9/29/2020,181471,894,167890,Bihar,124799926
1435,10,1735,9/30/2020,182906,904,169625,Bihar,124799926
1370,2,1242,10/1/2020,184276,906,170867,Bihar,124799926
1431,4,1497,10/2/2020,185707,910,172364,Bihar,124799926
983,2,1431,10/3/2020,186690,912,173795,Bihar,124799926
1261,3,1314,10/4/2020,187951,915,175109,Bihar,124799926
907,9,1565,10/5/2020,188858,924,176674,Bihar,124799926
1265,1,1255,10/6/2020,190123,925,177929,Bihar,124799926
1304,2,1422,10/7/2020,191427,927,179351,Bihar,124799926
1244,2,1006,10/8/2020,192671,929,180357,Bihar,124799926
1155,5,1424,10/9/2020,193826,934,181781,Bihar,124799926
1140,10,1226,10/10/2020,194966,944,183007,Bihar,124799926
1302,2,1217,10/11/2020,196268,946,184224,Bihar,124799926
732,9,1369,10/12/2020,197000,955,185593,Bihar,124799926
1223,6,1030,10/13/2020,198223,961,186623,Bihar,124799926
1326,6,1375,10/14/2020,199549,967,187998,Bihar,124799926
1276,5,804,10/15/2020,200825,972,188802,Bihar,124799926
1062,9,1454,10/16/2020,201887,981,190256,Bihar,124799926
1173,9,1259,10/17/2020,203060,990,191515,Bihar,124799926
1152,6,1079,10/18/2020,204212,996,192594,Bihar,124799926
912,7,1195,10/19/2020,205124,1003,193789,Bihar,124799926
1837,8,1100,10/20/2020,206961,1011,194889,Bihar,124799926
1277,8,1319,10/21/2020,208238,1019,196208,Bihar,124799926
1058,7,985,10/22/2020,209296,1026,197193,Bihar,124799926
0,0,0,3/14/2020,0,0,0,Chandigarh,1158473
0,0,0,3/15/2020,0,0,0,Chandigarh,1158473
0,0,0,3/16/2020,0,0,0,Chandigarh,1158473
0,0,0,3/17/2020,0,0,0,Chandigarh,1158473
0,0,0,3/18/2020,0,0,0,Chandigarh,1158473
1,0,0,3/19/2020,1,0,0,Chandigarh,1158473
4,0,0,3/20/2020,5,0,0,Chandigarh,1158473
0,0,0,3/21/2020,5,0,0,Chandigarh,1158473
1,0,0,3/22/2020,6,0,0,Chandigarh,1158473
1,0,0,3/23/2020,7,0,0,Chandigarh,1158473
0,0,0,3/24/2020,7,0,0,Chandigarh,1158473
0,0,0,3/25/2020,7,0,0,Chandigarh,1158473
0,0,0,3/26/2020,7,0,0,Chandigarh,1158473
1,0,0,3/27/2020,8,0,0,Chandigarh,1158473
0,0,0,3/28/2020,8,0,0,Chandigarh,1158473
0,0,0,3/29/2020,8,0,0,Chandigarh,1158473
5,0,0,3/30/2020,13,0,0,Chandigarh,1158473
2,0,0,3/31/2020,15,0,0,Chandigarh,1158473
2,0,0,4/1/2020,17,0,0,Chandigarh,1158473
1,0,0,4/2/2020,18,0,0,Chandigarh,1158473
0,0,0,4/3/2020,18,0,0,Chandigarh,1158473
0,0,3,4/4/2020,18,0,3,Chandigarh,1158473
0,0,2,4/5/2020,18,0,5,Chandigarh,1158473
0,0,0,4/6/2020,18,0,5,Chandigarh,1158473
0,0,2,4/7/2020,18,0,7,Chandigarh,1158473
0,0,0,4/8/2020,18,0,7,Chandigarh,1158473
0,0,0,4/9/2020,18,0,7,Chandigarh,1158473
1,0,0,4/10/2020,19,0,7,Chandigarh,1158473
0,0,0,4/11/2020,19,0,7,Chandigarh,1158473
2,0,0,4/12/2020,21,0,7,Chandigarh,1158473
0,0,0,4/13/2020,21,0,7,Chandigarh,1158473
0,0,0,4/14/2020,21,0,7,Chandigarh,1158473
0,0,2,4/15/2020,21,0,9,Chandigarh,1158473
0,0,0,4/16/2020,21,0,9,Chandigarh,1158473
0,0,0,4/17/2020,21,0,9,Chandigarh,1158473
2,0,0,4/18/2020,23,0,9,Chandigarh,1158473
3,0,4,4/19/2020,26,0,13,Chandigarh,1158473
0,0,1,4/20/2020,26,0,14,Chandigarh,1158473
1,0,0,4/21/2020,27,0,14,Chandigarh,1158473
0,0,0,4/22/2020,27,0,14,Chandigarh,1158473
0,0,0,4/23/2020,27,0,14,Chandigarh,1158473
0,0,1,4/24/2020,27,0,15,Chandigarh,1158473
1,0,0,4/25/2020,28,0,15,Chandigarh,1158473
8,0,2,4/26/2020,36,0,17,Chandigarh,1158473
9,0,0,4/27/2020,45,0,17,Chandigarh,1158473
11,0,0,4/28/2020,56,0,17,Chandigarh,1158473
12,0,0,4/29/2020,68,0,17,Chandigarh,1158473
6,0,1,4/30/2020,74,0,18,Chandigarh,1158473
14,0,0,5/1/2020,88,0,18,Chandigarh,1158473
6,0,1,5/2/2020,94,0,19,Chandigarh,1158473
3,1,0,5/3/2020,97,1,19,Chandigarh,1158473
5,0,2,5/4/2020,102,1,21,Chandigarh,1158473
17,0,0,5/5/2020,119,1,21,Chandigarh,1158473
5,0,0,5/6/2020,124,1,21,Chandigarh,1158473
11,0,0,5/7/2020,135,1,21,Chandigarh,1158473
11,1,0,5/8/2020,146,2,21,Chandigarh,1158473
23,0,3,5/9/2020,169,2,24,Chandigarh,1158473
4,1,0,5/10/2020,173,3,24,Chandigarh,1158473
8,0,4,5/11/2020,181,3,28,Chandigarh,1158473
6,0,2,5/12/2020,187,3,30,Chandigarh,1158473
4,0,0,5/13/2020,191,3,30,Chandigarh,1158473
0,0,7,5/14/2020,191,3,37,Chandigarh,1158473
0,0,3,5/15/2020,191,3,40,Chandigarh,1158473
0,0,11,5/16/2020,191,3,51,Chandigarh,1158473
0,0,0,5/17/2020,191,3,51,Chandigarh,1158473
5,0,3,5/18/2020,196,3,54,Chandigarh,1158473
3,0,3,5/19/2020,199,3,57,Chandigarh,1158473
3,0,79,5/20/2020,202,3,136,Chandigarh,1158473
16,0,42,5/21/2020,218,3,178,Chandigarh,1158473
1,0,0,5/22/2020,219,3,178,Chandigarh,1158473
6,0,1,5/23/2020,225,3,179,Chandigarh,1158473
37,1,0,5/24/2020,262,4,179,Chandigarh,1158473
4,0,8,5/25/2020,266,4,187,Chandigarh,1158473
12,0,0,5/26/2020,278,4,187,Chandigarh,1158473
1,0,0,5/27/2020,279,4,187,Chandigarh,1158473
10,0,2,5/28/2020,289,4,189,Chandigarh,1158473
0,0,0,5/29/2020,289,4,189,Chandigarh,1158473
0,0,10,5/30/2020,289,4,199,Chandigarh,1158473
4,0,0,5/31/2020,293,4,199,Chandigarh,1158473
4,0,15,6/1/2020,297,4,214,Chandigarh,1158473
4,1,0,6/2/2020,301,5,214,Chandigarh,1158473
0,0,0,6/3/2020,301,5,214,Chandigarh,1158473
1,0,8,6/4/2020,302,5,222,Chandigarh,1158473
7,0,51,6/5/2020,309,5,273,Chandigarh,1158473
3,0,0,6/6/2020,312,5,273,Chandigarh,1158473
2,0,1,6/7/2020,314,5,274,Chandigarh,1158473
6,0,11,6/8/2020,320,5,285,Chandigarh,1158473
6,0,0,6/9/2020,326,5,285,Chandigarh,1158473
2,0,4,6/10/2020,328,5,289,Chandigarh,1158473
4,0,4,6/11/2020,332,5,293,Chandigarh,1158473
13,0,2,6/12/2020,345,5,295,Chandigarh,1158473
5,0,0,6/13/2020,350,5,295,Chandigarh,1158473
2,0,0,6/14/2020,352,5,295,Chandigarh,1158473
5,1,6,6/15/2020,357,6,301,Chandigarh,1158473
8,0,1,6/16/2020,365,6,302,Chandigarh,1158473
5,0,4,6/17/2020,370,6,306,Chandigarh,1158473
4,0,0,6/18/2020,374,6,306,Chandigarh,1158473
7,0,9,6/19/2020,381,6,315,Chandigarh,1158473
23,0,1,6/20/2020,404,6,316,Chandigarh,1158473
2,0,0,6/21/2020,406,6,316,Chandigarh,1158473
5,0,6,6/22/2020,411,6,322,Chandigarh,1158473
7,0,0,6/23/2020,418,6,322,Chandigarh,1158473
2,0,0,6/24/2020,420,6,322,Chandigarh,1158473
3,0,7,6/25/2020,423,6,329,Chandigarh,1158473
2,0,6,6/26/2020,425,6,335,Chandigarh,1158473
3,0,0,6/27/2020,428,6,335,Chandigarh,1158473
3,0,1,6/28/2020,431,6,336,Chandigarh,1158473
3,0,13,6/29/2020,434,6,349,Chandigarh,1158473
6,0,15,6/30/2020,440,6,364,Chandigarh,1158473
6,0,3,7/1/2020,446,6,367,Chandigarh,1158473
4,0,22,7/2/2020,450,6,389,Chandigarh,1158473
4,0,4,7/3/2020,454,6,393,Chandigarh,1158473
5,0,2,7/4/2020,459,6,395,Chandigarh,1158473
7,0,0,7/5/2020,466,6,395,Chandigarh,1158473
21,0,6,7/6/2020,487,6,401,Chandigarh,1158473
5,1,0,7/7/2020,492,7,401,Chandigarh,1158473
15,0,1,7/8/2020,507,7,402,Chandigarh,1158473
16,0,1,7/9/2020,523,7,403,Chandigarh,1158473
13,0,5,7/10/2020,536,7,408,Chandigarh,1158473
13,1,5,7/11/2020,549,8,413,Chandigarh,1158473
10,0,4,7/12/2020,559,8,417,Chandigarh,1158473
29,0,6,7/13/2020,588,8,423,Chandigarh,1158473
12,2,23,7/14/2020,600,10,446,Chandigarh,1158473
19,1,13,7/15/2020,619,11,459,Chandigarh,1158473
16,0,17,7/16/2020,635,11,476,Chandigarh,1158473
25,0,4,7/17/2020,660,11,480,Chandigarh,1158473
31,1,5,7/18/2020,691,12,485,Chandigarh,1158473
26,0,3,7/19/2020,717,12,488,Chandigarh,1158473
20,0,30,7/20/2020,737,12,518,Chandigarh,1158473
14,0,0,7/21/2020,751,12,518,Chandigarh,1158473
29,1,8,7/22/2020,780,13,526,Chandigarh,1158473
20,0,5,7/23/2020,800,13,531,Chandigarh,1158473
23,0,4,7/24/2020,823,13,535,Chandigarh,1158473
29,0,20,7/25/2020,852,13,555,Chandigarh,1158473
35,0,17,7/26/2020,887,13,572,Chandigarh,1158473
23,1,3,7/27/2020,910,14,575,Chandigarh,1158473
24,0,24,7/28/2020,934,14,599,Chandigarh,1158473
44,0,12,7/29/2020,978,14,611,Chandigarh,1158473
38,0,36,7/30/2020,1016,14,647,Chandigarh,1158473
35,1,20,7/31/2020,1051,15,667,Chandigarh,1158473
28,3,16,8/1/2020,1079,18,683,Chandigarh,1158473
38,1,15,8/2/2020,1117,19,698,Chandigarh,1158473
43,0,8,8/3/2020,1160,19,706,Chandigarh,1158473
46,1,9,8/4/2020,1206,20,715,Chandigarh,1158473
64,0,0,8/5/2020,1270,20,715,Chandigarh,1158473
57,0,62,8/6/2020,1327,20,777,Chandigarh,1158473
47,3,43,8/7/2020,1374,23,820,Chandigarh,1158473
52,1,52,8/8/2020,1426,24,872,Chandigarh,1158473
89,1,32,8/9/2020,1515,25,904,Chandigarh,1158473
80,0,100,8/10/2020,1595,25,1004,Chandigarh,1158473
75,1,11,8/11/2020,1670,26,1015,Chandigarh,1158473
81,1,8,8/12/2020,1751,27,1023,Chandigarh,1158473
91,1,53,8/13/2020,1842,28,1076,Chandigarh,1158473
86,0,15,8/14/2020,1928,28,1091,Chandigarh,1158473
81,0,27,8/15/2020,2009,28,1118,Chandigarh,1158473
93,1,19,8/16/2020,2102,29,1137,Chandigarh,1158473
114,1,46,8/17/2020,2216,30,1183,Chandigarh,1158473
89,0,60,8/18/2020,2305,30,1243,Chandigarh,1158473
91,1,108,8/19/2020,2396,31,1351,Chandigarh,1158473
119,0,39,8/20/2020,2515,31,1390,Chandigarh,1158473
116,2,36,8/21/2020,2631,33,1426,Chandigarh,1158473
145,0,45,8/22/2020,2776,33,1471,Chandigarh,1158473
142,4,21,8/23/2020,2918,37,1492,Chandigarh,1158473
117,0,154,8/24/2020,3035,37,1646,Chandigarh,1158473
174,3,67,8/25/2020,3209,40,1713,Chandigarh,1158473
167,1,87,8/26/2020,3376,41,1800,Chandigarh,1158473
188,2,177,8/27/2020,3564,43,1977,Chandigarh,1158473
160,2,130,8/28/2020,3724,45,2107,Chandigarh,1158473
261,0,141,8/29/2020,3985,45,2248,Chandigarh,1158473
170,7,48,8/30/2020,4155,52,2296,Chandigarh,1158473
191,4,135,8/31/2020,4346,56,2431,Chandigarh,1158473
204,1,120,9/1/2020,4550,57,2551,Chandigarh,1158473
239,2,119,9/2/2020,4789,59,2670,Chandigarh,1158473
276,4,213,9/3/2020,5065,63,2883,Chandigarh,1158473
203,5,222,9/4/2020,5268,68,3105,Chandigarh,1158473
234,1,185,9/5/2020,5502,69,3290,Chandigarh,1158473
261,2,149,9/6/2020,5763,71,3439,Chandigarh,1158473
232,3,295,9/7/2020,5995,74,3734,Chandigarh,1158473
377,1,226,9/8/2020,6372,75,3960,Chandigarh,1158473
332,2,180,9/9/2020,6704,77,4140,Chandigarh,1158473
283,3,191,9/10/2020,6987,80,4331,Chandigarh,1158473
305,3,269,9/11/2020,7292,83,4600,Chandigarh,1158473
250,6,264,9/12/2020,7542,89,4864,Chandigarh,1158473
449,1,306,9/13/2020,7991,90,5170,Chandigarh,1158473
254,5,130,9/14/2020,8245,95,5300,Chandigarh,1158473
347,1,202,9/15/2020,8592,96,5502,Chandigarh,1158473
366,5,181,9/16/2020,8958,101,5683,Chandigarh,1158473
288,5,379,9/17/2020,9246,106,6062,Chandigarh,1158473
260,4,353,9/18/2020,9506,110,6415,Chandigarh,1158473
290,6,351,9/19/2020,9796,116,6766,Chandigarh,1158473
286,4,372,9/20/2020,10082,120,7138,Chandigarh,1158473
216,3,273,9/21/2020,10298,123,7411,Chandigarh,1158473
248,4,383,9/22/2020,10546,127,7794,Chandigarh,1158473
180,10,255,9/23/2020,10726,137,8049,Chandigarh,1158473
242,7,293,9/24/2020,10968,144,8342,Chandigarh,1158473
244,1,335,9/25/2020,11212,145,8677,Chandigarh,1158473
168,0,260,9/26/2020,11380,145,8937,Chandigarh,1158473
173,2,166,9/27/2020,11553,147,9103,Chandigarh,1158473
125,6,222,9/28/2020,11678,153,9325,Chandigarh,1158473
138,5,273,9/29/2020,11816,158,9598,Chandigarh,1158473
122,4,215,9/30/2020,11938,162,9813,Chandigarh,1158473
119,2,196,10/1/2020,12057,164,10009,Chandigarh,1158473
155,5,153,10/2/2020,12212,169,10162,Chandigarh,1158473
148,3,234,10/3/2020,12360,172,10396,Chandigarh,1158473
85,2,202,10/4/2020,12445,174,10598,Chandigarh,1158473
133,3,199,10/5/2020,12578,177,10797,Chandigarh,1158473
129,3,238,10/6/2020,12707,180,11035,Chandigarh,1158473
113,2,155,10/7/2020,12820,182,11190,Chandigarh,1158473
102,4,154,10/8/2020,12922,186,11344,Chandigarh,1158473
63,2,161,10/9/2020,12985,188,11505,Chandigarh,1158473
96,2,157,10/10/2020,13081,190,11662,Chandigarh,1158473
85,1,125,10/11/2020,13166,191,11787,Chandigarh,1158473
94,1,111,10/12/2020,13260,192,11898,Chandigarh,1158473
71,5,109,10/13/2020,13331,197,12007,Chandigarh,1158473
72,2,112,10/14/2020,13403,199,12119,Chandigarh,1158473
74,2,113,10/15/2020,13477,201,12232,Chandigarh,1158473
55,5,120,10/16/2020,13532,206,12352,Chandigarh,1158473
50,1,108,10/17/2020,13582,207,12460,Chandigarh,1158473
64,1,94,10/18/2020,13646,208,12554,Chandigarh,1158473
40,0,63,10/19/2020,13686,208,12617,Chandigarh,1158473
57,1,107,10/20/2020,13743,209,12724,Chandigarh,1158473
54,0,118,10/21/2020,13797,209,12842,Chandigarh,1158473
51,3,82,10/22/2020,13848,212,12924,Chandigarh,1158473
0,0,0,3/14/2020,0,0,0,Chhattisgarh,29436231
0,0,0,3/15/2020,0,0,0,Chhattisgarh,29436231
0,0,0,3/16/2020,0,0,0,Chhattisgarh,29436231
0,0,0,3/17/2020,0,0,0,Chhattisgarh,29436231
0,0,0,3/18/2020,0,0,0,Chhattisgarh,29436231
1,0,0,3/19/2020,1,0,0,Chhattisgarh,29436231
0,0,0,3/20/2020,1,0,0,Chhattisgarh,29436231
0,0,0,3/21/2020,1,0,0,Chhattisgarh,29436231
0,0,0,3/22/2020,1,0,0,Chhattisgarh,29436231
0,0,0,3/23/2020,1,0,0,Chhattisgarh,29436231
0,0,0,3/24/2020,1,0,0,Chhattisgarh,29436231
2,0,0,3/25/2020,3,0,0,Chhattisgarh,29436231
3,0,0,3/26/2020,6,0,0,Chhattisgarh,29436231
0,0,0,3/27/2020,6,0,0,Chhattisgarh,29436231
1,0,0,3/28/2020,7,0,0,Chhattisgarh,29436231
0,0,0,3/29/2020,7,0,0,Chhattisgarh,29436231
1,0,0,3/30/2020,8,0,0,Chhattisgarh,29436231
1,0,2,3/31/2020,9,0,2,Chhattisgarh,29436231
0,0,0,4/1/2020,9,0,2,Chhattisgarh,29436231
0,0,1,4/2/2020,9,0,3,Chhattisgarh,29436231
0,0,0,4/3/2020,9,0,3,Chhattisgarh,29436231
1,0,0,4/4/2020,10,0,3,Chhattisgarh,29436231
0,0,5,4/5/2020,10,0,8,Chhattisgarh,29436231
0,0,0,4/6/2020,10,0,8,Chhattisgarh,29436231
0,0,1,4/7/2020,10,0,9,Chhattisgarh,29436231
0,0,0,4/8/2020,10,0,9,Chhattisgarh,29436231
8,0,0,4/9/2020,18,0,9,Chhattisgarh,29436231
0,0,0,4/10/2020,18,0,9,Chhattisgarh,29436231
7,0,0,4/11/2020,25,0,9,Chhattisgarh,29436231
6,0,1,4/12/2020,31,0,10,Chhattisgarh,29436231
0,0,0,4/13/2020,31,0,10,Chhattisgarh,29436231
2,0,3,4/14/2020,33,0,13,Chhattisgarh,29436231
0,0,4,4/15/2020,33,0,17,Chhattisgarh,29436231
3,0,6,4/16/2020,36,0,23,Chhattisgarh,29436231
0,0,1,4/17/2020,36,0,24,Chhattisgarh,29436231
0,0,1,4/18/2020,36,0,25,Chhattisgarh,29436231
0,0,0,4/19/2020,36,0,25,Chhattisgarh,29436231
0,0,0,4/20/2020,36,0,25,Chhattisgarh,29436231
0,0,0,4/21/2020,36,0,25,Chhattisgarh,29436231
0,0,3,4/22/2020,36,0,28,Chhattisgarh,29436231
0,0,2,4/23/2020,36,0,30,Chhattisgarh,29436231
0,0,0,4/24/2020,36,0,30,Chhattisgarh,29436231
1,0,2,4/25/2020,37,0,32,Chhattisgarh,29436231
0,0,0,4/26/2020,37,0,32,Chhattisgarh,29436231
0,0,0,4/27/2020,37,0,32,Chhattisgarh,29436231
1,0,2,4/28/2020,38,0,34,Chhattisgarh,29436231
0,0,0,4/29/2020,38,0,34,Chhattisgarh,29436231
2,0,2,4/30/2020,40,0,36,Chhattisgarh,29436231
3,0,0,5/1/2020,43,0,36,Chhattisgarh,29436231
0,0,0,5/2/2020,43,0,36,Chhattisgarh,29436231
14,0,0,5/3/2020,57,0,36,Chhattisgarh,29436231
1,0,0,5/4/2020,58,0,36,Chhattisgarh,29436231
1,0,0,5/5/2020,59,0,36,Chhattisgarh,29436231
0,0,0,5/6/2020,59,0,36,Chhattisgarh,29436231
0,0,0,5/7/2020,59,0,36,Chhattisgarh,29436231
0,0,2,5/8/2020,59,0,38,Chhattisgarh,29436231
0,0,5,5/9/2020,59,0,43,Chhattisgarh,29436231
0,0,6,5/10/2020,59,0,49,Chhattisgarh,29436231
0,0,4,5/11/2020,59,0,53,Chhattisgarh,29436231
0,0,1,5/12/2020,59,0,54,Chhattisgarh,29436231
0,0,1,5/13/2020,59,0,55,Chhattisgarh,29436231
1,0,1,5/14/2020,60,0,56,Chhattisgarh,29436231
6,0,0,5/15/2020,66,0,56,Chhattisgarh,29436231
1,0,2,5/16/2020,67,0,58,Chhattisgarh,29436231
18,0,1,5/17/2020,85,0,59,Chhattisgarh,29436231
10,0,0,5/18/2020,95,0,59,Chhattisgarh,29436231
5,0,0,5/19/2020,100,0,59,Chhattisgarh,29436231
14,0,0,5/20/2020,114,0,59,Chhattisgarh,29436231
14,0,0,5/21/2020,128,0,59,Chhattisgarh,29436231
44,0,3,5/22/2020,172,0,62,Chhattisgarh,29436231
42,0,2,5/23/2020,214,0,64,Chhattisgarh,29436231
38,0,0,5/24/2020,252,0,64,Chhattisgarh,29436231
40,0,3,5/25/2020,292,0,67,Chhattisgarh,29436231
68,0,12,5/26/2020,360,0,79,Chhattisgarh,29436231
4,0,4,5/27/2020,364,0,83,Chhattisgarh,29436231
34,0,0,5/28/2020,398,0,83,Chhattisgarh,29436231
17,1,17,5/29/2020,415,1,100,Chhattisgarh,29436231
32,0,2,5/30/2020,447,1,102,Chhattisgarh,29436231
51,0,12,5/31/2020,498,1,114,Chhattisgarh,29436231
49,0,7,6/1/2020,547,1,121,Chhattisgarh,29436231
15,1,9,6/2/2020,562,2,130,Chhattisgarh,29436231
64,0,40,6/3/2020,626,2,170,Chhattisgarh,29436231
147,0,36,6/4/2020,773,2,206,Chhattisgarh,29436231
90,0,25,6/5/2020,863,2,231,Chhattisgarh,29436231
60,2,28,6/6/2020,923,4,259,Chhattisgarh,29436231
150,0,7,6/7/2020,1073,4,266,Chhattisgarh,29436231
124,0,69,6/8/2020,1197,4,335,Chhattisgarh,29436231
14,1,12,6/9/2020,1211,5,347,Chhattisgarh,29436231
51,1,4,6/10/2020,1262,6,351,Chhattisgarh,29436231
136,0,70,6/11/2020,1398,6,421,Chhattisgarh,29436231
47,0,123,6/12/2020,1445,6,544,Chhattisgarh,29436231
105,0,87,6/13/2020,1550,6,631,Chhattisgarh,29436231
121,3,88,6/14/2020,1671,9,719,Chhattisgarh,29436231
44,0,124,6/15/2020,1715,9,843,Chhattisgarh,29436231
69,0,91,6/16/2020,1784,9,934,Chhattisgarh,29436231
80,0,165,6/17/2020,1864,9,1099,Chhattisgarh,29436231
82,0,103,6/18/2020,1946,9,1202,Chhattisgarh,29436231
72,1,103,6/19/2020,2018,10,1305,Chhattisgarh,29436231
116,1,63,6/20/2020,2134,11,1368,Chhattisgarh,29436231
121,0,53,6/21/2020,2255,11,1421,Chhattisgarh,29436231
47,1,66,6/22/2020,2302,12,1487,Chhattisgarh,29436231
83,0,40,6/23/2020,2385,12,1527,Chhattisgarh,29436231
34,0,74,6/24/2020,2419,12,1601,Chhattisgarh,29436231
37,0,128,6/25/2020,2456,12,1729,Chhattisgarh,29436231
89,1,156,6/26/2020,2545,13,1885,Chhattisgarh,29436231
65,0,52,6/27/2020,2610,13,1937,Chhattisgarh,29436231
84,0,125,6/28/2020,2694,13,2062,Chhattisgarh,29436231
101,0,88,6/29/2020,2795,13,2150,Chhattisgarh,29436231
63,0,100,6/30/2020,2858,13,2250,Chhattisgarh,29436231
82,1,53,7/1/2020,2940,14,2303,Chhattisgarh,29436231
73,0,59,7/2/2020,3013,14,2362,Chhattisgarh,29436231
52,0,52,7/3/2020,3065,14,2414,Chhattisgarh,29436231
96,0,112,7/4/2020,3161,14,2526,Chhattisgarh,29436231
46,0,52,7/5/2020,3207,14,2578,Chhattisgarh,29436231
98,0,66,7/6/2020,3305,14,2644,Chhattisgarh,29436231
110,0,84,7/7/2020,3415,14,2728,Chhattisgarh,29436231
111,0,107,7/8/2020,3526,14,2835,Chhattisgarh,29436231
140,1,68,7/9/2020,3666,15,2903,Chhattisgarh,29436231
166,2,125,7/10/2020,3832,17,3028,Chhattisgarh,29436231
65,0,42,7/11/2020,3897,17,3070,Chhattisgarh,29436231
184,2,83,7/12/2020,4081,19,3153,Chhattisgarh,29436231
184,0,49,7/13/2020,4265,19,3202,Chhattisgarh,29436231
114,1,73,7/14/2020,4379,20,3275,Chhattisgarh,29436231
177,0,49,7/15/2020,4556,20,3324,Chhattisgarh,29436231
198,1,127,7/16/2020,4754,21,3451,Chhattisgarh,29436231
249,3,61,7/17/2020,5003,24,3512,Chhattisgarh,29436231
243,0,146,7/18/2020,5246,24,3658,Chhattisgarh,29436231
161,0,117,7/19/2020,5407,24,3775,Chhattisgarh,29436231
191,4,169,7/20/2020,5598,28,3944,Chhattisgarh,29436231
133,1,170,7/21/2020,5731,29,4114,Chhattisgarh,29436231
268,0,116,7/22/2020,5999,29,4230,Chhattisgarh,29436231
371,5,157,7/23/2020,6370,34,4387,Chhattisgarh,29436231
449,2,180,7/24/2020,6819,36,4567,Chhattisgarh,29436231
363,3,116,7/25/2020,7182,39,4683,Chhattisgarh,29436231
431,4,261,7/26/2020,7613,43,4944,Chhattisgarh,29436231
367,2,228,7/27/2020,7980,45,5172,Chhattisgarh,29436231
306,1,267,7/28/2020,8286,46,5439,Chhattisgarh,29436231
314,4,197,7/29/2020,8600,50,5636,Chhattisgarh,29436231
256,1,285,7/30/2020,8856,51,5921,Chhattisgarh,29436231
336,3,309,7/31/2020,9192,54,6230,Chhattisgarh,29436231
235,1,380,8/1/2020,9427,55,6610,Chhattisgarh,29436231
181,3,381,8/2/2020,9608,58,6991,Chhattisgarh,29436231
212,3,265,8/3/2020,9820,61,7256,Chhattisgarh,29436231
382,8,357,8/4/2020,10202,69,7613,Chhattisgarh,29436231
295,2,258,8/5/2020,10497,71,7871,Chhattisgarh,29436231
523,6,217,8/6/2020,11020,77,8088,Chhattisgarh,29436231
388,10,231,8/7/2020,11408,87,8319,Chhattisgarh,29436231
447,3,263,8/8/2020,11855,90,8582,Chhattisgarh,29436231
293,6,227,8/9/2020,12148,96,8809,Chhattisgarh,29436231
477,3,208,8/10/2020,12625,99,9017,Chhattisgarh,29436231
360,5,222,8/11/2020,12985,104,9239,Chhattisgarh,29436231
567,5,269,8/12/2020,13552,109,9508,Chhattisgarh,29436231
478,8,150,8/13/2020,14030,117,9658,Chhattisgarh,29436231
529,13,199,8/14/2020,14559,130,9857,Chhattisgarh,29436231
486,4,189,8/15/2020,15045,134,10046,Chhattisgarh,29436231
576,8,189,8/16/2020,15621,142,10235,Chhattisgarh,29436231
404,8,363,8/17/2020,16025,150,10598,Chhattisgarh,29436231
808,8,249,8/18/2020,16833,158,10847,Chhattisgarh,29436231
752,6,338,8/19/2020,17585,164,11185,Chhattisgarh,29436231
1052,8,554,8/20/2020,18637,172,11739,Chhattisgarh,29436231
873,8,283,8/21/2020,19510,180,12022,Chhattisgarh,29436231
704,10,372,8/22/2020,20214,190,12394,Chhattisgarh,29436231
704,7,537,8/23/2020,20918,197,12931,Chhattisgarh,29436231
1136,9,493,8/24/2020,22054,206,13424,Chhattisgarh,29436231
1287,15,308,8/25/2020,23341,221,13732,Chhattisgarh,29436231
1209,10,413,8/26/2020,24550,231,14145,Chhattisgarh,29436231
1438,14,462,8/27/2020,25988,245,14607,Chhattisgarh,29436231
1245,6,502,8/28/2020,27233,251,15109,Chhattisgarh,29436231
1513,11,709,8/29/2020,28746,262,15818,Chhattisgarh,29436231
1346,7,485,8/30/2020,30092,269,16303,Chhattisgarh,29436231
1411,8,686,8/31/2020,31503,277,16989,Chhattisgarh,29436231
1884,10,578,9/1/2020,33387,287,17567,Chhattisgarh,29436231
2296,12,653,9/2/2020,35683,299,18220,Chhattisgarh,29436231
2284,16,730,9/3/2020,37967,315,18950,Chhattisgarh,29436231
2667,22,658,9/4/2020,40634,337,19608,Chhattisgarh,29436231
2529,19,879,9/5/2020,43163,356,20487,Chhattisgarh,29436231
2100,24,711,9/6/2020,45263,380,21198,Chhattisgarh,29436231
2017,15,979,9/7/2020,47280,395,22177,Chhattisgarh,29436231
2834,12,615,9/8/2020,50114,407,22792,Chhattisgarh,29436231
2818,70,1146,9/9/2020,52932,477,23938,Chhattisgarh,29436231
2748,16,1917,9/10/2020,55680,493,25855,Chhattisgarh,29436231
2963,25,1268,9/11/2020,58643,518,27123,Chhattisgarh,29436231
3120,21,855,9/12/2020,61763,539,27978,Chhattisgarh,29436231
2228,16,3953,9/13/2020,63991,555,31931,Chhattisgarh,29436231
3336,18,1178,9/14/2020,67327,573,33109,Chhattisgarh,29436231
3450,15,1129,9/15/2020,70777,588,34238,Chhattisgarh,29436231
3189,23,1647,9/16/2020,73966,611,35885,Chhattisgarh,29436231
3809,17,5226,9/17/2020,77775,628,41111,Chhattisgarh,29436231
3842,17,3281,9/18/2020,81617,645,44392,Chhattisgarh,29436231
2617,19,1689,9/19/2020,84234,664,46081,Chhattisgarh,29436231
1949,13,1572,9/20/2020,86183,677,47653,Chhattisgarh,29436231
1998,13,1911,9/21/2020,88181,690,49564,Chhattisgarh,29436231
2736,28,2437,9/22/2020,90917,718,52001,Chhattisgarh,29436231
2434,10,4772,9/23/2020,93351,728,56773,Chhattisgarh,29436231
2272,24,2060,9/24/2020,95623,752,58833,Chhattisgarh,29436231
2942,25,8027,9/25/2020,98565,777,66860,Chhattisgarh,29436231
3896,40,4095,9/26/2020,102461,817,70955,Chhattisgarh,29436231
2272,31,1269,9/27/2020,104733,848,72224,Chhattisgarh,29436231
3725,29,2313,9/28/2020,108458,877,74537,Chhattisgarh,29436231
2197,39,3977,9/29/2020,110655,916,78514,Chhattisgarh,29436231
2947,41,3204,9/30/2020,113602,957,81718,Chhattisgarh,29436231
2551,29,2981,10/1/2020,116153,986,84699,Chhattisgarh,29436231
2637,16,3396,10/2/2020,118790,1002,88095,Chhattisgarh,29436231
2610,29,2982,10/3/2020,121400,1031,91077,Chhattisgarh,29436231
1924,14,2654,10/4/2020,123324,1045,93731,Chhattisgarh,29436231
2681,36,3336,10/5/2020,126005,1081,97067,Chhattisgarh,29436231
2888,23,3484,10/6/2020,128893,1104,100551,Chhattisgarh,29436231
2846,30,3277,10/7/2020,131739,1134,103828,Chhattisgarh,29436231
2873,24,2199,10/8/2020,134612,1158,106027,Chhattisgarh,29436231
2958,38,2908,10/9/2020,137570,1196,108935,Chhattisgarh,29436231
2688,39,2719,10/10/2020,140258,1235,111654,Chhattisgarh,29436231
2114,18,2117,10/11/2020,142372,1253,113771,Chhattisgarh,29436231
2875,33,2769,10/12/2020,145247,1286,116540,Chhattisgarh,29436231
2619,20,2810,10/13/2020,147866,1306,119350,Chhattisgarh,29436231
2830,33,2198,10/14/2020,150696,1339,121548,Chhattisgarh,29436231
2819,46,2395,10/15/2020,153515,1385,123943,Chhattisgarh,29436231
2472,40,2926,10/16/2020,155987,1425,126869,Chhattisgarh,29436231
2515,14,3014,10/17/2020,158502,1439,129883,Chhattisgarh,29436231
1894,39,2285,10/18/2020,160396,1478,132168,Chhattisgarh,29436231
2376,56,3091,10/19/2020,162772,1534,135259,Chhattisgarh,29436231
2507,50,2727,10/20/2020,165279,1584,137986,Chhattisgarh,29436231
2360,44,2230,10/21/2020,167639,1628,140216,Chhattisgarh,29436231
2491,52,2996,10/22/2020,170130,1680,143212,Chhattisgarh,29436231
0,0,0,3/14/2020,0,0,0,Dadra & Nagar Haveli and Daman & Diu,615724
0,0,0,3/15/2020,0,0,0,Dadra & Nagar Haveli and Daman & Diu,615724
0,0,0,3/16/2020,0,0,0,Dadra & Nagar Haveli and Daman & Diu,615724
0,0,0,3/17/2020,0,0,0,Dadra & Nagar Haveli and Daman & Diu,615724
0,0,0,3/18/2020,0,0,0,Dadra & Nagar Haveli and Daman & Diu,615724
0,0,0,3/19/2020,0,0,0,Dadra & Nagar Haveli and Daman & Diu,615724
0,0,0,3/20/2020,0,0,0,Dadra & Nagar Haveli and Daman & Diu,615724
0,0,0,3/21/2020,0,0,0,Dadra & Nagar Haveli and Daman & Diu,615724
0,0,0,3/22/2020,0,0,0,Dadra & Nagar Haveli and Daman & Diu,615724
0,0,0,3/23/2020,0,0,0,Dadra & Nagar Haveli and Daman & Diu,615724
0,0,0,3/24/2020,0,0,0,Dadra & Nagar Haveli and Daman & Diu,615724
0,0,0,3/25/2020,0,0,0,Dadra & Nagar Haveli and Daman & Diu,615724
0,0,0,3/26/2020,0,0,0,Dadra & Nagar Haveli and Daman & Diu,615724
0,0,0,3/27/2020,0,0,0,Dadra & Nagar Haveli and Daman & Diu,615724
0,0,0,3/28/2020,0,0,0,Dadra & Nagar Haveli and Daman & Diu,615724
0,0,0,3/29/2020,0,0,0,Dadra & Nagar Haveli and Daman & Diu,615724
0,0,0,3/30/2020,0,0,0,Dadra & Nagar Haveli and Daman & Diu,615724
0,0,0,3/31/2020,0,0,0,Dadra & Nagar Haveli and Daman & Diu,615724
0,0,0,4/1/2020,0,0,0,Dadra & Nagar Haveli and Daman & Diu,615724
0,0,0,4/2/2020,0,0,0,Dadra & Nagar Haveli and Daman & Diu,615724
0,0,0,4/3/2020,0,0,0,Dadra & Nagar Haveli and Daman & Diu,615724
0,0,0,4/4/2020,0,0,0,Dadra & Nagar Haveli and Daman & Diu,615724
0,0,0,4/5/2020,0,0,0,Dadra & Nagar Haveli and Daman & Diu,615724
0,0,0,4/6/2020,0,0,0,Dadra & Nagar Haveli and Daman & Diu,615724
0,0,0,4/7/2020,0,0,0,Dadra & Nagar Haveli and Daman & Diu,615724
0,0,0,4/8/2020,0,0,0,Dadra & Nagar Haveli and Daman & Diu,615724
0,0,0,4/9/2020,0,0,0,Dadra & Nagar Haveli and Daman & Diu,615724
0,0,0,4/10/2020,0,0,0,Dadra & Nagar Haveli and Daman & Diu,615724
0,0,0,4/11/2020,0,0,0,Dadra & Nagar Haveli and Daman & Diu,615724
0,0,0,4/12/2020,0,0,0,Dadra & Nagar Haveli and Daman & Diu,615724
0,0,0,4/13/2020,0,0,0,Dadra & Nagar Haveli and Daman & Diu,615724
0,0,0,4/14/2020,0,0,0,Dadra & Nagar Haveli and Daman & Diu,615724
0,0,0,4/15/2020,0,0,0,Dadra & Nagar Haveli and Daman & Diu,615724
0,0,0,4/16/2020,0,0,0,Dadra & Nagar Haveli and Daman & Diu,615724
0,0,0,4/17/2020,0,0,0,Dadra & Nagar Haveli and Daman & Diu,615724
0,0,0,4/18/2020,0,0,0,Dadra & Nagar Haveli and Daman & Diu,615724
0,0,0,4/19/2020,0,0,0,Dadra & Nagar Haveli and Daman & Diu,615724
0,0,0,4/20/2020,0,0,0,Dadra & Nagar Haveli and Daman & Diu,615724
0,0,0,4/21/2020,0,0,0,Dadra & Nagar Haveli and Daman & Diu,615724
0,0,0,4/22/2020,0,0,0,Dadra & Nagar Haveli and Daman & Diu,615724
0,0,0,4/23/2020,0,0,0,Dadra & Nagar Haveli and Daman & Diu,615724
0,0,0,4/24/2020,0,0,0,Dadra & Nagar Haveli and Daman & Diu,615724
0,0,0,4/25/2020,0,0,0,Dadra & Nagar Haveli and Daman & Diu,615724
0,0,0,4/26/2020,0,0,0,Dadra & Nagar Haveli and Daman & Diu,615724
0,0,0,4/27/2020,0,0,0,Dadra & Nagar Haveli and Daman & Diu,615724
0,0,0,4/28/2020,0,0,0,Dadra & Nagar Haveli and Daman & Diu,615724
0,0,0,4/29/2020,0,0,0,Dadra & Nagar Haveli and Daman & Diu,615724
0,0,0,4/30/2020,0,0,0,Dadra & Nagar Haveli and Daman & Diu,615724
0,0,0,5/1/2020,0,0,0,Dadra & Nagar Haveli and Daman & Diu,615724
0,0,0,5/2/2020,0,0,0,Dadra & Nagar Haveli and Daman & Diu,615724
0,0,0,5/3/2020,0,0,0,Dadra & Nagar Haveli and Daman & Diu,615724
0,0,0,5/4/2020,0,0,0,Dadra & Nagar Haveli and Daman & Diu,615724
0,0,0,5/5/2020,0,0,0,Dadra & Nagar Haveli and Daman & Diu,615724
1,0,0,5/5/2020,1,0,0,Dadra & Nagar Haveli and Daman & Diu,615724
0,0,0,5/6/2020,1,0,0,Dadra & Nagar Haveli and Daman & Diu,615724
0,0,0,5/7/2020,1,0,0,Dadra & Nagar Haveli and Daman & Diu,615724
0,0,0,5/8/2020,1,0,0,Dadra & Nagar Haveli and Daman & Diu,615724
0,0,0,5/9/2020,1,0,0,Dadra & Nagar Haveli and Daman & Diu,615724
0,0,0,5/10/2020,1,0,0,Dadra & Nagar Haveli and Daman & Diu,615724
0,0,0,5/11/2020,1,0,0,Dadra & Nagar Haveli and Daman & Diu,615724
0,0,0,5/12/2020,1,0,0,Dadra & Nagar Haveli and Daman & Diu,615724
0,0,1,5/12/2020,1,0,1,Dadra & Nagar Haveli and Daman & Diu,615724
0,0,0,5/13/2020,1,0,1,Dadra & Nagar Haveli and Daman & Diu,615724
0,0,0,5/14/2020,1,0,1,Dadra & Nagar Haveli and Daman & Diu,615724
0,0,0,5/15/2020,1,0,1,Dadra & Nagar Haveli and Daman & Diu,615724
0,0,0,5/16/2020,1,0,1,Dadra & Nagar Haveli and Daman & Diu,615724
0,0,0,5/17/2020,1,0,1,Dadra & Nagar Haveli and Daman & Diu,615724
0,0,0,5/18/2020,1,0,1,Dadra & Nagar Haveli and Daman & Diu,615724
0,0,0,5/19/2020,1,0,1,Dadra & Nagar Haveli and Daman & Diu,615724
0,0,0,5/20/2020,1,0,1,Dadra & Nagar Haveli and Daman & Diu,615724
0,0,0,5/21/2020,1,0,1,Dadra & Nagar Haveli and Daman & Diu,615724
0,0,0,5/22/2020,1,0,1,Dadra & Nagar Haveli and Daman & Diu,615724
0,0,0,5/23/2020,1,0,1,Dadra & Nagar Haveli and Daman & Diu,615724
1,0,0,5/23/2020,2,0,1,Dadra & Nagar Haveli and Daman & Diu,615724
0,0,0,5/24/2020,2,0,1,Dadra & Nagar Haveli and Daman & Diu,615724
0,0,0,5/25/2020,2,0,1,Dadra & Nagar Haveli and Daman & Diu,615724
0,0,0,5/26/2020,2,0,1,Dadra & Nagar Haveli and Daman & Diu,615724
0,0,0,5/27/2020,2,0,1,Dadra & Nagar Haveli and Daman & Diu,615724
0,0,0,5/28/2020,2,0,1,Dadra & Nagar Haveli and Daman & Diu,615724
0,0,0,5/29/2020,2,0,1,Dadra & Nagar Haveli and Daman & Diu,615724
0,0,0,5/30/2020,2,0,1,Dadra & Nagar Haveli and Daman & Diu,615724
0,0,0,5/31/2020,2,0,1,Dadra & Nagar Haveli and Daman & Diu,615724
0,0,0,6/1/2020,2,0,1,Dadra & Nagar Haveli and Daman & Diu,615724
1,0,0,6/1/2020,3,0,1,Dadra & Nagar Haveli and Daman & Diu,615724
0,0,0,6/2/2020,3,0,1,Dadra & Nagar Haveli and Daman & Diu,615724
0,0,0,6/3/2020,3,0,1,Dadra & Nagar Haveli and Daman & Diu,615724
8,0,0,6/3/2020,11,0,1,Dadra & Nagar Haveli and Daman & Diu,615724
0,0,0,6/4/2020,11,0,1,Dadra & Nagar Haveli and Daman & Diu,615724
3,0,0,6/4/2020,14,0,1,Dadra & Nagar Haveli and Daman & Diu,615724
0,0,0,6/5/2020,14,0,1,Dadra & Nagar Haveli and Daman & Diu,615724
0,0,0,6/6/2020,14,0,1,Dadra & Nagar Haveli and Daman & Diu,615724
5,0,0,6/6/2020,19,0,1,Dadra & Nagar Haveli and Daman & Diu,615724
0,0,0,6/7/2020,19,0,1,Dadra & Nagar Haveli and Daman & Diu,615724
1,0,1,6/7/2020,20,0,2,Dadra & Nagar Haveli and Daman & Diu,615724
0,0,0,6/8/2020,20,0,2,Dadra & Nagar Haveli and Daman & Diu,615724
2,0,0,6/8/2020,22,0,2,Dadra & Nagar Haveli and Daman & Diu,615724
0,0,0,6/9/2020,22,0,2,Dadra & Nagar Haveli and Daman & Diu,615724
2,0,0,6/9/2020,24,0,2,Dadra & Nagar Haveli and Daman & Diu,615724
0,0,0,6/10/2020,24,0,2,Dadra & Nagar Haveli and Daman & Diu,615724
5,0,0,6/10/2020,29,0,2,Dadra & Nagar Haveli and Daman & Diu,615724
0,0,0,6/11/2020,29,0,2,Dadra & Nagar Haveli and Daman & Diu,615724
1,0,0,6/11/2020,30,0,2,Dadra & Nagar Haveli and Daman & Diu,615724
0,0,0,6/12/2020,30,0,2,Dadra & Nagar Haveli and Daman & Diu,615724
0,0,0,6/13/2020,30,0,2,Dadra & Nagar Haveli and Daman & Diu,615724
5,0,0,6/13/2020,35,0,2,Dadra & Nagar Haveli and Daman & Diu,615724
0,0,0,6/14/2020,35,0,2,Dadra & Nagar Haveli and Daman & Diu,615724
4,0,0,6/14/2020,39,0,2,Dadra & Nagar Haveli and Daman & Diu,615724
0,0,0,6/15/2020,39,0,2,Dadra & Nagar Haveli and Daman & Diu,615724
0,0,0,6/16/2020,39,0,2,Dadra & Nagar Haveli and Daman & Diu,615724
15,0,7,6/16/2020,54,0,9,Dadra & Nagar Haveli and Daman & Diu,615724
0,0,0,6/17/2020,54,0,9,Dadra & Nagar Haveli and Daman & Diu,615724
5,0,3,6/17/2020,59,0,12,Dadra & Nagar Haveli and Daman & Diu,615724
0,0,0,6/18/2020,59,0,12,Dadra & Nagar Haveli and Daman & Diu,615724
4,0,2,6/18/2020,63,0,14,Dadra & Nagar Haveli and Daman & Diu,615724
0,0,0,6/19/2020,63,0,14,Dadra & Nagar Haveli and Daman & Diu,615724
14,0,0,6/19/2020,77,0,14,Dadra & Nagar Haveli and Daman & Diu,615724
0,0,0,6/20/2020,77,0,14,Dadra & Nagar Haveli and Daman & Diu,615724
17,0,12,6/20/2020,94,0,26,Dadra & Nagar Haveli and Daman & Diu,615724
0,0,0,6/21/2020,94,0,26,Dadra & Nagar Haveli and Daman & Diu,615724
5,0,1,6/21/2020,99,0,27,Dadra & Nagar Haveli and Daman & Diu,615724
0,0,0,6/22/2020,99,0,27,Dadra & Nagar Haveli and Daman & Diu,615724
15,0,0,6/22/2020,114,0,27,Dadra & Nagar Haveli and Daman & Diu,615724
0,0,0,6/23/2020,114,0,27,Dadra & Nagar Haveli and Daman & Diu,615724
9,0,0,6/23/2020,123,0,27,Dadra & Nagar Haveli and Daman & Diu,615724
0,0,0,6/24/2020,123,0,27,Dadra & Nagar Haveli and Daman & Diu,615724
13,0,3,6/24/2020,136,0,30,Dadra & Nagar Haveli and Daman & Diu,615724
0,0,0,6/25/2020,136,0,30,Dadra & Nagar Haveli and Daman & Diu,615724
20,0,8,6/25/2020,156,0,38,Dadra & Nagar Haveli and Daman & Diu,615724
0,0,0,6/26/2020,156,0,38,Dadra & Nagar Haveli and Daman & Diu,615724
15,0,12,6/26/2020,171,0,50,Dadra & Nagar Haveli and Daman & Diu,615724
0,0,0,6/27/2020,171,0,50,Dadra & Nagar Haveli and Daman & Diu,615724
15,0,6,6/27/2020,186,0,56,Dadra & Nagar Haveli and Daman & Diu,615724
0,0,0,6/28/2020,186,0,56,Dadra & Nagar Haveli and Daman & Diu,615724
4,0,13,6/28/2020,190,0,69,Dadra & Nagar Haveli and Daman & Diu,615724
0,0,0,6/29/2020,190,0,69,Dadra & Nagar Haveli and Daman & Diu,615724
15,0,6,6/29/2020,205,0,75,Dadra & Nagar Haveli and Daman & Diu,615724
0,0,0,6/30/2020,205,0,75,Dadra & Nagar Haveli and Daman & Diu,615724
10,0,7,6/30/2020,215,0,82,Dadra & Nagar Haveli and Daman & Diu,615724
0,0,0,7/1/2020,215,0,82,Dadra & Nagar Haveli and Daman & Diu,615724
16,0,27,7/1/2020,231,0,109,Dadra & Nagar Haveli and Daman & Diu,615724
0,0,0,7/2/2020,231,0,109,Dadra & Nagar Haveli and Daman & Diu,615724
25,0,3,7/2/2020,256,0,112,Dadra & Nagar Haveli and Daman & Diu,615724
0,0,0,7/3/2020,256,0,112,Dadra & Nagar Haveli and Daman & Diu,615724
50,0,21,7/3/2020,306,0,133,Dadra & Nagar Haveli and Daman & Diu,615724
0,0,0,7/4/2020,306,0,133,Dadra & Nagar Haveli and Daman & Diu,615724
37,0,9,7/4/2020,343,0,142,Dadra & Nagar Haveli and Daman & Diu,615724
0,0,0,7/5/2020,343,0,142,Dadra & Nagar Haveli and Daman & Diu,615724
32,0,17,7/5/2020,375,0,159,Dadra & Nagar Haveli and Daman & Diu,615724
0,0,0,7/6/2020,375,0,159,Dadra & Nagar Haveli and Daman & Diu,615724
27,0,16,7/6/2020,402,0,175,Dadra & Nagar Haveli and Daman & Diu,615724
0,0,0,7/7/2020,402,0,175,Dadra & Nagar Haveli and Daman & Diu,615724
27,1,10,7/7/2020,429,1,185,Dadra & Nagar Haveli and Daman & Diu,615724
0,0,0,7/8/2020,429,1,185,Dadra & Nagar Haveli and Daman & Diu,615724
15,0,11,7/8/2020,444,1,196,Dadra & Nagar Haveli and Daman & Diu,615724
0,0,0,7/9/2020,444,1,196,Dadra & Nagar Haveli and Daman & Diu,615724
14,0,10,7/9/2020,458,1,206,Dadra & Nagar Haveli and Daman & Diu,615724
0,0,0,7/10/2020,458,1,206,Dadra & Nagar Haveli and Daman & Diu,615724
14,0,19,7/10/2020,472,1,225,Dadra & Nagar Haveli and Daman & Diu,615724
0,0,0,7/11/2020,472,1,225,Dadra & Nagar Haveli and Daman & Diu,615724
14,0,12,7/11/2020,486,1,237,Dadra & Nagar Haveli and Daman & Diu,615724
0,0,0,7/12/2020,486,1,237,Dadra & Nagar Haveli and Daman & Diu,615724
16,0,31,7/12/2020,502,1,268,Dadra & Nagar Haveli and Daman & Diu,615724
0,0,0,7/13/2020,502,1,268,Dadra & Nagar Haveli and Daman & Diu,615724
25,0,42,7/13/2020,527,1,310,Dadra & Nagar Haveli and Daman & Diu,615724
0,0,0,7/14/2020,527,1,310,Dadra & Nagar Haveli and Daman & Diu,615724
16,0,33,7/14/2020,543,1,343,Dadra & Nagar Haveli and Daman & Diu,615724
0,0,0,7/15/2020,543,1,343,Dadra & Nagar Haveli and Daman & Diu,615724
17,1,28,7/15/2020,560,2,371,Dadra & Nagar Haveli and Daman & Diu,615724
0,0,0,7/16/2020,560,2,371,Dadra & Nagar Haveli and Daman & Diu,615724
18,0,21,7/16/2020,578,2,392,Dadra & Nagar Haveli and Daman & Diu,615724
0,0,0,7/17/2020,578,2,392,Dadra & Nagar Haveli and Daman & Diu,615724
32,0,22,7/17/2020,610,2,414,Dadra & Nagar Haveli and Daman & Diu,615724
0,0,0,7/18/2020,610,2,414,Dadra & Nagar Haveli and Daman & Diu,615724
45,0,22,7/18/2020,655,2,436,Dadra & Nagar Haveli and Daman & Diu,615724
0,0,0,7/19/2020,655,2,436,Dadra & Nagar Haveli and Daman & Diu,615724
37,0,14,7/19/2020,692,2,450,Dadra & Nagar Haveli and Daman & Diu,615724
0,0,0,7/20/2020,692,2,450,Dadra & Nagar Haveli and Daman & Diu,615724
21,0,15,7/20/2020,713,2,465,Dadra & Nagar Haveli and Daman & Diu,615724
0,0,0,7/21/2020,713,2,465,Dadra & Nagar Haveli and Daman & Diu,615724
28,0,10,7/21/2020,741,2,475,Dadra & Nagar Haveli and Daman & Diu,615724
0,0,0,7/22/2020,741,2,475,Dadra & Nagar Haveli and Daman & Diu,615724
36,0,15,7/22/2020,777,2,490,Dadra & Nagar Haveli and Daman & Diu,615724
0,0,0,7/23/2020,777,2,490,Dadra & Nagar Haveli and Daman & Diu,615724
45,0,23,7/23/2020,822,2,513,Dadra & Nagar Haveli and Daman & Diu,615724
0,0,0,7/24/2020,822,2,513,Dadra & Nagar Haveli and Daman & Diu,615724
44,0,18,7/24/2020,866,2,531,Dadra & Nagar Haveli and Daman & Diu,615724
0,0,0,7/25/2020,866,2,531,Dadra & Nagar Haveli and Daman & Diu,615724
37,0,13,7/25/2020,903,2,544,Dadra & Nagar Haveli and Daman & Diu,615724
0,0,0,7/26/2020,903,2,544,Dadra & Nagar Haveli and Daman & Diu,615724
49,0,21,7/26/2020,952,2,565,Dadra & Nagar Haveli and Daman & Diu,615724
0,0,0,7/27/2020,952,2,565,Dadra & Nagar Haveli and Daman & Diu,615724
36,0,32,7/27/2020,988,2,597,Dadra & Nagar Haveli and Daman & Diu,615724
0,0,0,7/28/2020,988,2,597,Dadra & Nagar Haveli and Daman & Diu,615724
44,0,51,7/28/2020,1032,2,648,Dadra & Nagar Haveli and Daman & Diu,615724
0,0,0,7/29/2020,1032,2,648,Dadra & Nagar Haveli and Daman & Diu,615724
38,0,19,7/29/2020,1070,2,667,Dadra & Nagar Haveli and Daman & Diu,615724
0,0,0,7/30/2020,1070,2,667,Dadra & Nagar Haveli and Daman & Diu,615724
35,0,17,7/30/2020,1105,2,684,Dadra & Nagar Haveli and Daman & Diu,615724
0,0,0,7/31/2020,1105,2,684,Dadra & Nagar Haveli and Daman & Diu,615724
46,0,41,7/31/2020,1151,2,725,Dadra & Nagar Haveli and Daman & Diu,615724
0,0,0,8/1/2020,1151,2,725,Dadra & Nagar Haveli and Daman & Diu,615724
45,0,30,8/1/2020,1196,2,755,Dadra & Nagar Haveli and Daman & Diu,615724
0,0,0,8/2/2020,1196,2,755,Dadra & Nagar Haveli and Daman & Diu,615724
55,0,49,8/2/2020,1251,2,804,Dadra & Nagar Haveli and Daman & Diu,615724
0,0,0,8/3/2020,1251,2,804,Dadra & Nagar Haveli and Daman & Diu,615724
35,0,62,8/3/2020,1286,2,866,Dadra & Nagar Haveli and Daman & Diu,615724
0,0,0,8/4/2020,1286,2,866,Dadra & Nagar Haveli and Daman & Diu,615724
43,0,54,8/4/2020,1329,2,920,Dadra & Nagar Haveli and Daman & Diu,615724
0,0,0,8/5/2020,1329,2,920,Dadra & Nagar Haveli and Daman & Diu,615724
45,0,41,8/5/2020,1374,2,961,Dadra & Nagar Haveli and Daman & Diu,615724
0,0,0,8/6/2020,1374,2,961,Dadra & Nagar Haveli and Daman & Diu,615724
43,0,36,8/6/2020,1417,2,997,Dadra & Nagar Haveli and Daman & Diu,615724
0,0,0,8/7/2020,1417,2,997,Dadra & Nagar Haveli and Daman & Diu,615724
44,0,41,8/7/2020,1461,2,1038,Dadra & Nagar Haveli and Daman & Diu,615724
0,0,0,8/8/2020,1461,2,1038,Dadra & Nagar Haveli and Daman & Diu,615724
51,0,51,8/8/2020,1512,2,1089,Dadra & Nagar Haveli and Daman & Diu,615724
0,0,0,8/9/2020,1512,2,1089,Dadra & Nagar Haveli and Daman & Diu,615724
45,0,28,8/9/2020,1557,2,1117,Dadra & Nagar Haveli and Daman & Diu,615724
0,0,0,8/10/2020,1557,2,1117,Dadra & Nagar Haveli and Daman & Diu,615724
62,0,50,8/10/2020,1619,2,1167,Dadra & Nagar Haveli and Daman & Diu,615724
0,0,0,8/11/2020,1619,2,1167,Dadra & Nagar Haveli and Daman & Diu,615724
39,0,41,8/11/2020,1658,2,1208,Dadra & Nagar Haveli and Daman & Diu,615724
0,0,0,8/12/2020,1658,2,1208,Dadra & Nagar Haveli and Daman & Diu,615724
39,0,35,8/12/2020,1697,2,1243,Dadra & Nagar Haveli and Daman & Diu,615724
0,0,0,8/13/2020,1697,2,1243,Dadra & Nagar Haveli and Daman & Diu,615724
46,0,38,8/13/2020,1743,2,1281,Dadra & Nagar Haveli and Daman & Diu,615724
0,0,0,8/14/2020,1743,2,1281,Dadra & Nagar Haveli and Daman & Diu,615724
41,0,31,8/14/2020,1784,2,1312,Dadra & Nagar Haveli and Daman & Diu,615724
0,0,0,8/15/2020,1784,2,1312,Dadra & Nagar Haveli and Daman & Diu,615724
64,0,72,8/15/2020,1848,2,1384,Dadra & Nagar Haveli and Daman & Diu,615724
0,0,0,8/16/2020,1848,2,1384,Dadra & Nagar Haveli and Daman & Diu,615724
35,0,47,8/16/2020,1883,2,1431,Dadra & Nagar Haveli and Daman & Diu,615724
0,0,0,8/17/2020,1883,2,1431,Dadra & Nagar Haveli and Daman & Diu,615724
27,0,49,8/17/2020,1910,2,1480,Dadra & Nagar Haveli and Daman & Diu,615724
0,0,0,8/18/2020,1910,2,1480,Dadra & Nagar Haveli and Daman & Diu,615724
51,0,39,8/18/2020,1961,2,1519,Dadra & Nagar Haveli and Daman & Diu,615724
0,0,0,8/19/2020,1961,2,1519,Dadra & Nagar Haveli and Daman & Diu,615724
37,0,48,8/19/2020,1998,2,1567,Dadra & Nagar Haveli and Daman & Diu,615724
0,0,0,8/20/2020,1998,2,1567,Dadra & Nagar Haveli and Daman & Diu,615724
34,0,46,8/20/2020,2032,2,1613,Dadra & Nagar Haveli and Daman & Diu,615724
0,0,0,8/21/2020,2032,2,1613,Dadra & Nagar Haveli and Daman & Diu,615724
53,0,39,8/21/2020,2085,2,1652,Dadra & Nagar Haveli and Daman & Diu,615724
0,0,0,8/22/2020,2085,2,1652,Dadra & Nagar Haveli and Daman & Diu,615724
40,0,50,8/22/2020,2125,2,1702,Dadra & Nagar Haveli and Daman & Diu,615724
0,0,0,8/23/2020,2125,2,1702,Dadra & Nagar Haveli and Daman & Diu,615724
36,0,42,8/23/2020,2161,2,1744,Dadra & Nagar Haveli and Daman & Diu,615724
0,0,0,8/24/2020,2161,2,1744,Dadra & Nagar Haveli and Daman & Diu,615724
18,0,39,8/24/2020,2179,2,1783,Dadra & Nagar Haveli and Daman & Diu,615724
0,0,0,8/25/2020,2179,2,1783,Dadra & Nagar Haveli and Daman & Diu,615724
21,0,33,8/25/2020,2200,2,1816,Dadra & Nagar Haveli and Daman & Diu,615724
0,0,0,8/26/2020,2200,2,1816,Dadra & Nagar Haveli and Daman & Diu,615724
22,0,41,8/26/2020,2222,2,1857,Dadra & Nagar Haveli and Daman & Diu,615724
0,0,0,8/27/2020,2222,2,1857,Dadra & Nagar Haveli and Daman & Diu,615724
42,0,56,8/27/2020,2264,2,1913,Dadra & Nagar Haveli and Daman & Diu,615724
0,0,0,8/28/2020,2264,2,1913,Dadra & Nagar Haveli and Daman & Diu,615724
31,0,47,8/28/2020,2295,2,1960,Dadra & Nagar Haveli and Daman & Diu,615724
0,0,0,8/29/2020,2295,2,1960,Dadra & Nagar Haveli and Daman & Diu,615724
15,0,29,8/29/2020,2310,2,1989,Dadra & Nagar Haveli and Daman & Diu,615724
0,0,0,8/30/2020,2310,2,1989,Dadra & Nagar Haveli and Daman & Diu,615724
32,0,53,8/30/2020,2342,2,2042,Dadra & Nagar Haveli and Daman & Diu,615724
0,0,0,8/31/2020,2342,2,2042,Dadra & Nagar Haveli and Daman & Diu,615724
27,0,39,8/31/2020,2369,2,2081,Dadra & Nagar Haveli and Daman & Diu,615724
0,0,0,9/1/2020,2369,2,2081,Dadra & Nagar Haveli and Daman & Diu,615724
19,0,41,9/1/2020,2388,2,2122,Dadra & Nagar Haveli and Daman & Diu,615724
0,0,0,9/2/2020,2388,2,2122,Dadra & Nagar Haveli and Daman & Diu,615724
44,0,17,9/2/2020,2432,2,2139,Dadra & Nagar Haveli and Daman & Diu,615724
0,0,0,9/3/2020,2432,2,2139,Dadra & Nagar Haveli and Daman & Diu,615724
29,0,20,9/3/2020,2461,2,2159,Dadra & Nagar Haveli and Daman & Diu,615724
0,0,0,9/4/2020,2461,2,2159,Dadra & Nagar Haveli and Daman & Diu,615724
51,0,43,9/4/2020,2512,2,2202,Dadra & Nagar Haveli and Daman & Diu,615724
0,0,0,9/5/2020,2512,2,2202,Dadra & Nagar Haveli and Daman & Diu,615724
21,0,28,9/5/2020,2533,2,2230,Dadra & Nagar Haveli and Daman & Diu,615724
0,0,0,9/6/2020,2533,2,2230,Dadra & Nagar Haveli and Daman & Diu,615724
38,0,27,9/6/2020,2571,2,2257,Dadra & Nagar Haveli and Daman & Diu,615724
0,0,0,9/7/2020,2571,2,2257,Dadra & Nagar Haveli and Daman & Diu,615724
15,0,20,9/7/2020,2586,2,2277,Dadra & Nagar Haveli and Daman & Diu,615724
0,0,0,9/8/2020,2586,2,2277,Dadra & Nagar Haveli and Daman & Diu,615724
27,0,32,9/8/2020,2613,2,2309,Dadra & Nagar Haveli and Daman & Diu,615724
0,0,0,9/9/2020,2613,2,2309,Dadra & Nagar Haveli and Daman & Diu,615724
26,0,24,9/9/2020,2639,2,2333,Dadra & Nagar Haveli and Daman & Diu,615724
0,0,0,9/10/2020,2639,2,2333,Dadra & Nagar Haveli and Daman & Diu,615724
28,0,29,9/10/2020,2667,2,2362,Dadra & Nagar Haveli and Daman & Diu,615724
0,0,0,9/11/2020,2667,2,2362,Dadra & Nagar Haveli and Daman & Diu,615724
25,0,39,9/11/2020,2692,2,2401,Dadra & Nagar Haveli and Daman & Diu,615724
0,0,0,9/12/2020,2692,2,2401,Dadra & Nagar Haveli and Daman & Diu,615724
29,0,30,9/12/2020,2721,2,2431,Dadra & Nagar Haveli and Daman & Diu,615724
0,0,0,9/13/2020,2721,2,2431,Dadra & Nagar Haveli and Daman & Diu,615724
20,0,44,9/13/2020,2741,2,2475,Dadra & Nagar Haveli and Daman & Diu,615724
0,0,0,9/14/2020,2741,2,2475,Dadra & Nagar Haveli and Daman & Diu,615724
24,0,30,9/14/2020,2765,2,2505,Dadra & Nagar Haveli and Daman & Diu,615724
0,0,0,9/15/2020,2765,2,2505,Dadra & Nagar Haveli and Daman & Diu,615724
18,0,32,9/15/2020,2783,2,2537,Dadra & Nagar Haveli and Daman & Diu,615724
0,0,0,9/16/2020,2783,2,2537,Dadra & Nagar Haveli and Daman & Diu,615724
27,0,23,9/16/2020,2810,2,2560,Dadra & Nagar Haveli and Daman & Diu,615724
0,0,0,9/17/2020,2810,2,2560,Dadra & Nagar Haveli and Daman & Diu,615724
21,0,33,9/17/2020,2831,2,2593,Dadra & Nagar Haveli and Daman & Diu,615724
0,0,0,9/18/2020,2831,2,2593,Dadra & Nagar Haveli and Daman & Diu,615724
28,0,31,9/18/2020,2859,2,2624,Dadra & Nagar Haveli and Daman & Diu,615724
0,0,0,9/19/2020,2859,2,2624,Dadra & Nagar Haveli and Daman & Diu,615724
28,0,28,9/19/2020,2887,2,2652,Dadra & Nagar Haveli and Daman & Diu,615724
0,0,0,9/20/2020,2887,2,2652,Dadra & Nagar Haveli and Daman & Diu,615724
37,0,16,9/20/2020,2924,2,2668,Dadra & Nagar Haveli and Daman & Diu,615724
0,0,0,9/21/2020,2924,2,2668,Dadra & Nagar Haveli and Daman & Diu,615724
9,0,16,9/21/2020,2933,2,2684,Dadra & Nagar Haveli and Daman & Diu,615724
0,0,0,9/22/2020,2933,2,2684,Dadra & Nagar Haveli and Daman & Diu,615724
11,0,30,9/22/2020,2944,2,2714,Dadra & Nagar Haveli and Daman & Diu,615724
0,0,0,9/23/2020,2944,2,2714,Dadra & Nagar Haveli and Daman & Diu,615724
18,0,9,9/23/2020,2962,2,2723,Dadra & Nagar Haveli and Daman & Diu,615724
0,0,0,9/24/2020,2962,2,2723,Dadra & Nagar Haveli and Daman & Diu,615724
15,0,26,9/24/2020,2977,2,2749,Dadra & Nagar Haveli and Daman & Diu,615724
0,0,0,9/25/2020,2977,2,2749,Dadra & Nagar Haveli and Daman & Diu,615724
12,0,19,9/25/2020,2989,2,2768,Dadra & Nagar Haveli and Daman & Diu,615724
0,0,0,9/26/2020,2989,2,2768,Dadra & Nagar Haveli and Daman & Diu,615724
7,0,25,9/26/2020,2996,2,2793,Dadra & Nagar Haveli and Daman & Diu,615724
0,0,0,9/27/2020,2996,2,2793,Dadra & Nagar Haveli and Daman & Diu,615724
6,0,16,9/27/2020,3002,2,2809,Dadra & Nagar Haveli and Daman & Diu,615724
0,0,0,9/28/2020,3002,2,2809,Dadra & Nagar Haveli and Daman & Diu,615724
10,0,30,9/28/2020,3012,2,2839,Dadra & Nagar Haveli and Daman & Diu,615724
0,0,0,9/29/2020,3012,2,2839,Dadra & Nagar Haveli and Daman & Diu,615724
20,0,33,9/29/2020,3032,2,2872,Dadra & Nagar Haveli and Daman & Diu,615724
0,0,0,9/30/2020,3032,2,2872,Dadra & Nagar Haveli and Daman & Diu,615724
8,0,19,9/30/2020,3040,2,2891,Dadra & Nagar Haveli and Daman & Diu,615724
0,0,0,10/1/2020,3040,2,2891,Dadra & Nagar Haveli and Daman & Diu,615724
14,0,10,10/1/2020,3054,2,2901,Dadra & Nagar Haveli and Daman & Diu,615724
0,0,0,10/2/2020,3054,2,2901,Dadra & Nagar Haveli and Daman & Diu,615724
7,0,20,10/2/2020,3061,2,2921,Dadra & Nagar Haveli and Daman & Diu,615724
0,0,0,10/3/2020,3061,2,2921,Dadra & Nagar Haveli and Daman & Diu,615724
7,0,8,10/3/2020,3068,2,2929,Dadra & Nagar Haveli and Daman & Diu,615724
0,0,0,10/4/2020,3068,2,2929,Dadra & Nagar Haveli and Daman & Diu,615724
17,0,11,10/4/2020,3085,2,2940,Dadra & Nagar Haveli and Daman & Diu,615724
0,0,0,10/5/2020,3085,2,2940,Dadra & Nagar Haveli and Daman & Diu,615724
5,0,8,10/5/2020,3090,2,2948,Dadra & Nagar Haveli and Daman & Diu,615724
0,0,0,10/6/2020,3090,2,2948,Dadra & Nagar Haveli and Daman & Diu,615724
11,0,9,10/6/2020,3101,2,2957,Dadra & Nagar Haveli and Daman & Diu,615724
0,0,0,10/7/2020,3101,2,2957,Dadra & Nagar Haveli and Daman & Diu,615724
17,0,11,10/7/2020,3118,2,2968,Dadra & Nagar Haveli and Daman & Diu,615724
0,0,0,10/8/2020,3118,2,2968,Dadra & Nagar Haveli and Daman & Diu,615724
11,0,15,10/8/2020,3129,2,2983,Dadra & Nagar Haveli and Daman & Diu,615724
0,0,0,10/9/2020,3129,2,2983,Dadra & Nagar Haveli and Daman & Diu,615724
8,0,12,10/9/2020,3137,2,2995,Dadra & Nagar Haveli and Daman & Diu,615724
0,0,0,10/10/2020,3137,2,2995,Dadra & Nagar Haveli and Daman & Diu,615724
12,0,13,10/10/2020,3149,2,3008,Dadra & Nagar Haveli and Daman & Diu,615724
0,0,0,10/11/2020,3149,2,3008,Dadra & Nagar Haveli and Daman & Diu,615724
11,0,9,10/11/2020,3160,2,3017,Dadra & Nagar Haveli and Daman & Diu,615724
0,0,0,10/12/2020,3160,2,3017,Dadra & Nagar Haveli and Daman & Diu,615724
5,0,5,10/12/2020,3165,2,3022,Dadra & Nagar Haveli and Daman & Diu,615724
0,0,0,10/13/2020,3165,2,3022,Dadra & Nagar Haveli and Daman & Diu,615724
0,0,17,10/13/2020,3165,2,3039,Dadra & Nagar Haveli and Daman & Diu,615724
0,0,0,10/14/2020,3165,2,3039,Dadra & Nagar Haveli and Daman & Diu,615724
3,0,9,10/14/2020,3168,2,3048,Dadra & Nagar Haveli and Daman & Diu,615724
0,0,0,10/15/2020,3168,2,3048,Dadra & Nagar Haveli and Daman & Diu,615724
1,0,8,10/15/2020,3169,2,3056,Dadra & Nagar Haveli and Daman & Diu,615724
0,0,0,10/16/2020,3169,2,3056,Dadra & Nagar Haveli and Daman & Diu,615724
5,0,11,10/16/2020,3174,2,3067,Dadra & Nagar Haveli and Daman & Diu,615724
0,0,0,10/17/2020,3174,2,3067,Dadra & Nagar Haveli and Daman & Diu,615724
3,0,10,10/17/2020,3177,2,3077,Dadra & Nagar Haveli and Daman & Diu,615724
0,0,0,10/18/2020,3177,2,3077,Dadra & Nagar Haveli and Daman & Diu,615724
3,0,8,10/18/2020,3180,2,3085,Dadra & Nagar Haveli and Daman & Diu,615724
0,0,0,10/19/2020,3180,2,3085,Dadra & Nagar Haveli and Daman & Diu,615724
2,0,13,10/19/2020,3182,2,3098,Dadra & Nagar Haveli and Daman & Diu,615724
0,0,0,10/20/2020,3182,2,3098,Dadra & Nagar Haveli and Daman & Diu,615724
9,0,13,10/20/2020,3191,2,3111,Dadra & Nagar Haveli and Daman & Diu,615724
0,0,0,10/21/2020,3191,2,3111,Dadra & Nagar Haveli and Daman & Diu,615724
13,0,8,10/21/2020,3204,2,3119,Dadra & Nagar Haveli and Daman & Diu,615724
0,0,0,10/22/2020,3204,2,3119,Dadra & Nagar Haveli and Daman & Diu,615724
2,0,1,10/22/2020,3206,2,3120,Dadra & Nagar Haveli and Daman & Diu,615724
7,1,1,3/14/2020,7,1,1,Delhi,18710922
0,0,1,3/15/2020,7,1,2,Delhi,18710922
0,0,0,3/16/2020,7,1,2,Delhi,18710922
1,0,0,3/17/2020,8,1,2,Delhi,18710922
2,0,0,3/18/2020,10,1,2,Delhi,18710922
4,0,1,3/19/2020,14,1,3,Delhi,18710922
6,0,2,3/20/2020,20,1,5,Delhi,18710922
7,0,0,3/21/2020,27,1,5,Delhi,18710922
0,0,0,3/22/2020,27,1,5,Delhi,18710922
3,0,0,3/23/2020,30,1,5,Delhi,18710922
0,0,1,3/24/2020,30,1,6,Delhi,18710922
5,0,0,3/25/2020,35,1,6,Delhi,18710922
1,0,0,3/26/2020,36,1,6,Delhi,18710922
4,0,0,3/27/2020,40,1,6,Delhi,18710922
9,0,0,3/28/2020,49,1,6,Delhi,18710922
23,1,0,3/29/2020,72,2,6,Delhi,18710922
25,0,0,3/30/2020,97,2,6,Delhi,18710922
23,0,0,3/31/2020,120,2,6,Delhi,18710922
32,0,0,4/1/2020,152,2,6,Delhi,18710922
141,2,2,4/2/2020,293,4,8,Delhi,18710922
93,2,0,4/3/2020,386,6,8,Delhi,18710922
59,0,8,4/4/2020,445,6,16,Delhi,18710922
58,1,0,4/5/2020,503,7,16,Delhi,18710922
22,0,0,4/6/2020,525,7,16,Delhi,18710922
51,2,4,4/7/2020,576,9,20,Delhi,18710922
93,0,1,4/8/2020,669,9,21,Delhi,18710922
51,3,4,4/9/2020,720,12,25,Delhi,18710922
183,2,2,4/10/2020,903,14,27,Delhi,18710922
166,5,0,4/11/2020,1069,19,27,Delhi,18710922
85,5,1,4/12/2020,1154,24,28,Delhi,18710922
356,4,3,4/13/2020,1510,28,31,Delhi,18710922
51,2,0,4/14/2020,1561,30,31,Delhi,18710922
17,2,10,4/15/2020,1578,32,41,Delhi,18710922
62,6,11,4/16/2020,1640,38,52,Delhi,18710922
67,4,20,4/17/2020,1707,42,72,Delhi,18710922
186,1,135,4/18/2020,1893,43,207,Delhi,18710922
110,2,83,4/19/2020,2003,45,290,Delhi,18710922
78,2,141,4/20/2020,2081,47,431,Delhi,18710922
75,0,180,4/21/2020,2156,47,611,Delhi,18710922
92,1,113,4/22/2020,2248,48,724,Delhi,18710922
128,2,84,4/23/2020,2376,50,808,Delhi,18710922
138,3,49,4/24/2020,2514,53,857,Delhi,18710922
111,1,12,4/25/2020,2625,54,869,Delhi,18710922
293,0,8,4/26/2020,2918,54,877,Delhi,18710922
190,0,0,4/27/2020,3108,54,877,Delhi,18710922
206,0,201,4/28/2020,3314,54,1078,Delhi,18710922
125,2,14,4/29/2020,3439,56,1092,Delhi,18710922
76,3,2,4/30/2020,3515,59,1094,Delhi,18710922
223,2,73,5/1/2020,3738,61,1167,Delhi,18710922
384,3,89,5/2/2020,4122,64,1256,Delhi,18710922
427,0,106,5/3/2020,4549,64,1362,Delhi,18710922
349,0,69,5/4/2020,4898,64,1431,Delhi,18710922
206,0,37,5/5/2020,5104,64,1468,Delhi,18710922
428,1,74,5/6/2020,5532,65,1542,Delhi,18710922
448,1,389,5/7/2020,5980,66,1931,Delhi,18710922
338,2,89,5/8/2020,6318,68,2020,Delhi,18710922
224,0,0,5/9/2020,6542,68,2020,Delhi,18710922
381,5,49,5/10/2020,6923,73,2069,Delhi,18710922
310,0,60,5/11/2020,7233,73,2129,Delhi,18710922
406,13,383,5/12/2020,7639,86,2512,Delhi,18710922
359,20,346,5/13/2020,7998,106,2858,Delhi,18710922
472,9,187,5/14/2020,8470,115,3045,Delhi,18710922
425,8,473,5/15/2020,8895,123,3518,Delhi,18710922
438,6,408,5/16/2020,9333,129,3926,Delhi,18710922
422,19,276,5/17/2020,9755,148,4202,Delhi,18710922
299,12,283,5/18/2020,10054,160,4485,Delhi,18710922
500,6,265,5/19/2020,10554,166,4750,Delhi,18710922
534,10,442,5/20/2020,11088,176,5192,Delhi,18710922
571,18,375,5/21/2020,11659,194,5567,Delhi,18710922
660,14,330,5/22/2020,12319,208,5897,Delhi,18710922
591,23,370,5/23/2020,12910,231,6267,Delhi,18710922
508,30,273,5/24/2020,13418,261,6540,Delhi,18710922
635,15,231,5/25/2020,14053,276,6771,Delhi,18710922
412,12,183,5/26/2020,14465,288,6954,Delhi,18710922
792,15,310,5/27/2020,15257,303,7264,Delhi,18710922
1024,13,231,5/28/2020,16281,316,7495,Delhi,18710922
1105,82,351,5/29/2020,17386,398,7846,Delhi,18710922
1163,18,229,5/30/2020,18549,416,8075,Delhi,18710922
1295,57,403,5/31/2020,19844,473,8478,Delhi,18710922
990,50,268,6/1/2020,20834,523,8746,Delhi,18710922
1298,33,497,6/2/2020,22132,556,9243,Delhi,18710922
1513,59,299,6/3/2020,23645,615,9542,Delhi,18710922
1359,44,356,6/4/2020,25004,659,9898,Delhi,18710922
1330,49,417,6/5/2020,26334,708,10315,Delhi,18710922
1320,53,349,6/6/2020,27654,761,10664,Delhi,18710922
1282,51,335,6/7/2020,28936,812,10999,Delhi,18710922
1007,62,358,6/8/2020,29943,874,11357,Delhi,18710922
1366,31,504,6/9/2020,31309,905,11861,Delhi,18710922
1501,79,384,6/10/2020,32810,984,12245,Delhi,18710922
1877,101,486,6/11/2020,34687,1085,12731,Delhi,18710922
2137,129,667,6/12/2020,36824,1214,13398,Delhi,18710922
2134,57,1547,6/13/2020,38958,1271,14945,Delhi,18710922
2224,56,878,6/14/2020,41182,1327,15823,Delhi,18710922
1647,73,604,6/15/2020,42829,1400,16427,Delhi,18710922
1859,437,73,6/16/2020,44688,1837,16500,Delhi,18710922
2414,67,957,6/17/2020,47102,1904,17457,Delhi,18710922
2877,65,3884,6/18/2020,49979,1969,21341,Delhi,18710922
3137,66,2228,6/19/2020,53116,2035,23569,Delhi,18710922
3630,77,7725,6/20/2020,56746,2112,31294,Delhi,18710922
3000,63,1719,6/21/2020,59746,2175,33013,Delhi,18710922
2909,58,3589,6/22/2020,62655,2233,36602,Delhi,18710922
3947,68,2711,6/23/2020,66602,2301,39313,Delhi,18710922
3788,64,2124,6/24/2020,70390,2365,41437,Delhi,18710922
3390,64,3328,6/25/2020,73780,2429,44765,Delhi,18710922
3460,63,2326,6/26/2020,77240,2492,47091,Delhi,18710922
2948,66,2210,6/27/2020,80188,2558,49301,Delhi,18710922
2889,65,3306,6/28/2020,83077,2623,52607,Delhi,18710922
2084,57,3628,6/29/2020,85161,2680,56235,Delhi,18710922
2199,62,2113,6/30/2020,87360,2742,58348,Delhi,18710922
2442,61,1644,7/1/2020,89802,2803,59992,Delhi,18710922
2373,61,3015,7/2/2020,92175,2864,63007,Delhi,18710922
2520,59,2617,7/3/2020,94695,2923,65624,Delhi,18710922
2505,81,2632,7/4/2020,97200,3004,68256,Delhi,18710922
2244,63,3083,7/5/2020,99444,3067,71339,Delhi,18710922
1379,48,749,7/6/2020,100823,3115,72088,Delhi,18710922
2008,50,2129,7/7/2020,102831,3165,74217,Delhi,18710922
2033,48,3982,7/8/2020,104864,3213,78199,Delhi,18710922
2187,45,4027,7/9/2020,107051,3258,82226,Delhi,18710922
2089,42,2468,7/10/2020,109140,3300,84694,Delhi,18710922
1781,34,2998,7/11/2020,110921,3334,87692,Delhi,18710922
1573,37,2276,7/12/2020,112494,3371,89968,Delhi,18710922
1246,40,1344,7/13/2020,113740,3411,91312,Delhi,18710922
1606,35,1924,7/14/2020,115346,3446,93236,Delhi,18710922
1647,41,2463,7/15/2020,116993,3487,95699,Delhi,18710922
1652,58,1994,7/16/2020,118645,3545,97693,Delhi,18710922
1462,26,1608,7/17/2020,120107,3571,99301,Delhi,18710922
1475,26,1973,7/18/2020,121582,3597,101274,Delhi,18710922
1211,31,1860,7/19/2020,122793,3628,103134,Delhi,18710922
954,35,1784,7/20/2020,123747,3663,104918,Delhi,18710922
1349,27,1200,7/21/2020,125096,3690,106118,Delhi,18710922
1227,29,1532,7/22/2020,126323,3719,107650,Delhi,18710922
1041,26,1415,7/23/2020,127364,3745,109065,Delhi,18710922
1025,32,1866,7/24/2020,128389,3777,110931,Delhi,18710922
1142,29,2137,7/25/2020,129531,3806,113068,Delhi,18710922
1075,21,1807,7/26/2020,130606,3827,114875,Delhi,18710922
613,26,1497,7/27/2020,131219,3853,116372,Delhi,18710922
1056,28,1135,7/28/2020,132275,3881,117507,Delhi,18710922
1035,26,1126,7/29/2020,133310,3907,118633,Delhi,18710922
1093,29,1091,7/30/2020,134403,3936,119724,Delhi,18710922
1195,27,1206,7/31/2020,135598,3963,120930,Delhi,18710922
1118,26,1201,8/1/2020,136716,3989,122131,Delhi,18710922
961,15,1186,8/2/2020,137677,4004,123317,Delhi,18710922
805,17,937,8/3/2020,138482,4021,124254,Delhi,18710922
674,12,972,8/4/2020,139156,4033,125226,Delhi,18710922
1076,11,890,8/5/2020,140232,4044,126116,Delhi,18710922
1299,15,1008,8/6/2020,141531,4059,127124,Delhi,18710922
1192,23,1108,8/7/2020,142723,4082,128232,Delhi,18710922
1404,16,1130,8/8/2020,144127,4098,129362,Delhi,18710922
1300,13,1225,8/9/2020,145427,4111,130587,Delhi,18710922
707,20,1070,8/10/2020,146134,4131,131657,Delhi,18710922
1257,8,727,8/11/2020,147391,4139,132384,Delhi,18710922
1113,14,1021,8/12/2020,148504,4153,133405,Delhi,18710922
956,14,913,8/13/2020,149460,4167,134318,Delhi,18710922
1192,11,790,8/14/2020,150652,4178,135108,Delhi,18710922
1276,10,1143,8/15/2020,151928,4188,136251,Delhi,18710922
652,8,1310,8/16/2020,152580,4196,137561,Delhi,18710922
787,18,740,8/17/2020,153367,4214,138301,Delhi,18710922
1374,12,1146,8/18/2020,154741,4226,139447,Delhi,18710922
1398,9,1320,8/19/2020,156139,4235,140767,Delhi,18710922
1215,22,1059,8/20/2020,157354,4257,141826,Delhi,18710922
1250,13,1082,8/21/2020,158604,4270,142908,Delhi,18710922
1412,14,1230,8/22/2020,160016,4284,144138,Delhi,18710922
1450,16,1250,8/23/2020,161466,4300,145388,Delhi,18710922
1061,13,1200,8/24/2020,162527,4313,146588,Delhi,18710922
1544,17,1155,8/25/2020,164071,4330,147743,Delhi,18710922
1693,17,1154,8/26/2020,165764,4347,148897,Delhi,18710922
1840,22,1130,8/27/2020,167604,4369,150027,Delhi,18710922
1808,20,1446,8/28/2020,169412,4389,151473,Delhi,18710922
1954,15,1449,8/29/2020,171366,4404,152922,Delhi,18710922
2024,22,1249,8/30/2020,173390,4426,154171,Delhi,18710922
1358,18,1507,8/31/2020,174748,4444,155678,Delhi,18710922
2312,18,1050,9/1/2020,177060,4462,156728,Delhi,18710922
2509,19,1858,9/2/2020,179569,4481,158586,Delhi,18710922
2737,19,1528,9/3/2020,182306,4500,160114,Delhi,18710922
2914,13,1751,9/4/2020,185220,4513,161865,Delhi,18710922
2973,25,1920,9/5/2020,188193,4538,163785,Delhi,18710922
3256,29,2188,9/6/2020,191449,4567,165973,Delhi,18710922
2077,32,2411,9/7/2020,193526,4599,168384,Delhi,18710922
3609,19,1756,9/8/2020,197135,4618,170140,Delhi,18710922
4039,20,2623,9/9/2020,201174,4638,172763,Delhi,18710922
4308,28,2637,9/10/2020,205482,4666,175400,Delhi,18710922
4266,21,2754,9/11/2020,209748,4687,178154,Delhi,18710922
4321,28,3141,9/12/2020,214069,4715,181295,Delhi,18710922
4235,29,3403,9/13/2020,218304,4744,184698,Delhi,18710922
3229,26,3374,9/14/2020,221533,4770,188072,Delhi,18710922
4263,36,3131,9/15/2020,225796,4806,191203,Delhi,18710922
4473,33,3313,9/16/2020,230269,4839,194516,Delhi,18710922
4432,38,3587,9/17/2020,234701,4877,198103,Delhi,18710922
4127,30,3568,9/18/2020,238828,4907,201671,Delhi,18710922
4071,38,4219,9/19/2020,242899,4945,205890,Delhi,18710922
3812,37,3742,9/20/2020,246711,4982,209632,Delhi,18710922
2548,32,3672,9/21/2020,249259,5014,213304,Delhi,18710922
3816,37,3097,9/22/2020,253075,5051,216401,Delhi,18710922
3714,36,4465,9/23/2020,256789,5087,220866,Delhi,18710922
3834,36,3509,9/24/2020,260623,5123,224375,Delhi,18710922
3827,24,4061,9/25/2020,264450,5147,228436,Delhi,18710922
3372,46,4476,9/26/2020,267822,5193,232912,Delhi,18710922
3292,42,3739,9/27/2020,271114,5235,236651,Delhi,18710922
1984,37,4052,9/28/2020,273098,5272,240703,Delhi,18710922
3227,48,2778,9/29/2020,276325,5320,243481,Delhi,18710922
3390,41,3965,9/30/2020,279715,5361,247446,Delhi,18710922
3037,40,3167,10/1/2020,282752,5401,250613,Delhi,18710922
2920,37,3171,10/2/2020,285672,5438,253784,Delhi,18710922
2258,34,3440,10/3/2020,287930,5472,257224,Delhi,18710922
2683,38,3126,10/4/2020,290613,5510,260350,Delhi,18710922
1947,32,3588,10/5/2020,292560,5542,263938,Delhi,18710922
2676,39,2997,10/6/2020,295236,5581,266935,Delhi,18710922
2871,35,3370,10/7/2020,298107,5616,270305,Delhi,18710922
2726,37,2643,10/8/2020,300833,5653,272948,Delhi,18710922
2860,39,3098,10/9/2020,303693,5692,276046,Delhi,18710922
2866,48,2766,10/10/2020,306559,5740,278812,Delhi,18710922
2780,29,3057,10/11/2020,309339,5769,281869,Delhi,18710922
1849,40,2975,10/12/2020,311188,5809,284844,Delhi,18710922
3036,45,2036,10/13/2020,314224,5854,286880,Delhi,18710922
3324,44,2867,10/14/2020,317548,5898,289747,Delhi,18710922
3483,26,2755,10/15/2020,321031,5924,292502,Delhi,18710922
3428,22,3197,10/16/2020,324459,5946,295699,Delhi,18710922
3259,35,3154,10/17/2020,327718,5981,298853,Delhi,18710922
3299,28,2863,10/18/2020,331017,6009,301716,Delhi,18710922
2154,31,2845,10/19/2020,333171,6040,304561,Delhi,18710922
3579,41,2186,10/20/2020,336750,6081,306747,Delhi,18710922
3686,47,3444,10/21/2020,340436,6128,310191,Delhi,18710922
3882,35,2727,10/22/2020,344318,6163,312918,Delhi,18710922
0,0,0,3/14/2020,0,0,0,Goa,1586250
0,0,0,3/15/2020,0,0,0,Goa,1586250
0,0,0,3/16/2020,0,0,0,Goa,1586250
0,0,0,3/17/2020,0,0,0,Goa,1586250
0,0,0,3/18/2020,0,0,0,Goa,1586250
0,0,0,3/19/2020,0,0,0,Goa,1586250
0,0,0,3/20/2020,0,0,0,Goa,1586250
0,0,0,3/21/2020,0,0,0,Goa,1586250
0,0,0,3/22/2020,0,0,0,Goa,1586250
0,0,0,3/23/2020,0,0,0,Goa,1586250
0,0,0,3/24/2020,0,0,0,Goa,1586250
3,0,0,3/25/2020,3,0,0,Goa,1586250
0,0,0,3/26/2020,3,0,0,Goa,1586250
0,0,0,3/27/2020,3,0,0,Goa,1586250
0,0,0,3/28/2020,3,0,0,Goa,1586250
2,0,0,3/29/2020,5,0,0,Goa,1586250
0,0,0,3/30/2020,5,0,0,Goa,1586250
0,0,0,3/31/2020,5,0,0,Goa,1586250
0,0,0,4/1/2020,5,0,0,Goa,1586250
0,0,0,4/2/2020,5,0,0,Goa,1586250
1,0,0,4/3/2020,6,0,0,Goa,1586250
1,0,0,4/4/2020,7,0,0,Goa,1586250
0,0,0,4/5/2020,7,0,0,Goa,1586250
0,0,0,4/6/2020,7,0,0,Goa,1586250
0,0,0,4/7/2020,7,0,0,Goa,1586250
0,0,0,4/8/2020,7,0,0,Goa,1586250
0,0,0,4/9/2020,7,0,0,Goa,1586250
0,0,1,4/10/2020,7,0,1,Goa,1586250
0,0,4,4/11/2020,7,0,5,Goa,1586250
0,0,0,4/12/2020,7,0,5,Goa,1586250
0,0,0,4/13/2020,7,0,5,Goa,1586250
0,0,0,4/14/2020,7,0,5,Goa,1586250
0,0,1,4/15/2020,7,0,6,Goa,1586250
0,0,0,4/16/2020,7,0,6,Goa,1586250
0,0,0,4/17/2020,7,0,6,Goa,1586250
0,0,0,4/18/2020,7,0,6,Goa,1586250
0,0,1,4/19/2020,7,0,7,Goa,1586250
0,0,0,4/20/2020,7,0,7,Goa,1586250
0,0,0,4/21/2020,7,0,7,Goa,1586250
0,0,0,4/22/2020,7,0,7,Goa,1586250
0,0,0,4/23/2020,7,0,7,Goa,1586250
0,0,0,4/24/2020,7,0,7,Goa,1586250
0,0,0,4/25/2020,7,0,7,Goa,1586250
0,0,0,4/26/2020,7,0,7,Goa,1586250
0,0,0,4/27/2020,7,0,7,Goa,1586250
0,0,0,4/28/2020,7,0,7,Goa,1586250
0,0,0,4/29/2020,7,0,7,Goa,1586250
0,0,0,4/30/2020,7,0,7,Goa,1586250
0,0,0,5/1/2020,7,0,7,Goa,1586250
0,0,0,5/2/2020,7,0,7,Goa,1586250
0,0,0,5/3/2020,7,0,7,Goa,1586250
0,0,0,5/4/2020,7,0,7,Goa,1586250
0,0,0,5/5/2020,7,0,7,Goa,1586250
0,0,0,5/6/2020,7,0,7,Goa,1586250
0,0,0,5/7/2020,7,0,7,Goa,1586250
0,0,0,5/8/2020,7,0,7,Goa,1586250
0,0,0,5/9/2020,7,0,7,Goa,1586250
0,0,0,5/10/2020,7,0,7,Goa,1586250
0,0,0,5/11/2020,7,0,7,Goa,1586250
0,0,0,5/12/2020,7,0,7,Goa,1586250
0,0,0,5/13/2020,7,0,7,Goa,1586250
8,0,0,5/14/2020,15,0,7,Goa,1586250
0,0,0,5/15/2020,15,0,7,Goa,1586250
5,0,0,5/16/2020,20,0,7,Goa,1586250
9,0,0,5/17/2020,29,0,7,Goa,1586250
9,0,0,5/18/2020,38,0,7,Goa,1586250
8,0,0,5/19/2020,46,0,7,Goa,1586250
4,0,0,5/20/2020,50,0,7,Goa,1586250
2,0,0,5/21/2020,52,0,7,Goa,1586250
2,0,9,5/22/2020,54,0,16,Goa,1586250
1,0,0,5/23/2020,55,0,16,Goa,1586250
11,0,0,5/24/2020,66,0,16,Goa,1586250
1,0,3,5/25/2020,67,0,19,Goa,1586250
0,0,9,5/26/2020,67,0,28,Goa,1586250
1,0,9,5/27/2020,68,0,37,Goa,1586250
1,0,1,5/28/2020,69,0,38,Goa,1586250
0,0,3,5/29/2020,69,0,41,Goa,1586250
1,0,1,5/30/2020,70,0,42,Goa,1586250
1,0,2,5/31/2020,71,0,44,Goa,1586250
2,0,6,6/1/2020,73,0,50,Goa,1586250
6,0,7,6/2/2020,79,0,57,Goa,1586250
47,0,0,6/3/2020,126,0,57,Goa,1586250
40,0,0,6/4/2020,166,0,57,Goa,1586250
30,0,8,6/5/2020,196,0,65,Goa,1586250
71,0,0,6/6/2020,267,0,65,Goa,1586250
33,0,0,6/7/2020,300,0,65,Goa,1586250
30,0,2,6/8/2020,330,0,67,Goa,1586250
29,0,0,6/9/2020,359,0,67,Goa,1586250
28,0,0,6/10/2020,387,0,67,Goa,1586250
30,0,0,6/11/2020,417,0,67,Goa,1586250
46,0,2,6/12/2020,463,0,69,Goa,1586250
60,0,1,6/13/2020,523,0,70,Goa,1586250
41,0,4,6/14/2020,564,0,74,Goa,1586250
28,0,11,6/15/2020,592,0,85,Goa,1586250
37,0,0,6/16/2020,629,0,85,Goa,1586250
27,0,11,6/17/2020,656,0,96,Goa,1586250
49,0,13,6/18/2020,705,0,109,Goa,1586250
20,0,9,6/19/2020,725,0,118,Goa,1586250
29,0,11,6/20/2020,754,0,129,Goa,1586250
64,0,6,6/21/2020,818,0,135,Goa,1586250
46,1,17,6/22/2020,864,1,152,Goa,1586250
45,1,53,6/23/2020,909,2,205,Goa,1586250
42,0,84,6/24/2020,951,2,289,Goa,1586250
44,0,46,6/25/2020,995,2,335,Goa,1586250
44,0,35,6/26/2020,1039,2,370,Goa,1586250
89,0,50,6/27/2020,1128,2,420,Goa,1586250
70,1,58,6/28/2020,1198,3,478,Goa,1586250
53,0,46,6/29/2020,1251,3,524,Goa,1586250
64,0,72,6/30/2020,1315,3,596,Goa,1586250
72,1,74,7/1/2020,1387,4,670,Goa,1586250
95,0,64,7/2/2020,1482,4,734,Goa,1586250
94,0,38,7/3/2020,1576,4,772,Goa,1586250
108,2,53,7/4/2020,1684,6,825,Goa,1586250
77,1,111,7/5/2020,1761,7,936,Goa,1586250
52,0,125,7/6/2020,1813,7,1061,Goa,1586250
90,1,95,7/7/2020,1903,8,1156,Goa,1586250
136,0,51,7/8/2020,2039,8,1207,Goa,1586250
112,1,66,7/9/2020,2151,9,1273,Goa,1586250
100,0,74,7/10/2020,2251,9,1347,Goa,1586250
117,3,81,7/11/2020,2368,12,1428,Goa,1586250
85,2,59,7/12/2020,2453,14,1487,Goa,1586250
130,3,53,7/13/2020,2583,17,1540,Goa,1586250
170,1,67,7/14/2020,2753,18,1607,Goa,1586250
198,0,67,7/15/2020,2951,18,1674,Goa,1586250
157,1,143,7/16/2020,3108,19,1817,Goa,1586250
196,2,129,7/17/2020,3304,21,1946,Goa,1586250
180,0,92,7/18/2020,3484,21,2038,Goa,1586250
173,1,180,7/19/2020,3657,22,2218,Goa,1586250
196,1,143,7/20/2020,3853,23,2361,Goa,1586250
174,3,88,7/21/2020,4027,26,2449,Goa,1586250
149,2,92,7/22/2020,4176,28,2541,Goa,1586250
174,1,114,7/23/2020,4350,29,2655,Goa,1586250
190,0,210,7/24/2020,4540,29,2865,Goa,1586250
146,4,182,7/25/2020,4686,33,3047,Goa,1586250
175,2,230,7/26/2020,4861,35,3277,Goa,1586250
258,1,133,7/27/2020,5119,36,3410,Goa,1586250
168,0,185,7/28/2020,5287,36,3595,Goa,1586250
202,3,189,7/29/2020,5489,39,3784,Goa,1586250
215,3,221,7/30/2020,5704,42,4005,Goa,1586250
209,3,206,7/31/2020,5913,45,4211,Goa,1586250
280,3,227,8/1/2020,6193,48,4438,Goa,1586250
337,5,230,8/2/2020,6530,53,4668,Goa,1586250
286,3,208,8/3/2020,6816,56,4876,Goa,1586250
259,4,238,8/4/2020,7075,60,5114,Goa,1586250
348,4,173,8/5/2020,7423,64,5287,Goa,1586250
191,2,166,8/6/2020,7614,66,5453,Goa,1586250
333,4,142,8/7/2020,7947,70,5595,Goa,1586250
259,2,207,8/8/2020,8206,72,5802,Goa,1586250
506,3,193,8/9/2020,8712,75,5995,Goa,1586250
317,5,213,8/10/2020,9029,80,6208,Goa,1586250
415,6,272,8/11/2020,9444,86,6480,Goa,1586250
480,3,161,8/12/2020,9924,89,6641,Goa,1586250
570,2,271,8/13/2020,10494,91,6912,Goa,1586250
476,2,245,8/14/2020,10970,93,7157,Goa,1586250
369,5,331,8/15/2020,11339,98,7488,Goa,1586250
300,6,287,8/16/2020,11639,104,7775,Goa,1586250
355,7,283,8/17/2020,11994,111,8058,Goa,1586250
339,5,298,8/18/2020,12333,116,8356,Goa,1586250
342,8,357,8/19/2020,12675,124,8713,Goa,1586250
424,2,350,8/20/2020,13099,126,9063,Goa,1586250
385,9,477,8/21/2020,13484,135,9540,Goa,1586250
306,5,479,8/22/2020,13790,140,10019,Goa,1586250
209,4,453,8/23/2020,13999,144,10472,Goa,1586250
139,4,437,8/24/2020,14138,148,10909,Goa,1586250
392,9,315,8/25/2020,14530,157,11224,Goa,1586250
497,8,287,8/26/2020,15027,165,11511,Goa,1586250
456,6,356,8/27/2020,15483,171,11867,Goa,1586250
523,4,429,8/28/2020,16006,175,12296,Goa,1586250
547,3,433,8/29/2020,16553,178,12729,Goa,1586250
451,5,457,8/30/2020,17004,183,13186,Goa,1586250
414,9,391,8/31/2020,17418,192,13577,Goa,1586250
588,2,273,9/1/2020,18006,194,13850,Goa,1586250
636,10,209,9/2/2020,18642,204,14059,Goa,1586250
713,8,302,9/3/2020,19355,212,14361,Goa,1586250
508,8,386,9/4/2020,19863,220,14747,Goa,1586250
592,9,534,9/5/2020,20455,229,15281,Goa,1586250
374,7,558,9/6/2020,20829,236,15839,Goa,1586250
344,9,588,9/7/2020,21173,245,16427,Goa,1586250
457,11,448,9/8/2020,21630,256,16875,Goa,1586250
621,6,281,9/9/2020,22251,262,17156,Goa,1586250
639,6,436,9/10/2020,22890,268,17592,Goa,1586250
555,8,473,9/11/2020,23445,276,18065,Goa,1586250
740,10,511,9/12/2020,24185,286,18576,Goa,1586250
407,4,553,9/13/2020,24592,290,19129,Goa,1586250
306,14,519,9/14/2020,24898,304,19648,Goa,1586250
613,11,446,9/15/2020,25511,315,20094,Goa,1586250
628,4,351,9/16/2020,26139,319,20445,Goa,1586250
644,8,399,9/17/2020,26783,327,20844,Goa,1586250
596,8,470,9/18/2020,27379,335,21314,Goa,1586250
643,7,446,9/19/2020,28022,342,21760,Goa,1586250
407,9,537,9/20/2020,28429,351,22297,Goa,1586250
324,9,429,9/21/2020,28753,360,22726,Goa,1586250
590,8,736,9/22/2020,29343,368,23462,Goa,1586250
536,8,395,9/23/2020,29879,376,23857,Goa,1586250
673,7,490,9/24/2020,30552,383,24347,Goa,1586250
519,3,724,9/25/2020,31071,386,25071,Goa,1586250
503,5,688,9/26/2020,31574,391,25759,Goa,1586250
384,10,701,9/27/2020,31958,401,26460,Goa,1586250
438,6,612,9/28/2020,32396,407,27072,Goa,1586250
381,12,709,9/29/2020,32777,419,27781,Goa,1586250
641,9,344,9/30/2020,33418,428,28125,Goa,1586250
524,12,400,10/1/2020,33942,440,28525,Goa,1586250
513,2,479,10/2/2020,34455,442,29004,Goa,1586250
445,8,523,10/3/2020,34900,450,29527,Goa,1586250
428,6,506,10/4/2020,35328,456,30033,Goa,1586250
391,4,423,10/5/2020,35719,460,30456,Goa,1586250
519,8,594,10/6/2020,36238,468,31050,Goa,1586250
432,9,394,10/7/2020,36670,477,31444,Goa,1586250
432,7,458,10/8/2020,37102,484,31902,Goa,1586250
489,7,415,10/9/2020,37591,491,32317,Goa,1586250
343,8,460,10/10/2020,37934,499,32777,Goa,1586250
432,8,426,10/11/2020,38366,507,33203,Goa,1586250
308,4,495,10/12/2020,38674,511,33698,Goa,1586250
408,3,554,10/13/2020,39082,514,34252,Goa,1586250
356,5,479,10/14/2020,39438,519,34731,Goa,1586250
332,6,430,10/15/2020,39770,525,35161,Goa,1586250
321,6,449,10/16/2020,40091,531,35610,Goa,1586250
309,7,425,10/17/2020,40400,538,36035,Goa,1586250
187,6,360,10/18/2020,40587,544,36395,Goa,1586250
159,5,519,10/19/2020,40746,549,36914,Goa,1586250
285,6,361,10/20/2020,41031,555,37275,Goa,1586250
308,2,408,10/21/2020,41339,557,37683,Goa,1586250
247,7,348,10/22/2020,41586,564,38031,Goa,1586250
0,0,0,3/14/2020,0,0,0,Gujarat,63872399
0,0,0,3/15/2020,0,0,0,Gujarat,63872399
0,0,0,3/16/2020,0,0,0,Gujarat,63872399
0,0,0,3/17/2020,0,0,0,Gujarat,63872399
0,0,0,3/18/2020,0,0,0,Gujarat,63872399
2,0,0,3/19/2020,2,0,0,Gujarat,63872399
5,0,0,3/20/2020,7,0,0,Gujarat,63872399
7,0,0,3/21/2020,14,0,0,Gujarat,63872399
4,1,0,3/22/2020,18,1,0,Gujarat,63872399
12,0,0,3/23/2020,30,1,0,Gujarat,63872399
4,0,0,3/24/2020,34,1,0,Gujarat,63872399
4,0,0,3/25/2020,38,1,0,Gujarat,63872399
5,2,0,3/26/2020,43,3,0,Gujarat,63872399
4,0,0,3/27/2020,47,3,0,Gujarat,63872399
8,1,0,3/28/2020,55,4,0,Gujarat,63872399
8,1,1,3/29/2020,63,5,1,Gujarat,63872399
7,1,2,3/30/2020,70,6,3,Gujarat,63872399
4,0,2,3/31/2020,74,6,5,Gujarat,63872399
13,0,0,4/1/2020,87,6,5,Gujarat,63872399
1,1,5,4/2/2020,88,7,10,Gujarat,63872399
7,2,0,4/3/2020,95,9,10,Gujarat,63872399
13,1,3,4/4/2020,108,10,13,Gujarat,63872399
20,1,8,4/5/2020,128,11,21,Gujarat,63872399
18,1,1,4/6/2020,146,12,22,Gujarat,63872399
29,2,3,4/7/2020,175,14,25,Gujarat,63872399
11,2,0,4/8/2020,186,16,25,Gujarat,63872399
76,2,1,4/9/2020,262,18,26,Gujarat,63872399
116,1,7,4/10/2020,378,19,33,Gujarat,63872399
90,3,11,4/11/2020,468,22,44,Gujarat,63872399
48,2,0,4/12/2020,516,24,44,Gujarat,63872399
56,2,10,4/13/2020,572,26,54,Gujarat,63872399
78,2,5,4/14/2020,650,28,59,Gujarat,63872399
116,5,5,4/15/2020,766,33,64,Gujarat,63872399
163,3,9,4/16/2020,929,36,73,Gujarat,63872399
170,5,13,4/17/2020,1099,41,86,Gujarat,63872399
277,12,7,4/18/2020,1376,53,93,Gujarat,63872399
367,10,12,4/19/2020,1743,63,105,Gujarat,63872399
196,8,26,4/20/2020,1939,71,131,Gujarat,63872399
239,19,8,4/21/2020,2178,90,139,Gujarat,63872399
229,13,40,4/22/2020,2407,103,179,Gujarat,63872399
217,9,79,4/23/2020,2624,112,258,Gujarat,63872399
191,15,7,4/24/2020,2815,127,265,Gujarat,63872399
256,6,17,4/25/2020,3071,133,282,Gujarat,63872399
230,18,31,4/26/2020,3301,151,313,Gujarat,63872399
247,11,81,4/27/2020,3548,162,394,Gujarat,63872399
226,19,40,4/28/2020,3774,181,434,Gujarat,63872399
308,16,93,4/29/2020,4082,197,527,Gujarat,63872399
313,17,86,4/30/2020,4395,214,613,Gujarat,63872399
326,22,123,5/1/2020,4721,236,736,Gujarat,63872399
333,26,160,5/2/2020,5054,262,896,Gujarat,63872399
374,28,146,5/3/2020,5428,290,1042,Gujarat,63872399
376,29,153,5/4/2020,5804,319,1195,Gujarat,63872399
441,49,186,5/5/2020,6245,368,1381,Gujarat,63872399
380,28,119,5/6/2020,6625,396,1500,Gujarat,63872399
388,29,209,5/7/2020,7013,425,1709,Gujarat,63872399
390,24,163,5/8/2020,7403,449,1872,Gujarat,63872399
394,23,219,5/9/2020,7797,472,2091,Gujarat,63872399
398,21,454,5/10/2020,8195,493,2545,Gujarat,63872399
347,20,235,5/11/2020,8542,513,2780,Gujarat,63872399
362,24,466,5/12/2020,8904,537,3246,Gujarat,63872399
364,29,316,5/13/2020,9268,566,3562,Gujarat,63872399
324,20,191,5/14/2020,9592,586,3753,Gujarat,63872399
340,20,282,5/15/2020,9932,606,4035,Gujarat,63872399
1057,19,273,5/16/2020,10989,625,4308,Gujarat,63872399
391,34,191,5/17/2020,11380,659,4499,Gujarat,63872399
366,35,305,5/18/2020,11746,694,4804,Gujarat,63872399
395,25,239,5/19/2020,12141,719,5043,Gujarat,63872399
398,30,176,5/20/2020,12539,749,5219,Gujarat,63872399
371,24,269,5/21/2020,12910,773,5488,Gujarat,63872399
363,29,392,5/22/2020,13273,802,5880,Gujarat,63872399
396,27,289,5/23/2020,13669,829,6169,Gujarat,63872399
394,29,243,5/24/2020,14063,858,6412,Gujarat,63872399
405,30,224,5/25/2020,14468,888,6636,Gujarat,63872399
361,27,501,5/26/2020,14829,915,7137,Gujarat,63872399
376,23,410,5/27/2020,15205,938,7547,Gujarat,63872399
367,22,454,5/28/2020,15572,960,8001,Gujarat,63872399
372,20,608,5/29/2020,15944,980,8609,Gujarat,63872399
412,27,621,5/30/2020,16356,1007,9230,Gujarat,63872399
438,31,689,5/31/2020,16794,1038,9919,Gujarat,63872399
423,25,861,6/1/2020,17217,1063,10780,Gujarat,63872399
415,29,1114,6/2/2020,17632,1092,11894,Gujarat,63872399
485,30,318,6/3/2020,18117,1122,12212,Gujarat,63872399
492,33,455,6/4/2020,18609,1155,12667,Gujarat,63872399
510,35,344,6/5/2020,19119,1190,13011,Gujarat,63872399
498,29,313,6/6/2020,19617,1219,13324,Gujarat,63872399
480,30,319,6/7/2020,20097,1249,13643,Gujarat,63872399
477,31,321,6/8/2020,20574,1280,13964,Gujarat,63872399
470,33,409,6/9/2020,21044,1313,14373,Gujarat,63872399
510,34,370,6/10/2020,21554,1347,14743,Gujarat,63872399
513,38,366,6/11/2020,22067,1385,15109,Gujarat,63872399
495,31,392,6/12/2020,22562,1416,15501,Gujarat,63872399
517,33,390,6/13/2020,23079,1449,15891,Gujarat,63872399
511,29,442,6/14/2020,23590,1478,16333,Gujarat,63872399
514,28,339,6/15/2020,24104,1506,16672,Gujarat,63872399
524,28,418,6/16/2020,24628,1534,17090,Gujarat,63872399
520,27,348,6/17/2020,25148,1561,17438,Gujarat,63872399
510,31,389,6/18/2020,25658,1592,17827,Gujarat,63872399
540,27,340,6/19/2020,26198,1619,18167,Gujarat,63872399
539,20,535,6/20/2020,26737,1639,18702,Gujarat,63872399
580,25,655,6/21/2020,27317,1664,19357,Gujarat,63872399
563,21,560,6/22/2020,27880,1685,19917,Gujarat,63872399
549,26,604,6/23/2020,28429,1711,20521,Gujarat,63872399
572,25,575,6/24/2020,29001,1736,21096,Gujarat,63872399
577,18,410,6/25/2020,29578,1754,21506,Gujarat,63872399
580,18,532,6/26/2020,30158,1772,22038,Gujarat,63872399
615,18,379,6/27/2020,30773,1790,22417,Gujarat,63872399
624,19,391,6/28/2020,31397,1809,22808,Gujarat,63872399
626,19,440,6/29/2020,32023,1828,23248,Gujarat,63872399
620,20,422,6/30/2020,32643,1848,23670,Gujarat,63872399
675,21,368,7/1/2020,33318,1869,24038,Gujarat,63872399
681,19,563,7/2/2020,33999,1888,24601,Gujarat,63872399
687,18,340,7/3/2020,34686,1906,24941,Gujarat,63872399
712,21,473,7/4/2020,35398,1927,25414,Gujarat,63872399
725,18,486,7/5/2020,36123,1945,25900,Gujarat,63872399
735,17,423,7/6/2020,36858,1962,26323,Gujarat,63872399
778,17,421,7/7/2020,37636,1979,26744,Gujarat,63872399
783,16,569,7/8/2020,38419,1995,27313,Gujarat,63872399
861,15,429,7/9/2020,39280,2010,27742,Gujarat,63872399
875,14,441,7/10/2020,40155,2024,28183,Gujarat,63872399
872,10,502,7/11/2020,41027,2034,28685,Gujarat,63872399
879,13,513,7/12/2020,41906,2047,29198,Gujarat,63872399
902,10,608,7/13/2020,42808,2057,29806,Gujarat,63872399
915,14,749,7/14/2020,43723,2071,30555,Gujarat,63872399
925,10,791,7/15/2020,44648,2081,31346,Gujarat,63872399
919,10,828,7/16/2020,45567,2091,32174,Gujarat,63872399
949,17,770,7/17/2020,46516,2108,32944,Gujarat,63872399
960,19,1062,7/18/2020,47476,2127,34006,Gujarat,63872399
965,20,877,7/19/2020,48441,2147,34883,Gujarat,63872399
998,20,777,7/20/2020,49439,2167,35660,Gujarat,63872399
1026,34,744,7/21/2020,50465,2201,36404,Gujarat,63872399
1020,28,837,7/22/2020,51485,2229,37241,Gujarat,63872399
1078,28,718,7/23/2020,52563,2257,37959,Gujarat,63872399
1068,26,872,7/24/2020,53631,2283,38831,Gujarat,63872399
1081,22,782,7/25/2020,54712,2305,39613,Gujarat,63872399
1110,21,753,7/26/2020,55822,2326,40366,Gujarat,63872399
1052,22,1015,7/27/2020,56874,2348,41381,Gujarat,63872399
1108,24,1032,7/28/2020,57982,2372,42413,Gujarat,63872399
1144,24,783,7/29/2020,59126,2396,43196,Gujarat,63872399
1159,22,879,7/30/2020,60285,2418,44075,Gujarat,63872399
1153,22,833,7/31/2020,61438,2440,44908,Gujarat,63872399
1136,24,875,8/1/2020,62574,2464,45783,Gujarat,63872399
1101,22,805,8/2/2020,63675,2486,46588,Gujarat,63872399
1009,22,974,8/3/2020,64684,2508,47562,Gujarat,63872399
1020,25,898,8/4/2020,65704,2533,48460,Gujarat,63872399
1073,23,1046,8/5/2020,66777,2556,49506,Gujarat,63872399
1034,27,917,8/6/2020,67811,2583,50423,Gujarat,63872399
1074,22,1370,8/7/2020,68885,2605,51793,Gujarat,63872399
1101,23,1135,8/8/2020,69986,2628,52928,Gujarat,63872399
1078,25,1311,8/9/2020,71064,2653,54239,Gujarat,63872399
1056,20,1138,8/10/2020,72120,2673,55377,Gujarat,63872399
1118,23,1140,8/11/2020,73238,2696,56517,Gujarat,63872399
1152,18,977,8/12/2020,74390,2714,57494,Gujarat,63872399
1092,18,1046,8/13/2020,75482,2732,58540,Gujarat,63872399
1087,15,1083,8/14/2020,76569,2747,59623,Gujarat,63872399
1094,19,1015,8/15/2020,77663,2766,60638,Gujarat,63872399
1120,20,959,8/16/2020,78783,2786,61597,Gujarat,63872399
1033,15,1083,8/17/2020,79816,2801,62680,Gujarat,63872399
1126,20,1131,8/18/2020,80942,2821,63811,Gujarat,63872399
1145,17,1120,8/19/2020,82087,2838,64931,Gujarat,63872399
1175,16,1123,8/20/2020,83262,2854,66054,Gujarat,63872399
1204,14,1324,8/21/2020,84466,2868,67378,Gujarat,63872399
1212,14,980,8/22/2020,85678,2882,68358,Gujarat,63872399
1101,14,972,8/23/2020,86779,2896,69330,Gujarat,63872399
1067,13,1021,8/24/2020,87846,2909,70351,Gujarat,63872399
1096,20,1011,8/25/2020,88942,2929,71362,Gujarat,63872399
1197,17,1047,8/26/2020,90139,2946,72409,Gujarat,63872399
1190,17,1193,8/27/2020,91329,2963,73602,Gujarat,63872399
1272,14,1050,8/28/2020,92601,2977,74652,Gujarat,63872399
1282,13,1111,8/29/2020,93883,2990,75763,Gujarat,63872399
1272,17,1095,8/30/2020,95155,3007,76858,Gujarat,63872399
1280,14,1025,8/31/2020,96435,3021,77883,Gujarat,63872399
1310,14,1131,9/1/2020,97745,3035,79014,Gujarat,63872399
1305,12,1141,9/2/2020,99050,3047,80155,Gujarat,63872399
1325,16,1126,9/3/2020,100375,3063,81281,Gujarat,63872399
1320,14,1218,9/4/2020,101695,3077,82499,Gujarat,63872399
1311,16,1148,9/5/2020,103006,3093,83647,Gujarat,63872399
1335,14,1212,9/6/2020,104341,3107,84859,Gujarat,63872399
1330,15,1276,9/7/2020,105671,3122,86135,Gujarat,63872399
1295,13,1445,9/8/2020,106966,3135,87580,Gujarat,63872399
1329,16,1336,9/9/2020,108295,3151,88916,Gujarat,63872399
1332,15,1415,9/10/2020,109627,3166,90331,Gujarat,63872399
1344,16,1240,9/11/2020,110971,3182,91571,Gujarat,63872399
1365,15,1335,9/12/2020,112336,3197,92906,Gujarat,63872399
1326,15,1205,9/13/2020,113662,3212,94111,Gujarat,63872399
1334,17,1255,9/14/2020,114996,3229,95366,Gujarat,63872399
1349,17,1444,9/15/2020,116345,3246,96810,Gujarat,63872399
1364,12,1447,9/16/2020,117709,3258,98257,Gujarat,63872399
1379,14,1652,9/17/2020,119088,3272,99909,Gujarat,63872399
1410,16,1293,9/18/2020,120498,3288,101202,Gujarat,63872399
1432,16,1470,9/19/2020,121930,3304,102672,Gujarat,63872399
1407,17,1204,9/20/2020,123337,3321,103876,Gujarat,63872399
1430,17,1316,9/21/2020,124767,3338,105192,Gujarat,63872399
1402,16,1321,9/22/2020,126169,3354,106513,Gujarat,63872399
1372,15,1289,9/23/2020,127541,3369,107802,Gujarat,63872399
1408,14,1510,9/24/2020,128949,3383,109312,Gujarat,63872399
1442,12,1279,9/25/2020,130391,3395,110591,Gujarat,63872399
1417,13,1419,9/26/2020,131808,3408,112010,Gujarat,63872399
1411,10,1231,9/27/2020,133219,3418,113241,Gujarat,63872399
1404,12,1336,9/28/2020,134623,3430,114577,Gujarat,63872399
1381,11,1383,9/29/2020,136004,3441,115960,Gujarat,63872399
1390,11,1372,9/30/2020,137394,3452,117332,Gujarat,63872399
1350,10,1334,10/1/2020,138744,3462,118666,Gujarat,63872399
1310,15,1250,10/2/2020,140054,3477,119916,Gujarat,63872399
1343,12,1304,10/3/2020,141397,3489,121220,Gujarat,63872399
1302,9,1246,10/4/2020,142699,3498,122466,Gujarat,63872399
1327,13,1405,10/5/2020,144026,3511,123871,Gujarat,63872399
1335,10,1473,10/6/2020,145361,3521,125344,Gujarat,63872399
1311,9,1414,10/7/2020,146672,3530,126758,Gujarat,63872399
1278,10,1266,10/8/2020,147950,3540,128024,Gujarat,63872399
1243,9,1518,10/9/2020,149193,3549,129542,Gujarat,63872399
1221,10,1456,10/10/2020,150414,3559,130998,Gujarat,63872399
1181,9,1413,10/11/2020,151595,3568,132411,Gujarat,63872399
1169,8,1442,10/12/2020,152764,3576,133853,Gujarat,63872399
1158,10,1375,10/13/2020,153922,3586,135228,Gujarat,63872399
1175,11,1414,10/14/2020,155097,3597,136642,Gujarat,63872399
1185,11,1329,10/15/2020,156282,3608,137971,Gujarat,63872399
1191,11,1279,10/16/2020,157473,3619,139250,Gujarat,63872399
1161,9,1270,10/17/2020,158634,3628,140520,Gujarat,63872399
1091,9,1233,10/18/2020,159725,3637,141753,Gujarat,63872399
996,8,1147,10/19/2020,160721,3645,142900,Gujarat,63872399
1126,8,1128,10/20/2020,161847,3653,144028,Gujarat,63872399
1137,9,1180,10/21/2020,162984,3662,145208,Gujarat,63872399
1136,7,1201,10/22/2020,164120,3669,146409,Gujarat,63872399
14,0,0,3/14/2020,14,0,0,Haryana,28204692
0,0,0,3/15/2020,14,0,0,Haryana,28204692
0,0,0,3/16/2020,14,0,0,Haryana,28204692
1,0,0,3/17/2020,15,0,0,Haryana,28204692
1,0,0,3/18/2020,16,0,0,Haryana,28204692
1,0,0,3/19/2020,17,0,0,Haryana,28204692
2,0,0,3/20/2020,19,0,0,Haryana,28204692
2,0,0,3/21/2020,21,0,0,Haryana,28204692
0,0,0,3/22/2020,21,0,0,Haryana,28204692
7,0,11,3/23/2020,28,0,11,Haryana,28204692
2,0,0,3/24/2020,30,0,11,Haryana,28204692
1,0,0,3/25/2020,31,0,11,Haryana,28204692
1,0,0,3/26/2020,32,0,11,Haryana,28204692
1,0,0,3/27/2020,33,0,11,Haryana,28204692
2,0,0,3/28/2020,35,0,11,Haryana,28204692
0,0,0,3/29/2020,35,0,11,Haryana,28204692
1,0,6,3/30/2020,36,0,17,Haryana,28204692
7,0,0,3/31/2020,43,0,17,Haryana,28204692
0,0,10,4/1/2020,43,0,27,Haryana,28204692
6,0,0,4/2/2020,49,0,27,Haryana,28204692
9,0,0,4/3/2020,58,0,27,Haryana,28204692
26,0,1,4/4/2020,84,0,28,Haryana,28204692
6,0,0,4/5/2020,90,0,28,Haryana,28204692
20,2,0,4/6/2020,110,2,28,Haryana,28204692
33,0,2,4/7/2020,143,2,30,Haryana,28204692
24,0,1,4/8/2020,167,2,31,Haryana,28204692
3,0,0,4/9/2020,170,2,31,Haryana,28204692
6,0,4,4/10/2020,176,2,35,Haryana,28204692
3,0,0,4/11/2020,179,2,35,Haryana,28204692
16,1,8,4/12/2020,195,3,43,Haryana,28204692
1,0,7,4/13/2020,196,3,50,Haryana,28204692
2,0,4,4/14/2020,198,3,54,Haryana,28204692
6,0,2,4/15/2020,204,3,56,Haryana,28204692
11,0,8,4/16/2020,215,3,64,Haryana,28204692
8,0,21,4/17/2020,223,3,85,Haryana,28204692
9,0,14,4/18/2020,232,3,99,Haryana,28204692
18,0,4,4/19/2020,250,3,103,Haryana,28204692
1,0,37,4/20/2020,251,3,140,Haryana,28204692
4,0,6,4/21/2020,255,3,146,Haryana,28204692
9,0,11,4/22/2020,264,3,157,Haryana,28204692
6,0,12,4/23/2020,270,3,169,Haryana,28204692
5,0,16,4/24/2020,275,3,185,Haryana,28204692
12,0,5,4/25/2020,287,3,190,Haryana,28204692
9,0,8,4/26/2020,296,3,198,Haryana,28204692
5,0,14,4/27/2020,301,3,212,Haryana,28204692
7,0,11,4/28/2020,308,3,223,Haryana,28204692
3,0,1,4/29/2020,311,3,224,Haryana,28204692
28,1,10,4/30/2020,339,4,234,Haryana,28204692
18,0,6,5/1/2020,357,4,240,Haryana,28204692
19,1,1,5/2/2020,376,5,241,Haryana,28204692
66,0,3,5/3/2020,442,5,244,Haryana,28204692
75,1,9,5/4/2020,517,6,253,Haryana,28204692
31,0,2,5/5/2020,548,6,255,Haryana,28204692
46,1,4,5/6/2020,594,7,259,Haryana,28204692
31,0,0,5/7/2020,625,7,259,Haryana,28204692
22,1,19,5/8/2020,647,8,278,Haryana,28204692
28,1,11,5/9/2020,675,9,289,Haryana,28204692
28,1,10,5/10/2020,703,10,299,Haryana,28204692
27,1,37,5/11/2020,730,11,336,Haryana,28204692
50,0,5,5/12/2020,780,11,341,Haryana,28204692
13,0,76,5/13/2020,793,11,417,Haryana,28204692
25,0,21,5/14/2020,818,11,438,Haryana,28204692
36,2,25,5/15/2020,854,13,463,Haryana,28204692
33,0,50,5/16/2020,887,13,513,Haryana,28204692
23,1,48,5/17/2020,910,14,561,Haryana,28204692
18,0,36,5/18/2020,928,14,597,Haryana,28204692
36,0,29,5/19/2020,964,14,626,Haryana,28204692
29,0,21,5/20/2020,993,14,647,Haryana,28204692
37,0,33,5/21/2020,1030,14,680,Haryana,28204692
37,2,25,5/22/2020,1067,16,705,Haryana,28204692
64,0,44,5/23/2020,1131,16,749,Haryana,28204692
53,0,15,5/24/2020,1184,16,764,Haryana,28204692
29,0,37,5/25/2020,1213,16,801,Haryana,28204692
92,0,22,5/26/2020,1305,16,823,Haryana,28204692
76,2,14,5/27/2020,1381,18,837,Haryana,28204692
123,1,43,5/28/2020,1504,19,880,Haryana,28204692
217,0,59,5/29/2020,1721,19,939,Haryana,28204692
202,1,31,5/30/2020,1923,20,970,Haryana,28204692
168,0,77,5/31/2020,2091,20,1047,Haryana,28204692
265,1,7,6/1/2020,2356,21,1054,Haryana,28204692
296,2,14,6/2/2020,2652,23,1068,Haryana,28204692
302,0,20,6/3/2020,2954,23,1088,Haryana,28204692
327,1,34,6/4/2020,3281,24,1122,Haryana,28204692
316,0,86,6/5/2020,3597,24,1208,Haryana,28204692
355,0,71,6/6/2020,3952,24,1279,Haryana,28204692
496,4,194,6/7/2020,4448,28,1473,Haryana,28204692
406,11,226,6/8/2020,4854,39,1699,Haryana,28204692
355,6,107,6/9/2020,5209,45,1806,Haryana,28204692
370,7,381,6/10/2020,5579,52,2187,Haryana,28204692
389,12,73,6/11/2020,5968,64,2260,Haryana,28204692
366,6,214,6/12/2020,6334,70,2474,Haryana,28204692
415,8,328,6/13/2020,6749,78,2802,Haryana,28204692
459,10,200,6/14/2020,7208,88,3002,Haryana,28204692
514,12,562,6/15/2020,7722,100,3564,Haryana,28204692
550,18,183,6/16/2020,8272,118,3747,Haryana,28204692
560,12,204,6/17/2020,8832,130,3951,Haryana,28204692
386,4,604,6/18/2020,9218,134,4555,Haryana,28204692
525,10,333,6/19/2020,9743,144,4888,Haryana,28204692
480,5,239,6/20/2020,10223,149,5127,Haryana,28204692
412,11,429,6/21/2020,10635,160,5556,Haryana,28204692
390,9,359,6/22/2020,11025,169,5915,Haryana,28204692
495,9,582,6/23/2020,11520,178,6497,Haryana,28204692
490,10,427,6/24/2020,12010,188,6924,Haryana,28204692
453,10,455,6/25/2020,12463,198,7379,Haryana,28204692
421,13,636,6/26/2020,12884,211,8015,Haryana,28204692
543,7,456,6/27/2020,13427,218,8471,Haryana,28204692
402,5,445,6/28/2020,13829,223,8916,Haryana,28204692
381,9,585,6/29/2020,14210,232,9501,Haryana,28204692
338,4,470,6/30/2020,14548,236,9971,Haryana,28204692
393,4,527,7/1/2020,14941,240,10498,Haryana,28204692
568,11,520,7/2/2020,15509,251,11018,Haryana,28204692
494,4,672,7/3/2020,16003,255,11690,Haryana,28204692
545,5,566,7/4/2020,16548,260,12256,Haryana,28204692
457,5,687,7/5/2020,17005,265,12943,Haryana,28204692
499,11,391,7/6/2020,17504,276,13334,Haryana,28204692
495,3,310,7/7/2020,17999,279,13644,Haryana,28204692
691,3,461,7/8/2020,18690,282,14105,Haryana,28204692
674,5,399,7/9/2020,19364,287,14504,Haryana,28204692
570,3,399,7/10/2020,19934,290,14903,Haryana,28204692
648,7,490,7/11/2020,20582,297,15393,Haryana,28204692
658,4,589,7/12/2020,21240,301,15982,Haryana,28204692
689,7,654,7/13/2020,21929,308,16636,Haryana,28204692
699,4,453,7/14/2020,22628,312,17089,Haryana,28204692
678,7,577,7/15/2020,23306,319,17666,Haryana,28204692
696,3,518,7/16/2020,24002,322,18184,Haryana,28204692
795,5,533,7/17/2020,24797,327,18717,Haryana,28204692
750,17,600,7/18/2020,25547,344,19317,Haryana,28204692
617,5,475,7/19/2020,26164,349,19792,Haryana,28204692
694,6,433,7/20/2020,26858,355,20225,Haryana,28204692
604,9,726,7/21/2020,27462,364,20951,Haryana,28204692
724,8,745,7/22/2020,28186,372,21696,Haryana,28204692
789,6,552,7/23/2020,28975,378,22248,Haryana,28204692
780,4,704,7/24/2020,29755,382,22952,Haryana,28204692
783,7,701,7/25/2020,30538,389,23653,Haryana,28204692
794,3,730,7/26/2020,31332,392,24383,Haryana,28204692
795,5,662,7/27/2020,32127,397,25045,Haryana,28204692
749,9,712,7/28/2020,32876,406,25757,Haryana,28204692
755,7,662,7/29/2020,33631,413,26419,Haryana,28204692
623,4,920,7/30/2020,34254,417,27339,Haryana,28204692
711,4,887,7/31/2020,34965,421,28226,Haryana,28204692
793,7,853,8/1/2020,35758,428,29079,Haryana,28204692
761,5,610,8/2/2020,36519,433,29689,Haryana,28204692
654,7,780,8/3/2020,37173,440,30469,Haryana,28204692
623,8,756,8/4/2020,37796,448,31225,Haryana,28204692
752,7,734,8/5/2020,38548,455,31959,Haryana,28204692
755,3,680,8/6/2020,39303,458,32639,Haryana,28204692
751,9,804,8/7/2020,40054,467,33443,Haryana,28204692
789,7,587,8/8/2020,40843,474,34030,Haryana,28204692
792,9,750,8/9/2020,41635,483,34780,Haryana,28204692
794,6,711,8/10/2020,42429,489,35491,Haryana,28204692
798,11,590,8/11/2020,43227,500,36081,Haryana,28204692
797,3,612,8/12/2020,44024,503,36693,Haryana,28204692
793,8,792,8/13/2020,44817,511,37485,Haryana,28204692
797,7,862,8/14/2020,45614,518,38347,Haryana,28204692
796,10,591,8/15/2020,46410,528,38938,Haryana,28204692
743,10,662,8/16/2020,47153,538,39600,Haryana,28204692
887,12,1009,8/17/2020,48040,550,40609,Haryana,28204692
896,7,688,8/18/2020,48936,557,41297,Haryana,28204692
994,10,758,8/19/2020,49930,567,42055,Haryana,28204692
996,11,737,8/20/2020,50926,578,42792,Haryana,28204692
1203,7,620,8/21/2020,52129,585,43412,Haryana,28204692
1161,12,600,8/22/2020,53290,597,44012,Haryana,28204692
1096,6,809,8/23/2020,54386,603,44821,Haryana,28204692
1074,10,583,8/24/2020,55460,613,45404,Haryana,28204692
1148,10,1091,8/25/2020,56608,623,46495,Haryana,28204692
1397,11,1117,8/26/2020,58005,634,47612,Haryana,28204692
1293,12,1077,8/27/2020,59298,646,48689,Haryana,28204692
1298,15,1020,8/28/2020,60596,661,49709,Haryana,28204692
1391,9,1001,8/29/2020,61987,670,50710,Haryana,28204692
1295,12,909,8/30/2020,63282,682,51619,Haryana,28204692
1450,7,1052,8/31/2020,64732,689,52671,Haryana,28204692
1694,17,1163,9/1/2020,66426,706,53834,Haryana,28204692
1792,15,1040,9/2/2020,68218,721,54874,Haryana,28204692
1881,19,1014,9/3/2020,70099,740,55888,Haryana,28204692
1884,19,1282,9/4/2020,71983,759,57170,Haryana,28204692
2289,22,1409,9/5/2020,74272,781,58579,Haryana,28204692
2277,25,1471,9/6/2020,76549,806,60050,Haryana,28204692
2224,23,1560,9/7/2020,78773,829,61610,Haryana,28204692
2286,25,1704,9/8/2020,81059,854,63314,Haryana,28204692
2294,28,1828,9/9/2020,83353,882,65142,Haryana,28204692
2591,25,1562,9/10/2020,85944,907,66704,Haryana,28204692
2388,25,1820,9/11/2020,88332,932,68524,Haryana,28204692
2783,24,2188,9/12/2020,91115,956,70712,Haryana,28204692
2526,19,1874,9/13/2020,93641,975,72586,Haryana,28204692
2488,25,2125,9/14/2020,96129,1000,74711,Haryana,28204692
2493,26,2454,9/15/2020,98622,1026,77165,Haryana,28204692
2694,19,1771,9/16/2020,101316,1045,78936,Haryana,28204692
2457,24,2753,9/17/2020,103773,1069,81689,Haryana,28204692
2488,23,2188,9/18/2020,106261,1092,83877,Haryana,28204692
2691,28,2272,9/19/2020,108952,1120,86149,Haryana,28204692
2305,29,2547,9/20/2020,111257,1149,88696,Haryana,28204692
1818,28,2187,9/21/2020,113075,1177,90883,Haryana,28204692
1795,29,2892,9/22/2020,114870,1206,93775,Haryana,28204692
1986,27,2571,9/23/2020,116856,1233,96346,Haryana,28204692
1698,22,2063,9/24/2020,118554,1255,98409,Haryana,28204692
2024,18,2863,9/25/2020,120578,1273,101272,Haryana,28204692
1689,18,2554,9/26/2020,122267,1291,103826,Haryana,28204692
1515,16,2163,9/27/2020,123782,1307,105989,Haryana,28204692
1630,24,2421,9/28/2020,125412,1331,108410,Haryana,28204692
1562,25,2403,9/29/2020,126974,1356,110813,Haryana,28204692
1625,26,2063,9/30/2020,128599,1382,112876,Haryana,28204692
1313,20,2161,10/1/2020,129912,1402,115037,Haryana,28204692
1476,23,1678,10/2/2020,131388,1425,116715,Haryana,28204692
1188,25,1542,10/3/2020,132576,1450,118257,Haryana,28204692
1302,20,2083,10/4/2020,133878,1470,120340,Haryana,28204692
1031,21,1255,10/5/2020,134909,1491,121595,Haryana,28204692
1206,18,1690,10/6/2020,136115,1509,123285,Haryana,28204692
1283,19,1555,10/7/2020,137398,1528,124840,Haryana,28204692
1284,20,1426,10/8/2020,138682,1548,126266,Haryana,28204692
1250,14,1273,10/9/2020,139932,1562,127539,Haryana,28204692
1158,10,1301,10/10/2020,141090,1572,128840,Haryana,28204692
1065,7,1162,10/11/2020,142155,1579,130002,Haryana,28204692
1066,13,1225,10/12/2020,143221,1592,131227,Haryana,28204692
1081,9,1154,10/13/2020,144302,1601,132381,Haryana,28204692
1205,13,1324,10/14/2020,145507,1614,133705,Haryana,28204692
1199,9,1013,10/15/2020,146706,1623,134718,Haryana,28204692
1227,11,1139,10/16/2020,147933,1634,135857,Haryana,28204692
1148,6,1318,10/17/2020,149081,1640,137175,Haryana,28204692
952,0,1175,10/18/2020,150033,1640,138350,Haryana,28204692
1201,8,1160,10/19/2020,151234,1648,139510,Haryana,28204692
940,12,925,10/20/2020,152174,1660,140435,Haryana,28204692
1193,14,1070,10/21/2020,153367,1674,141505,Haryana,28204692
1128,14,1292,10/22/2020,154495,1688,142797,Haryana,28204692
0,0,0,3/14/2020,0,0,0,Himachal Pradesh,7451955
0,0,0,3/15/2020,0,0,0,Himachal Pradesh,7451955
0,0,0,3/16/2020,0,0,0,Himachal Pradesh,7451955
0,0,0,3/17/2020,0,0,0,Himachal Pradesh,7451955
0,0,0,3/18/2020,0,0,0,Himachal Pradesh,7451955
0,0,0,3/19/2020,0,0,0,Himachal Pradesh,7451955
2,0,0,3/20/2020,2,0,0,Himachal Pradesh,7451955
0,0,0,3/21/2020,2,0,0,Himachal Pradesh,7451955
0,0,0,3/22/2020,2,0,0,Himachal Pradesh,7451955
1,1,0,3/23/2020,3,1,0,Himachal Pradesh,7451955
0,0,0,3/24/2020,3,1,0,Himachal Pradesh,7451955
0,0,0,3/25/2020,3,1,0,Himachal Pradesh,7451955
0,0,0,3/26/2020,3,1,0,Himachal Pradesh,7451955
0,0,1,3/27/2020,3,1,1,Himachal Pradesh,7451955
0,0,1,3/28/2020,3,1,2,Himachal Pradesh,7451955
0,0,0,3/29/2020,3,1,2,Himachal Pradesh,7451955
0,0,0,3/30/2020,3,1,2,Himachal Pradesh,7451955
0,0,0,3/31/2020,3,1,2,Himachal Pradesh,7451955
0,0,0,4/1/2020,3,1,2,Himachal Pradesh,7451955
3,0,0,4/2/2020,6,1,2,Himachal Pradesh,7451955
0,1,0,4/3/2020,6,2,2,Himachal Pradesh,7451955
7,0,0,4/4/2020,13,2,2,Himachal Pradesh,7451955
1,0,0,4/5/2020,14,2,2,Himachal Pradesh,7451955
4,0,0,4/6/2020,18,2,2,Himachal Pradesh,7451955
9,0,1,4/7/2020,27,2,3,Himachal Pradesh,7451955
0,0,0,4/8/2020,27,2,3,Himachal Pradesh,7451955
1,0,0,4/9/2020,28,2,3,Himachal Pradesh,7451955
0,0,0,4/10/2020,28,2,3,Himachal Pradesh,7451955
4,0,6,4/11/2020,32,2,9,Himachal Pradesh,7451955
0,0,4,4/12/2020,32,2,13,Himachal Pradesh,7451955
0,0,0,4/13/2020,32,2,13,Himachal Pradesh,7451955
1,0,1,4/14/2020,33,2,14,Himachal Pradesh,7451955
2,0,0,4/15/2020,35,2,14,Himachal Pradesh,7451955
0,0,3,4/16/2020,35,2,17,Himachal Pradesh,7451955
3,0,0,4/17/2020,38,2,17,Himachal Pradesh,7451955
1,0,0,4/18/2020,39,2,17,Himachal Pradesh,7451955
0,0,0,4/19/2020,39,2,17,Himachal Pradesh,7451955
0,0,0,4/20/2020,39,2,17,Himachal Pradesh,7451955
0,0,0,4/21/2020,39,2,17,Himachal Pradesh,7451955
0,0,0,4/22/2020,39,2,17,Himachal Pradesh,7451955
1,0,2,4/23/2020,40,2,19,Himachal Pradesh,7451955
0,0,0,4/24/2020,40,2,19,Himachal Pradesh,7451955
0,0,4,4/25/2020,40,2,23,Himachal Pradesh,7451955
0,0,0,4/26/2020,40,2,23,Himachal Pradesh,7451955
0,0,3,4/27/2020,40,2,26,Himachal Pradesh,7451955
0,0,0,4/28/2020,40,2,26,Himachal Pradesh,7451955
0,0,0,4/29/2020,40,2,26,Himachal Pradesh,7451955
0,0,3,4/30/2020,40,2,29,Himachal Pradesh,7451955
0,0,2,5/1/2020,40,2,31,Himachal Pradesh,7451955
0,0,3,5/2/2020,40,2,34,Himachal Pradesh,7451955
0,0,1,5/3/2020,40,2,35,Himachal Pradesh,7451955
1,0,0,5/4/2020,41,2,35,Himachal Pradesh,7451955
1,1,0,5/5/2020,42,3,35,Himachal Pradesh,7451955
1,0,0,5/6/2020,43,3,35,Himachal Pradesh,7451955
3,0,0,5/7/2020,46,3,35,Himachal Pradesh,7451955
4,0,0,5/8/2020,50,3,35,Himachal Pradesh,7451955
2,0,1,5/9/2020,52,3,36,Himachal Pradesh,7451955
6,0,0,5/10/2020,58,3,36,Himachal Pradesh,7451955
1,0,0,5/11/2020,59,3,36,Himachal Pradesh,7451955
8,0,0,5/12/2020,67,3,36,Himachal Pradesh,7451955
1,0,0,5/13/2020,68,3,36,Himachal Pradesh,7451955
6,0,0,5/14/2020,74,3,36,Himachal Pradesh,7451955
2,0,0,5/15/2020,76,3,36,Himachal Pradesh,7451955
2,0,4,5/16/2020,78,3,40,Himachal Pradesh,7451955
2,0,1,5/17/2020,80,3,41,Himachal Pradesh,7451955
10,0,2,5/18/2020,90,3,43,Himachal Pradesh,7451955
2,1,5,5/19/2020,92,4,48,Himachal Pradesh,7451955
18,0,3,5/20/2020,110,4,51,Himachal Pradesh,7451955
42,0,5,5/21/2020,152,4,56,Himachal Pradesh,7451955
16,0,0,5/22/2020,168,4,56,Himachal Pradesh,7451955
17,0,2,5/23/2020,185,4,58,Himachal Pradesh,7451955
18,0,2,5/24/2020,203,4,60,Himachal Pradesh,7451955
20,0,4,5/25/2020,223,4,64,Himachal Pradesh,7451955
24,0,0,5/26/2020,247,4,64,Himachal Pradesh,7451955
26,2,3,5/27/2020,273,6,67,Himachal Pradesh,7451955
8,0,7,5/28/2020,281,6,74,Himachal Pradesh,7451955
14,0,10,5/29/2020,295,6,84,Himachal Pradesh,7451955
18,0,24,5/30/2020,313,6,108,Himachal Pradesh,7451955
18,0,9,5/31/2020,331,6,117,Himachal Pradesh,7451955
9,0,2,6/1/2020,340,6,119,Himachal Pradesh,7451955
5,0,18,6/2/2020,345,6,137,Himachal Pradesh,7451955
14,0,10,6/3/2020,359,6,147,Himachal Pradesh,7451955
24,0,29,6/4/2020,383,6,176,Himachal Pradesh,7451955
10,0,10,6/5/2020,393,6,186,Himachal Pradesh,7451955
7,0,5,6/6/2020,400,6,191,Himachal Pradesh,7451955
11,0,28,6/7/2020,411,6,219,Himachal Pradesh,7451955
10,0,5,6/8/2020,421,6,224,Himachal Pradesh,7451955
16,0,14,6/9/2020,437,6,238,Himachal Pradesh,7451955
14,1,13,6/10/2020,451,7,251,Himachal Pradesh,7451955
19,0,26,6/11/2020,470,7,277,Himachal Pradesh,7451955
16,0,17,6/12/2020,486,7,294,Himachal Pradesh,7451955
16,0,16,6/13/2020,502,7,310,Himachal Pradesh,7451955
16,0,17,6/14/2020,518,7,327,Himachal Pradesh,7451955
38,0,16,6/15/2020,556,7,343,Himachal Pradesh,7451955
4,0,19,6/16/2020,560,7,362,Himachal Pradesh,7451955
25,0,7,6/17/2020,585,7,369,Himachal Pradesh,7451955
10,0,5,6/18/2020,595,7,374,Himachal Pradesh,7451955
32,0,12,6/19/2020,627,7,386,Himachal Pradesh,7451955
29,0,20,6/20/2020,656,7,406,Himachal Pradesh,7451955
17,0,12,6/21/2020,673,7,418,Himachal Pradesh,7451955
54,0,12,6/22/2020,727,7,430,Himachal Pradesh,7451955
48,0,3,6/23/2020,775,7,433,Himachal Pradesh,7451955
31,0,34,6/24/2020,806,7,467,Himachal Pradesh,7451955
33,1,8,6/25/2020,839,8,475,Himachal Pradesh,7451955
25,0,20,6/26/2020,864,8,495,Himachal Pradesh,7451955
30,0,7,6/27/2020,894,8,502,Himachal Pradesh,7451955
22,0,17,6/28/2020,916,8,519,Himachal Pradesh,7451955
26,0,38,6/29/2020,942,8,557,Himachal Pradesh,7451955
11,1,19,6/30/2020,953,9,576,Himachal Pradesh,7451955
26,0,42,7/1/2020,979,9,618,Himachal Pradesh,7451955
35,0,15,7/2/2020,1014,9,633,Himachal Pradesh,7451955
19,0,39,7/3/2020,1033,9,672,Himachal Pradesh,7451955
13,1,25,7/4/2020,1046,10,697,Himachal Pradesh,7451955
17,0,28,7/5/2020,1063,10,725,Himachal Pradesh,7451955
14,0,26,7/6/2020,1077,10,751,Himachal Pradesh,7451955
6,0,27,7/7/2020,1083,10,778,Himachal Pradesh,7451955
18,0,43,7/8/2020,1101,10,821,Himachal Pradesh,7451955
39,0,13,7/9/2020,1140,10,834,Himachal Pradesh,7451955
31,0,39,7/10/2020,1171,10,873,Himachal Pradesh,7451955
11,0,23,7/11/2020,1182,10,896,Himachal Pradesh,7451955
31,0,21,7/12/2020,1213,10,917,Himachal Pradesh,7451955
30,0,11,7/13/2020,1243,10,928,Himachal Pradesh,7451955
66,0,11,7/14/2020,1309,10,939,Himachal Pradesh,7451955
32,0,28,7/15/2020,1341,10,967,Himachal Pradesh,7451955
36,0,5,7/16/2020,1377,10,972,Himachal Pradesh,7451955
40,0,40,7/17/2020,1417,10,1012,Himachal Pradesh,7451955
40,0,19,7/18/2020,1457,10,1031,Himachal Pradesh,7451955
64,0,29,7/19/2020,1521,10,1060,Himachal Pradesh,7451955
110,0,8,7/20/2020,1631,10,1068,Himachal Pradesh,7451955
33,1,10,7/21/2020,1664,11,1078,Himachal Pradesh,7451955
61,0,28,7/22/2020,1725,11,1106,Himachal Pradesh,7451955
109,0,31,7/23/2020,1834,11,1137,Himachal Pradesh,7451955
120,1,9,7/24/2020,1954,12,1146,Himachal Pradesh,7451955
95,0,28,7/25/2020,2049,12,1174,Himachal Pradesh,7451955
127,1,25,7/26/2020,2176,13,1199,Himachal Pradesh,7451955
94,0,18,7/27/2020,2270,13,1217,Himachal Pradesh,7451955
60,0,18,7/28/2020,2330,13,1235,Himachal Pradesh,7451955
73,0,98,7/29/2020,2403,13,1333,Himachal Pradesh,7451955
103,0,55,7/30/2020,2506,13,1388,Himachal Pradesh,7451955
58,0,72,7/31/2020,2564,13,1460,Himachal Pradesh,7451955
70,0,43,8/1/2020,2634,13,1503,Himachal Pradesh,7451955
69,0,57,8/2/2020,2703,13,1560,Himachal Pradesh,7451955
115,0,99,8/3/2020,2818,13,1659,Himachal Pradesh,7451955
61,0,52,8/4/2020,2879,13,1711,Himachal Pradesh,7451955
37,0,52,8/5/2020,2916,13,1763,Himachal Pradesh,7451955
131,0,103,8/6/2020,3047,13,1866,Himachal Pradesh,7451955
103,0,89,8/7/2020,3150,13,1955,Himachal Pradesh,7451955
114,0,127,8/8/2020,3264,13,2082,Himachal Pradesh,7451955
107,1,100,8/9/2020,3371,14,2182,Himachal Pradesh,7451955
92,2,24,8/10/2020,3463,16,2206,Himachal Pradesh,7451955
34,1,68,8/11/2020,3497,17,2274,Himachal Pradesh,7451955
139,0,89,8/12/2020,3636,17,2363,Himachal Pradesh,7451955
180,1,73,8/13/2020,3816,18,2436,Himachal Pradesh,7451955
58,0,116,8/14/2020,3874,18,2552,Himachal Pradesh,7451955
119,0,81,8/15/2020,3993,18,2633,Himachal Pradesh,7451955
163,0,88,8/16/2020,4156,18,2721,Himachal Pradesh,7451955
18,0,114,8/17/2020,4174,18,2835,Himachal Pradesh,7451955
61,0,89,8/18/2020,4235,18,2924,Himachal Pradesh,7451955
176,2,69,8/19/2020,4411,20,2993,Himachal Pradesh,7451955
127,2,93,8/20/2020,4538,22,3086,Himachal Pradesh,7451955
190,2,149,8/21/2020,4728,24,3235,Himachal Pradesh,7451955
167,4,107,8/22/2020,4895,28,3342,Himachal Pradesh,7451955
106,0,120,8/23/2020,5001,28,3462,Himachal Pradesh,7451955
100,0,123,8/24/2020,5101,28,3585,Himachal Pradesh,7451955
53,1,164,8/25/2020,5154,29,3749,Himachal Pradesh,7451955
167,2,62,8/26/2020,5321,31,3811,Himachal Pradesh,7451955
180,1,198,8/27/2020,5501,32,4009,Himachal Pradesh,7451955
136,0,141,8/28/2020,5637,32,4150,Himachal Pradesh,7451955
144,1,117,8/29/2020,5781,33,4267,Himachal Pradesh,7451955
164,1,142,8/30/2020,5945,34,4409,Himachal Pradesh,7451955
171,3,65,8/31/2020,6116,37,4474,Himachal Pradesh,7451955
139,4,173,9/1/2020,6255,41,4647,Himachal Pradesh,7451955
161,1,69,9/2/2020,6416,42,4716,Himachal Pradesh,7451955
199,5,98,9/3/2020,6615,47,4814,Himachal Pradesh,7451955
215,2,107,9/4/2020,6830,49,4921,Himachal Pradesh,7451955
188,4,21,9/5/2020,7018,53,4942,Himachal Pradesh,7451955
397,1,197,9/6/2020,7415,54,5139,Himachal Pradesh,7451955
245,1,221,9/7/2020,7660,55,5360,Himachal Pradesh,7451955
171,4,85,9/8/2020,7831,59,5445,Himachal Pradesh,7451955
316,3,142,9/9/2020,8147,62,5587,Himachal Pradesh,7451955
319,3,80,9/10/2020,8466,65,5667,Himachal Pradesh,7451955
318,5,158,9/11/2020,8784,70,5825,Himachal Pradesh,7451955
445,2,123,9/12/2020,9229,72,5948,Himachal Pradesh,7451955
326,4,152,9/13/2020,9555,76,6100,Himachal Pradesh,7451955
368,5,68,9/14/2020,9923,81,6168,Himachal Pradesh,7451955
412,8,250,9/15/2020,10335,89,6418,Himachal Pradesh,7451955
460,1,114,9/16/2020,10795,90,6532,Himachal Pradesh,7451955
395,7,388,9/17/2020,11190,97,6920,Himachal Pradesh,7451955
432,12,135,9/18/2020,11622,109,7055,Himachal Pradesh,7451955
286,5,403,9/19/2020,11908,114,7458,Himachal Pradesh,7451955
221,4,91,9/20/2020,12129,118,7549,Himachal Pradesh,7451955
309,7,288,9/21/2020,12438,125,7837,Himachal Pradesh,7451955
331,5,655,9/22/2020,12769,130,8492,Himachal Pradesh,7451955
280,5,446,9/23/2020,13049,135,8938,Himachal Pradesh,7451955
337,10,295,9/24/2020,13386,145,9233,Himachal Pradesh,7451955
293,7,296,9/25/2020,13679,152,9529,Himachal Pradesh,7451955
317,7,182,9/26/2020,13996,159,9711,Himachal Pradesh,7451955
195,11,629,9/27/2020,14191,170,10340,Himachal Pradesh,7451955
266,5,268,9/28/2020,14457,175,10608,Himachal Pradesh,7451955
290,3,364,9/29/2020,14747,178,10972,Himachal Pradesh,7451955
229,3,399,9/30/2020,14976,181,11371,Himachal Pradesh,7451955
243,9,218,10/1/2020,15219,190,11589,Himachal Pradesh,7451955
235,7,388,10/2/2020,15454,197,11977,Himachal Pradesh,7451955
241,8,197,10/3/2020,15695,205,12174,Himachal Pradesh,7451955
156,7,168,10/4/2020,15851,212,12342,Himachal Pradesh,7451955
182,7,292,10/5/2020,16033,219,12634,Himachal Pradesh,7451955
250,5,265,10/6/2020,16283,224,12899,Himachal Pradesh,7451955
282,2,418,10/7/2020,16565,226,13317,Himachal Pradesh,7451955
213,7,267,10/8/2020,16778,233,13584,Himachal Pradesh,7451955
199,7,278,10/9/2020,16977,240,13862,Himachal Pradesh,7451955
267,3,400,10/10/2020,17244,243,14262,Himachal Pradesh,7451955
164,2,190,10/11/2020,17408,245,14452,Himachal Pradesh,7451955
170,1,219,10/12/2020,17578,246,14671,Himachal Pradesh,7451955
184,3,312,10/13/2020,17762,249,14983,Himachal Pradesh,7451955
246,1,232,10/14/2020,18008,250,15215,Himachal Pradesh,7451955
295,5,153,10/15/2020,18303,255,15368,Himachal Pradesh,7451955
219,2,219,10/16/2020,18522,257,15587,Himachal Pradesh,7451955
275,3,234,10/17/2020,18797,260,15821,Himachal Pradesh,7451955
170,3,217,10/18/2020,18967,263,16038,Himachal Pradesh,7451955
168,4,201,10/19/2020,19135,267,16239,Himachal Pradesh,7451955
222,2,216,10/20/2020,19357,269,16455,Himachal Pradesh,7451955
264,5,219,10/21/2020,19621,274,16674,Himachal Pradesh,7451955
223,5,238,10/22/2020,19844,279,16912,Himachal Pradesh,7451955
2,0,0,3/14/2020,2,0,0,Jammu and Kashmir,13606320
0,0,0,3/15/2020,2,0,0,Jammu and Kashmir,13606320
1,0,0,3/16/2020,3,0,0,Jammu and Kashmir,13606320
0,0,0,3/17/2020,3,0,0,Jammu and Kashmir,13606320
1,0,0,3/18/2020,4,0,0,Jammu and Kashmir,13606320
0,0,0,3/19/2020,4,0,0,Jammu and Kashmir,13606320
0,0,0,3/20/2020,4,0,0,Jammu and Kashmir,13606320
0,0,0,3/21/2020,4,0,0,Jammu and Kashmir,13606320
0,0,0,3/22/2020,4,0,0,Jammu and Kashmir,13606320
0,0,0,3/23/2020,4,0,0,Jammu and Kashmir,13606320
2,0,0,3/24/2020,6,0,0,Jammu and Kashmir,13606320
5,0,1,3/25/2020,11,0,1,Jammu and Kashmir,13606320
3,1,0,3/26/2020,14,1,1,Jammu and Kashmir,13606320
6,0,0,3/27/2020,20,1,1,Jammu and Kashmir,13606320
13,0,0,3/28/2020,33,1,1,Jammu and Kashmir,13606320
5,0,0,3/29/2020,38,1,1,Jammu and Kashmir,13606320
11,0,0,3/30/2020,49,1,1,Jammu and Kashmir,13606320
6,1,0,3/31/2020,55,2,1,Jammu and Kashmir,13606320
7,0,1,4/1/2020,62,2,2,Jammu and Kashmir,13606320
8,0,1,4/2/2020,70,2,3,Jammu and Kashmir,13606320
5,0,0,4/3/2020,75,2,3,Jammu and Kashmir,13606320
17,0,0,4/4/2020,92,2,3,Jammu and Kashmir,13606320
14,0,1,4/5/2020,106,2,4,Jammu and Kashmir,13606320
3,0,0,4/6/2020,109,2,4,Jammu and Kashmir,13606320
16,1,0,4/7/2020,125,3,4,Jammu and Kashmir,13606320
33,0,2,4/8/2020,158,3,6,Jammu and Kashmir,13606320
26,1,0,4/9/2020,184,4,6,Jammu and Kashmir,13606320
23,0,0,4/10/2020,207,4,6,Jammu and Kashmir,13606320
17,0,0,4/11/2020,224,4,6,Jammu and Kashmir,13606320
21,0,0,4/12/2020,245,4,6,Jammu and Kashmir,13606320
25,0,10,4/13/2020,270,4,16,Jammu and Kashmir,13606320
8,0,14,4/14/2020,278,4,30,Jammu and Kashmir,13606320
22,0,6,4/15/2020,300,4,36,Jammu and Kashmir,13606320
14,0,2,4/16/2020,314,4,38,Jammu and Kashmir,13606320
14,1,4,4/17/2020,328,5,42,Jammu and Kashmir,13606320
13,0,9,4/18/2020,341,5,51,Jammu and Kashmir,13606320
13,0,5,4/19/2020,354,5,56,Jammu and Kashmir,13606320
14,0,15,4/20/2020,368,5,71,Jammu and Kashmir,13606320
12,0,10,4/21/2020,380,5,81,Jammu and Kashmir,13606320
27,0,11,4/22/2020,407,5,92,Jammu and Kashmir,13606320
27,0,0,4/23/2020,434,5,92,Jammu and Kashmir,13606320
20,0,17,4/24/2020,454,5,109,Jammu and Kashmir,13606320
40,1,3,4/25/2020,494,6,112,Jammu and Kashmir,13606320
29,0,25,4/26/2020,523,6,137,Jammu and Kashmir,13606320
23,1,27,4/27/2020,546,7,164,Jammu and Kashmir,13606320
19,1,12,4/28/2020,565,8,176,Jammu and Kashmir,13606320
16,0,16,4/29/2020,581,8,192,Jammu and Kashmir,13606320
33,0,24,4/30/2020,614,8,216,Jammu and Kashmir,13606320
25,0,31,5/1/2020,639,8,247,Jammu and Kashmir,13606320
27,0,7,5/2/2020,666,8,254,Jammu and Kashmir,13606320
35,0,33,5/3/2020,701,8,287,Jammu and Kashmir,13606320
25,0,16,5/4/2020,726,8,303,Jammu and Kashmir,13606320
15,0,17,5/5/2020,741,8,320,Jammu and Kashmir,13606320
34,0,2,5/6/2020,775,8,322,Jammu and Kashmir,13606320
18,1,13,5/7/2020,793,9,335,Jammu and Kashmir,13606320
30,0,29,5/8/2020,823,9,364,Jammu and Kashmir,13606320
13,0,4,5/9/2020,836,9,368,Jammu and Kashmir,13606320
25,0,15,5/10/2020,861,9,383,Jammu and Kashmir,13606320
18,1,44,5/11/2020,879,10,427,Jammu and Kashmir,13606320
55,0,28,5/12/2020,934,10,455,Jammu and Kashmir,13606320
37,1,11,5/13/2020,971,11,466,Jammu and Kashmir,13606320
12,0,19,5/14/2020,983,11,485,Jammu and Kashmir,13606320
30,0,28,5/15/2020,1013,11,513,Jammu and Kashmir,13606320
108,1,29,5/16/2020,1121,12,542,Jammu and Kashmir,13606320
62,1,33,5/17/2020,1183,13,575,Jammu and Kashmir,13606320
106,2,34,5/18/2020,1289,15,609,Jammu and Kashmir,13606320
28,2,38,5/19/2020,1317,17,647,Jammu and Kashmir,13606320
73,1,31,5/20/2020,1390,18,678,Jammu and Kashmir,13606320
59,2,6,5/21/2020,1449,20,684,Jammu and Kashmir,13606320
40,0,36,5/22/2020,1489,20,720,Jammu and Kashmir,13606320
80,1,54,5/23/2020,1569,21,774,Jammu and Kashmir,13606320
52,0,35,5/24/2020,1621,21,809,Jammu and Kashmir,13606320
47,2,0,5/25/2020,1668,23,809,Jammu and Kashmir,13606320
91,1,24,5/26/2020,1759,24,833,Jammu and Kashmir,13606320
162,2,21,5/27/2020,1921,26,854,Jammu and Kashmir,13606320
115,1,5,5/28/2020,2036,27,859,Jammu and Kashmir,13606320
128,1,16,5/29/2020,2164,28,875,Jammu and Kashmir,13606320
177,0,33,5/30/2020,2341,28,908,Jammu and Kashmir,13606320
105,0,19,5/31/2020,2446,28,927,Jammu and Kashmir,13606320
155,3,19,6/1/2020,2601,31,946,Jammu and Kashmir,13606320
117,2,7,6/2/2020,2718,33,953,Jammu and Kashmir,13606320
139,1,54,6/3/2020,2857,34,1007,Jammu and Kashmir,13606320
285,1,41,6/4/2020,3142,35,1048,Jammu and Kashmir,13606320
182,1,38,6/5/2020,3324,36,1086,Jammu and Kashmir,13606320
143,3,40,6/6/2020,3467,39,1126,Jammu and Kashmir,13606320
620,2,90,6/7/2020,4087,41,1216,Jammu and Kashmir,13606320
198,4,108,6/8/2020,4285,45,1324,Jammu and Kashmir,13606320
61,3,182,6/9/2020,4346,48,1506,Jammu and Kashmir,13606320
161,3,165,6/10/2020,4507,51,1671,Jammu and Kashmir,13606320
67,1,149,6/11/2020,4574,52,1820,Jammu and Kashmir,13606320
156,1,266,6/12/2020,4730,53,2086,Jammu and Kashmir,13606320
148,2,183,6/13/2020,4878,55,2269,Jammu and Kashmir,13606320
163,4,120,6/14/2020,5041,59,2389,Jammu and Kashmir,13606320
179,3,215,6/15/2020,5220,62,2604,Jammu and Kashmir,13606320
78,1,177,6/16/2020,5298,63,2781,Jammu and Kashmir,13606320
108,1,133,6/17/2020,5406,64,2914,Jammu and Kashmir,13606320
149,7,230,6/18/2020,5555,71,3144,Jammu and Kashmir,13606320
125,4,50,6/19/2020,5680,75,3194,Jammu and Kashmir,13606320
154,6,142,6/20/2020,5834,81,3336,Jammu and Kashmir,13606320
122,1,46,6/21/2020,5956,82,3382,Jammu and Kashmir,13606320
132,3,149,6/22/2020,6088,85,3531,Jammu and Kashmir,13606320
148,2,111,6/23/2020,6236,87,3642,Jammu and Kashmir,13606320
186,1,176,6/24/2020,6422,88,3818,Jammu and Kashmir,13606320
127,2,149,6/25/2020,6549,90,3967,Jammu and Kashmir,13606320
213,1,113,6/26/2020,6762,91,4080,Jammu and Kashmir,13606320
204,2,145,6/27/2020,6966,93,4225,Jammu and Kashmir,13606320
127,1,91,6/28/2020,7093,94,4316,Jammu and Kashmir,13606320
144,1,269,6/29/2020,7237,95,4585,Jammu and Kashmir,13606320
260,6,137,6/30/2020,7497,101,4722,Jammu and Kashmir,13606320
198,4,134,7/1/2020,7695,105,4856,Jammu and Kashmir,13606320
154,10,118,7/2/2020,7849,115,4974,Jammu and Kashmir,13606320
170,4,101,7/3/2020,8019,119,5075,Jammu and Kashmir,13606320
227,8,68,7/4/2020,8246,127,5143,Jammu and Kashmir,13606320
183,5,112,7/5/2020,8429,132,5255,Jammu and Kashmir,13606320
246,6,63,7/6/2020,8675,138,5318,Jammu and Kashmir,13606320
256,5,81,7/7/2020,8931,143,5399,Jammu and Kashmir,13606320
330,6,168,7/8/2020,9261,149,5567,Jammu and Kashmir,13606320
240,5,128,7/9/2020,9501,154,5695,Jammu and Kashmir,13606320
387,5,91,7/10/2020,9888,159,5786,Jammu and Kashmir,13606320
268,10,109,7/11/2020,10156,169,5895,Jammu and Kashmir,13606320
357,10,84,7/12/2020,10513,179,5979,Jammu and Kashmir,13606320
314,8,116,7/13/2020,10827,187,6095,Jammu and Kashmir,13606320
346,8,128,7/14/2020,11173,195,6223,Jammu and Kashmir,13606320
493,11,114,7/15/2020,11666,206,6337,Jammu and Kashmir,13606320
490,16,109,7/16/2020,12156,222,6446,Jammu and Kashmir,13606320
601,9,112,7/17/2020,12757,231,6558,Jammu and Kashmir,13606320
441,5,607,7/18/2020,13198,236,7165,Jammu and Kashmir,13606320
701,8,646,7/19/2020,13899,244,7811,Jammu and Kashmir,13606320
751,10,463,7/20/2020,14650,254,8274,Jammu and Kashmir,13606320
608,9,181,7/21/2020,15258,263,8455,Jammu and Kashmir,13606320
453,10,152,7/22/2020,15711,273,8607,Jammu and Kashmir,13606320
718,9,102,7/23/2020,16429,282,8709,Jammu and Kashmir,13606320
353,14,508,7/24/2020,16782,296,9217,Jammu and Kashmir,13606320
523,9,300,7/25/2020,17305,305,9517,Jammu and Kashmir,13606320
615,7,411,7/26/2020,17920,312,9928,Jammu and Kashmir,13606320
470,9,474,7/27/2020,18390,321,10402,Jammu and Kashmir,13606320
489,12,483,7/28/2020,18879,333,10885,Jammu and Kashmir,13606320
540,15,437,7/29/2020,19419,348,11322,Jammu and Kashmir,13606320
450,17,520,7/30/2020,19869,365,11842,Jammu and Kashmir,13606320
490,12,375,7/31/2020,20359,377,12217,Jammu and Kashmir,13606320
613,11,654,8/1/2020,20972,388,12871,Jammu and Kashmir,13606320
444,8,256,8/2/2020,21416,396,13127,Jammu and Kashmir,13606320
590,11,905,8/3/2020,22006,407,14032,Jammu and Kashmir,13606320
390,10,824,8/4/2020,22396,417,14856,Jammu and Kashmir,13606320
559,9,388,8/5/2020,22955,426,15244,Jammu and Kashmir,13606320
499,10,464,8/6/2020,23454,436,15708,Jammu and Kashmir,13606320
473,13,510,8/7/2020,23927,449,16218,Jammu and Kashmir,13606320
463,10,449,8/8/2020,24390,459,16667,Jammu and Kashmir,13606320
507,13,336,8/9/2020,24897,472,17003,Jammu and Kashmir,13606320
470,6,372,8/10/2020,25367,478,17375,Jammu and Kashmir,13606320
564,12,604,8/11/2020,25931,490,17979,Jammu and Kashmir,13606320
482,8,544,8/12/2020,26413,498,18523,Jammu and Kashmir,13606320
536,11,779,8/13/2020,26949,509,19302,Jammu and Kashmir,13606320
540,11,640,8/14/2020,27489,520,19942,Jammu and Kashmir,13606320
532,7,734,8/15/2020,28021,527,20676,Jammu and Kashmir,13606320
449,15,267,8/16/2020,28470,542,20943,Jammu and Kashmir,13606320
422,6,353,8/17/2020,28892,548,21296,Jammu and Kashmir,13606320
434,13,590,8/18/2020,29326,561,21886,Jammu and Kashmir,13606320
708,11,611,8/19/2020,30034,572,22497,Jammu and Kashmir,13606320
683,6,728,8/20/2020,30717,578,23225,Jammu and Kashmir,13606320
654,15,580,8/21/2020,31371,593,23805,Jammu and Kashmir,13606320
610,15,593,8/22/2020,31981,608,24398,Jammu and Kashmir,13606320
666,9,434,8/23/2020,32647,617,24832,Jammu and Kashmir,13606320
428,7,373,8/24/2020,33075,624,25205,Jammu and Kashmir,13606320
701,14,389,8/25/2020,33776,638,25594,Jammu and Kashmir,13606320
704,19,599,8/26/2020,34480,657,26193,Jammu and Kashmir,13606320
655,14,528,8/27/2020,35135,671,26721,Jammu and Kashmir,13606320
696,7,651,8/28/2020,35831,678,27372,Jammu and Kashmir,13606320
546,7,648,8/29/2020,36377,685,28020,Jammu and Kashmir,13606320
786,9,490,8/30/2020,37163,694,28510,Jammu and Kashmir,13606320
535,9,505,8/31/2020,37698,703,29015,Jammu and Kashmir,13606320
525,14,469,9/1/2020,38223,717,29484,Jammu and Kashmir,13606320
641,15,595,9/2/2020,38864,732,30079,Jammu and Kashmir,13606320
1079,11,680,9/3/2020,39943,743,30759,Jammu and Kashmir,13606320
1047,12,676,9/4/2020,40990,755,31435,Jammu and Kashmir,13606320
1251,15,489,9/5/2020,42241,770,31924,Jammu and Kashmir,13606320
1316,14,403,9/6/2020,43557,784,32327,Jammu and Kashmir,13606320
1013,17,433,9/7/2020,44570,801,32760,Jammu and Kashmir,13606320
1355,14,491,9/8/2020,45925,815,33251,Jammu and Kashmir,13606320
1617,17,620,9/9/2020,47542,832,33871,Jammu and Kashmir,13606320
1592,13,344,9/10/2020,49134,845,34215,Jammu and Kashmir,13606320
1578,9,474,9/11/2020,50712,854,34689,Jammu and Kashmir,13606320
1698,10,596,9/12/2020,52410,864,35285,Jammu and Kashmir,13606320
1686,14,452,9/13/2020,54096,878,35737,Jammu and Kashmir,13606320
1229,17,644,9/14/2020,55325,895,36381,Jammu and Kashmir,13606320
1329,19,681,9/15/2020,56654,914,37062,Jammu and Kashmir,13606320
1590,18,747,9/16/2020,58244,932,37809,Jammu and Kashmir,13606320
1467,19,712,9/17/2020,59711,951,38521,Jammu and Kashmir,13606320
1330,15,784,9/18/2020,61041,966,39305,Jammu and Kashmir,13606320
1492,21,960,9/19/2020,62533,987,40265,Jammu and Kashmir,13606320
1457,14,692,9/20/2020,63990,1001,40957,Jammu and Kashmir,13606320
1036,23,1158,9/21/2020,65026,1024,42115,Jammu and Kashmir,13606320
1235,18,1619,9/22/2020,66261,1042,43734,Jammu and Kashmir,13606320
1249,20,2796,9/23/2020,67510,1062,46530,Jammu and Kashmir,13606320
1104,22,1549,9/24/2020,68614,1084,48079,Jammu and Kashmir,13606320
1218,21,1478,9/25/2020,69832,1105,49557,Jammu and Kashmir,13606320
1217,20,1937,9/26/2020,71049,1125,51494,Jammu and Kashmir,13606320
1141,7,1365,9/27/2020,72190,1132,52859,Jammu and Kashmir,13606320
824,14,1408,9/28/2020,73014,1146,54267,Jammu and Kashmir,13606320
1081,18,1250,9/29/2020,74095,1164,55517,Jammu and Kashmir,13606320
975,17,1355,9/30/2020,75070,1181,56872,Jammu and Kashmir,13606320
1093,17,1680,10/1/2020,76163,1198,58552,Jammu and Kashmir,13606320
1090,14,1400,10/2/2020,77253,1212,59952,Jammu and Kashmir,13606320
975,19,1399,10/3/2020,78228,1231,61351,Jammu and Kashmir,13606320
878,11,1053,10/4/2020,79106,1242,62404,Jammu and Kashmir,13606320
632,10,1386,10/5/2020,79738,1252,63790,Jammu and Kashmir,13606320
738,16,1706,10/6/2020,80476,1268,65496,Jammu and Kashmir,13606320
621,14,2188,10/7/2020,81097,1282,67684,Jammu and Kashmir,13606320
696,9,1336,10/8/2020,81793,1291,69020,Jammu and Kashmir,13606320
636,15,959,10/9/2020,82429,1306,69979,Jammu and Kashmir,13606320
635,7,976,10/10/2020,83064,1313,70955,Jammu and Kashmir,13606320
569,9,890,10/11/2020,83633,1322,71845,Jammu and Kashmir,13606320
398,11,861,10/12/2020,84031,1333,72706,Jammu and Kashmir,13606320
677,7,796,10/13/2020,84708,1340,73502,Jammu and Kashmir,13606320
701,12,816,10/14/2020,85409,1352,74318,Jammu and Kashmir,13606320
648,6,1323,10/15/2020,86057,1358,75641,Jammu and Kashmir,13606320
697,8,838,10/16/2020,86754,1366,76479,Jammu and Kashmir,13606320
610,6,809,10/17/2020,87364,1372,77288,Jammu and Kashmir,13606320
578,7,598,10/18/2020,87942,1379,77886,Jammu and Kashmir,13606320
427,9,781,10/19/2020,88369,1388,78667,Jammu and Kashmir,13606320
589,9,770,10/20/2020,88958,1397,79437,Jammu and Kashmir,13606320
624,5,655,10/21/2020,89582,1402,80092,Jammu and Kashmir,13606320
584,10,710,10/22/2020,90166,1412,80802,Jammu and Kashmir,13606320
0,0,0,3/14/2020,0,0,0,Jharkhand,38593948
0,0,0,3/15/2020,0,0,0,Jharkhand,38593948
0,0,0,3/16/2020,0,0,0,Jharkhand,38593948
0,0,0,3/17/2020,0,0,0,Jharkhand,38593948
0,0,0,3/18/2020,0,0,0,Jharkhand,38593948
0,0,0,3/19/2020,0,0,0,Jharkhand,38593948
0,0,0,3/20/2020,0,0,0,Jharkhand,38593948
0,0,0,3/21/2020,0,0,0,Jharkhand,38593948
0,0,0,3/22/2020,0,0,0,Jharkhand,38593948
0,0,0,3/23/2020,0,0,0,Jharkhand,38593948
0,0,0,3/24/2020,0,0,0,Jharkhand,38593948
0,0,0,3/25/2020,0,0,0,Jharkhand,38593948
0,0,0,3/26/2020,0,0,0,Jharkhand,38593948
0,0,0,3/27/2020,0,0,0,Jharkhand,38593948
0,0,0,3/28/2020,0,0,0,Jharkhand,38593948
0,0,0,3/29/2020,0,0,0,Jharkhand,38593948
0,0,0,3/30/2020,0,0,0,Jharkhand,38593948
1,0,0,3/31/2020,1,0,0,Jharkhand,38593948
0,0,0,4/1/2020,1,0,0,Jharkhand,38593948
1,0,0,4/2/2020,2,0,0,Jharkhand,38593948
0,0,0,4/3/2020,2,0,0,Jharkhand,38593948
0,0,0,4/4/2020,2,0,0,Jharkhand,38593948
1,0,0,4/5/2020,3,0,0,Jharkhand,38593948
1,0,0,4/6/2020,4,0,0,Jharkhand,38593948
0,0,0,4/7/2020,4,0,0,Jharkhand,38593948
0,0,0,4/8/2020,4,0,0,Jharkhand,38593948
9,1,0,4/9/2020,13,1,0,Jharkhand,38593948
1,0,0,4/10/2020,14,1,0,Jharkhand,38593948
3,0,0,4/11/2020,17,1,0,Jharkhand,38593948
2,1,0,4/12/2020,19,2,0,Jharkhand,38593948
5,0,0,4/13/2020,24,2,0,Jharkhand,38593948
3,0,0,4/14/2020,27,2,0,Jharkhand,38593948
1,0,0,4/15/2020,28,2,0,Jharkhand,38593948
1,0,0,4/16/2020,29,2,0,Jharkhand,38593948
3,0,0,4/17/2020,32,2,0,Jharkhand,38593948
1,0,0,4/18/2020,33,2,0,Jharkhand,38593948
8,0,0,4/19/2020,41,2,0,Jharkhand,38593948
5,0,4,4/20/2020,46,2,4,Jharkhand,38593948
0,0,0,4/21/2020,46,2,4,Jharkhand,38593948
0,0,0,4/22/2020,46,2,4,Jharkhand,38593948
7,1,4,4/23/2020,53,3,8,Jharkhand,38593948
6,0,0,4/24/2020,59,3,8,Jharkhand,38593948
8,0,0,4/25/2020,67,3,8,Jharkhand,38593948
15,0,5,4/26/2020,82,3,13,Jharkhand,38593948
21,0,4,4/27/2020,103,3,17,Jharkhand,38593948
2,0,2,4/28/2020,105,3,19,Jharkhand,38593948
2,0,0,4/29/2020,107,3,19,Jharkhand,38593948
3,0,0,4/30/2020,110,3,19,Jharkhand,38593948
3,0,2,5/1/2020,113,3,21,Jharkhand,38593948
2,0,1,5/2/2020,115,3,22,Jharkhand,38593948
0,0,5,5/3/2020,115,3,27,Jharkhand,38593948
0,0,0,5/4/2020,115,3,27,Jharkhand,38593948
10,0,6,5/5/2020,125,3,33,Jharkhand,38593948
2,0,4,5/6/2020,127,3,37,Jharkhand,38593948
5,0,4,5/7/2020,132,3,41,Jharkhand,38593948
22,0,0,5/8/2020,154,3,41,Jharkhand,38593948
2,0,37,5/9/2020,156,3,78,Jharkhand,38593948
1,0,0,5/10/2020,157,3,78,Jharkhand,38593948
4,0,0,5/11/2020,161,3,78,Jharkhand,38593948
11,0,1,5/12/2020,172,3,79,Jharkhand,38593948
5,0,8,5/13/2020,177,3,87,Jharkhand,38593948
26,0,0,5/14/2020,203,3,87,Jharkhand,38593948
8,0,10,5/15/2020,211,3,97,Jharkhand,38593948
6,0,16,5/16/2020,217,3,113,Jharkhand,38593948
6,0,0,5/17/2020,223,3,113,Jharkhand,38593948
5,0,14,5/18/2020,228,3,127,Jharkhand,38593948
20,0,0,5/19/2020,248,3,127,Jharkhand,38593948
42,0,2,5/20/2020,290,3,129,Jharkhand,38593948
13,0,7,5/21/2020,303,3,136,Jharkhand,38593948
20,0,0,5/22/2020,323,3,136,Jharkhand,38593948
27,0,5,5/23/2020,350,3,141,Jharkhand,38593948
20,1,7,5/24/2020,370,4,148,Jharkhand,38593948
35,0,0,5/25/2020,405,4,148,Jharkhand,38593948
21,0,5,5/26/2020,426,4,153,Jharkhand,38593948
7,0,0,5/27/2020,433,4,153,Jharkhand,38593948
6,0,0,5/28/2020,439,4,153,Jharkhand,38593948
82,1,63,5/29/2020,521,5,216,Jharkhand,38593948
73,0,40,5/30/2020,594,5,256,Jharkhand,38593948
41,0,0,5/31/2020,635,5,256,Jharkhand,38593948
26,0,40,6/1/2020,661,5,296,Jharkhand,38593948
61,0,0,6/2/2020,722,5,296,Jharkhand,38593948
42,0,1,6/3/2020,764,5,297,Jharkhand,38593948
63,1,69,6/4/2020,827,6,366,Jharkhand,38593948
95,1,69,6/5/2020,922,7,435,Jharkhand,38593948
106,0,38,6/6/2020,1028,7,473,Jharkhand,38593948
75,0,17,6/7/2020,1103,7,490,Jharkhand,38593948
187,0,29,6/8/2020,1290,7,519,Jharkhand,38593948
126,1,40,6/9/2020,1416,8,559,Jharkhand,38593948
135,0,33,6/10/2020,1551,8,592,Jharkhand,38593948
48,0,38,6/11/2020,1599,8,630,Jharkhand,38593948
57,0,55,6/12/2020,1656,8,685,Jharkhand,38593948
55,0,131,6/13/2020,1711,8,816,Jharkhand,38593948
52,0,89,6/14/2020,1763,8,905,Jharkhand,38593948
30,1,95,6/15/2020,1793,9,1000,Jharkhand,38593948
46,0,121,6/16/2020,1839,9,1121,Jharkhand,38593948
57,1,30,6/17/2020,1896,10,1151,Jharkhand,38593948
23,1,47,6/18/2020,1919,11,1198,Jharkhand,38593948
42,0,137,6/19/2020,1961,11,1335,Jharkhand,38593948
63,0,69,6/20/2020,2024,11,1404,Jharkhand,38593948
74,0,2,6/21/2020,2098,11,1406,Jharkhand,38593948
42,0,63,6/22/2020,2140,11,1469,Jharkhand,38593948
53,0,51,6/23/2020,2193,11,1520,Jharkhand,38593948
26,1,55,6/24/2020,2219,12,1575,Jharkhand,38593948
44,0,30,6/25/2020,2263,12,1605,Jharkhand,38593948
31,0,42,6/26/2020,2294,12,1647,Jharkhand,38593948
45,0,77,6/27/2020,2339,12,1724,Jharkhand,38593948
25,0,69,6/28/2020,2364,12,1793,Jharkhand,38593948
62,3,56,6/29/2020,2426,15,1849,Jharkhand,38593948
64,0,35,6/30/2020,2490,15,1884,Jharkhand,38593948
35,0,47,7/1/2020,2525,15,1931,Jharkhand,38593948
60,0,57,7/2/2020,2585,15,1988,Jharkhand,38593948
112,0,13,7/3/2020,2697,15,2001,Jharkhand,38593948
42,3,34,7/4/2020,2739,18,2035,Jharkhand,38593948
68,1,10,7/5/2020,2807,19,2045,Jharkhand,38593948
47,1,23,7/6/2020,2854,20,2068,Jharkhand,38593948
164,2,36,7/7/2020,3018,22,2104,Jharkhand,38593948
116,0,66,7/8/2020,3134,22,2170,Jharkhand,38593948
134,1,40,7/9/2020,3268,23,2210,Jharkhand,38593948
250,0,14,7/10/2020,3518,23,2224,Jharkhand,38593948
145,1,32,7/11/2020,3663,24,2256,Jharkhand,38593948
97,7,52,7/12/2020,3760,31,2308,Jharkhand,38593948
203,2,43,7/13/2020,3963,33,2351,Jharkhand,38593948
262,3,77,7/14/2020,4225,36,2428,Jharkhand,38593948
337,2,57,7/15/2020,4562,38,2485,Jharkhand,38593948
221,4,28,7/16/2020,4783,42,2513,Jharkhand,38593948
313,4,64,7/17/2020,5096,46,2577,Jharkhand,38593948
289,2,79,7/18/2020,5385,48,2656,Jharkhand,38593948
167,1,62,7/19/2020,5552,49,2718,Jharkhand,38593948
225,4,117,7/20/2020,5777,53,2835,Jharkhand,38593948
418,8,107,7/21/2020,6195,61,2942,Jharkhand,38593948
487,3,106,7/22/2020,6682,64,3048,Jharkhand,38593948
482,3,206,7/23/2020,7164,67,3254,Jharkhand,38593948
400,9,100,7/24/2020,7564,76,3354,Jharkhand,38593948
277,7,167,7/25/2020,7841,83,3521,Jharkhand,38593948
508,0,183,7/26/2020,8349,83,3704,Jharkhand,38593948
454,7,101,7/27/2020,8803,90,3805,Jharkhand,38593948
760,4,179,7/28/2020,9563,94,3984,Jharkhand,38593948
331,5,77,7/29/2020,9894,99,4061,Jharkhand,38593948
505,4,115,7/30/2020,10399,103,4176,Jharkhand,38593948
915,3,167,7/31/2020,11314,106,4343,Jharkhand,38593948
790,8,170,8/1/2020,12104,114,4513,Jharkhand,38593948
455,4,169,8/2/2020,12559,118,4682,Jharkhand,38593948
941,7,112,8/3/2020,13500,125,4794,Jharkhand,38593948
570,4,405,8/4/2020,14070,129,5199,Jharkhand,38593948
978,7,627,8/5/2020,15048,136,5826,Jharkhand,38593948
708,9,768,8/6/2020,15756,145,6594,Jharkhand,38593948
726,6,897,8/7/2020,16482,151,7491,Jharkhand,38593948
986,9,834,8/8/2020,17468,160,8325,Jharkhand,38593948
688,17,673,8/9/2020,18156,177,8998,Jharkhand,38593948
630,12,750,8/10/2020,18786,189,9748,Jharkhand,38593948
683,5,807,8/11/2020,19469,194,10555,Jharkhand,38593948
788,8,1642,8/12/2020,20257,202,12197,Jharkhand,38593948
693,7,816,8/13/2020,20950,209,13013,Jharkhand,38593948
1175,15,665,8/14/2020,22125,224,13678,Jharkhand,38593948
547,5,503,8/15/2020,22672,229,14181,Jharkhand,38593948
552,15,566,8/16/2020,23224,244,14747,Jharkhand,38593948
843,11,601,8/17/2020,24067,255,15348,Jharkhand,38593948
1241,10,361,8/18/2020,25308,265,15709,Jharkhand,38593948
967,13,857,8/19/2020,26275,278,16566,Jharkhand,38593948
638,8,754,8/20/2020,26913,286,17320,Jharkhand,38593948
1258,11,1052,8/21/2020,28171,297,18372,Jharkhand,38593948
907,13,814,8/22/2020,29078,310,19186,Jharkhand,38593948
1075,8,950,8/23/2020,30153,318,20136,Jharkhand,38593948
940,17,889,8/24/2020,31093,335,21025,Jharkhand,38593948
1056,12,725,8/25/2020,32149,347,21750,Jharkhand,38593948
1137,15,736,8/26/2020,33286,362,22486,Jharkhand,38593948
1365,15,633,8/27/2020,34651,377,23119,Jharkhand,38593948
1137,12,1019,8/28/2020,35788,389,24138,Jharkhand,38593948
1299,9,1078,8/29/2020,37087,398,25216,Jharkhand,38593948
1323,12,1232,8/30/2020,38410,410,26448,Jharkhand,38593948
3221,7,695,8/31/2020,41631,417,27143,Jharkhand,38593948
2177,11,1006,9/1/2020,43808,428,28149,Jharkhand,38593948
1029,10,1598,9/2/2020,44837,438,29747,Jharkhand,38593948
1618,6,1139,9/3/2020,46455,444,30886,Jharkhand,38593948
1559,3,1157,9/4/2020,48014,447,32043,Jharkhand,38593948
1758,15,2287,9/5/2020,49772,462,34330,Jharkhand,38593948
1266,7,1854,9/6/2020,51038,469,36184,Jharkhand,38593948
1557,13,1366,9/7/2020,52595,482,37550,Jharkhand,38593948
2676,14,1812,9/8/2020,55271,496,39362,Jharkhand,38593948
1601,16,1297,9/9/2020,56872,512,40659,Jharkhand,38593948
1182,5,1456,9/10/2020,58054,517,42115,Jharkhand,38593948
961,15,1213,9/11/2020,59015,532,43328,Jharkhand,38593948
1420,10,1746,9/12/2020,60435,542,45074,Jharkhand,38593948
1014,13,1509,9/13/2020,61449,555,46583,Jharkhand,38593948
1263,6,1529,9/14/2020,62712,561,48112,Jharkhand,38593948
1702,10,1638,9/15/2020,64414,571,49750,Jharkhand,38593948
1635,8,1607,9/16/2020,66049,579,51357,Jharkhand,38593948
1026,11,1450,9/17/2020,67075,590,52807,Jharkhand,38593948
1478,12,1245,9/18/2020,68553,602,54052,Jharkhand,38593948
1282,13,1645,9/19/2020,69835,615,55697,Jharkhand,38593948
1492,2,1247,9/20/2020,71327,617,56944,Jharkhand,38593948
1321,9,1599,9/21/2020,72648,626,58543,Jharkhand,38593948
1275,15,1484,9/22/2020,73923,641,60027,Jharkhand,38593948
1141,7,1532,9/23/2020,75064,648,61559,Jharkhand,38593948
1349,4,1386,9/24/2020,76413,652,62945,Jharkhand,38593948
1271,9,1570,9/25/2020,77684,661,64515,Jharkhand,38593948
1226,9,1324,9/26/2020,78910,670,65839,Jharkhand,38593948
974,9,958,9/27/2020,79884,679,66797,Jharkhand,38593948
1508,9,1806,9/28/2020,81392,688,68603,Jharkhand,38593948
1123,12,1295,9/29/2020,82515,700,69898,Jharkhand,38593948
1111,13,1444,9/30/2020,83626,713,71342,Jharkhand,38593948
1013,8,1119,10/1/2020,84639,721,72461,Jharkhand,38593948
736,8,967,10/2/2020,85375,729,73428,Jharkhand,38593948
877,5,1176,10/3/2020,86252,734,74604,Jharkhand,38593948
933,9,907,10/4/2020,87185,743,75511,Jharkhand,38593948
816,4,1332,10/5/2020,88001,747,76843,Jharkhand,38593948
847,10,1246,10/6/2020,88848,757,78089,Jharkhand,38593948
829,10,1087,10/7/2020,89677,767,79176,Jharkhand,38593948
784,8,1263,10/8/2020,90461,775,80439,Jharkhand,38593948
768,6,1215,10/9/2020,91229,781,81654,Jharkhand,38593948
697,3,1151,10/10/2020,91926,784,82805,Jharkhand,38593948
574,3,766,10/11/2020,92500,787,83571,Jharkhand,38593948
510,11,890,10/12/2020,93010,798,84461,Jharkhand,38593948
701,7,853,10/13/2020,93711,805,85314,Jharkhand,38593948
633,6,1053,10/14/2020,94344,811,86367,Jharkhand,38593948
583,8,873,10/15/2020,94927,819,87240,Jharkhand,38593948
473,5,818,10/16/2020,95400,824,88058,Jharkhand,38593948
542,8,501,10/17/2020,95942,832,88559,Jharkhand,38593948
385,7,452,10/18/2020,96327,839,89011,Jharkhand,38593948
490,3,769,10/19/2020,96817,842,89780,Jharkhand,38593948
572,7,605,10/20/2020,97389,849,90385,Jharkhand,38593948
647,2,619,10/21/2020,98036,851,91004,Jharkhand,38593948
549,8,625,10/22/2020,98585,859,91629,Jharkhand,38593948
6,1,0,3/14/2020,6,1,0,Karnataka,67562686
0,0,0,3/15/2020,6,1,0,Karnataka,67562686
1,0,0,3/16/2020,7,1,0,Karnataka,67562686
2,0,0,3/17/2020,9,1,0,Karnataka,67562686
5,0,0,3/18/2020,14,1,0,Karnataka,67562686
1,0,0,3/19/2020,15,1,0,Karnataka,67562686
0,0,1,3/20/2020,15,1,1,Karnataka,67562686
5,0,0,3/21/2020,20,1,1,Karnataka,67562686
6,0,0,3/22/2020,26,1,1,Karnataka,67562686
7,0,1,3/23/2020,33,1,2,Karnataka,67562686
8,0,1,3/24/2020,41,1,3,Karnataka,67562686
10,0,0,3/25/2020,51,1,3,Karnataka,67562686
4,1,0,3/26/2020,55,2,3,Karnataka,67562686
9,1,2,3/27/2020,64,3,5,Karnataka,67562686
17,0,0,3/28/2020,81,3,5,Karnataka,67562686
2,0,0,3/29/2020,83,3,5,Karnataka,67562686
5,0,1,3/30/2020,88,3,6,Karnataka,67562686
13,0,2,3/31/2020,101,3,8,Karnataka,67562686
9,0,1,4/1/2020,110,3,9,Karnataka,67562686
14,0,2,4/2/2020,124,3,11,Karnataka,67562686
4,1,0,4/3/2020,128,4,11,Karnataka,67562686
16,0,0,4/4/2020,144,4,11,Karnataka,67562686
7,0,1,4/5/2020,151,4,12,Karnataka,67562686
12,0,8,4/6/2020,163,4,20,Karnataka,67562686
12,0,5,4/7/2020,175,4,25,Karnataka,67562686
6,1,3,4/8/2020,181,5,28,Karnataka,67562686
16,1,2,4/9/2020,197,6,30,Karnataka,67562686
10,0,4,4/10/2020,207,6,34,Karnataka,67562686
8,0,5,4/11/2020,215,6,39,Karnataka,67562686
17,0,15,4/12/2020,232,6,54,Karnataka,67562686
15,2,6,4/13/2020,247,8,60,Karnataka,67562686
13,2,11,4/14/2020,260,10,71,Karnataka,67562686
19,2,9,4/15/2020,279,12,80,Karnataka,67562686
36,1,2,4/16/2020,315,13,82,Karnataka,67562686
44,0,6,4/17/2020,359,13,88,Karnataka,67562686
25,1,16,4/18/2020,384,14,104,Karnataka,67562686
6,2,7,4/19/2020,390,16,111,Karnataka,67562686
18,0,1,4/20/2020,408,16,112,Karnataka,67562686
10,1,17,4/21/2020,418,17,129,Karnataka,67562686
9,0,2,4/22/2020,427,17,131,Karnataka,67562686
18,0,14,4/23/2020,445,17,145,Karnataka,67562686
29,1,7,4/24/2020,474,18,152,Karnataka,67562686
26,0,6,4/25/2020,500,18,158,Karnataka,67562686
3,1,24,4/26/2020,503,19,182,Karnataka,67562686
9,1,11,4/27/2020,512,20,193,Karnataka,67562686
11,0,14,4/28/2020,523,20,207,Karnataka,67562686
12,1,9,4/29/2020,535,21,216,Karnataka,67562686
30,1,13,4/30/2020,565,22,229,Karnataka,67562686
24,0,22,5/1/2020,589,22,251,Karnataka,67562686
12,3,20,5/2/2020,601,25,271,Karnataka,67562686
13,0,22,5/3/2020,614,25,293,Karnataka,67562686
37,2,28,5/4/2020,651,27,321,Karnataka,67562686
22,2,10,5/5/2020,673,29,331,Karnataka,67562686
20,0,23,5/6/2020,693,29,354,Karnataka,67562686
12,1,12,5/7/2020,705,30,366,Karnataka,67562686
48,0,10,5/8/2020,753,30,376,Karnataka,67562686
41,0,10,5/9/2020,794,30,386,Karnataka,67562686
54,1,36,5/10/2020,848,31,422,Karnataka,67562686
14,0,4,5/11/2020,862,31,426,Karnataka,67562686
63,0,7,5/12/2020,925,31,433,Karnataka,67562686
34,2,18,5/13/2020,959,33,451,Karnataka,67562686
28,2,9,5/14/2020,987,35,460,Karnataka,67562686
69,1,20,5/15/2020,1056,36,480,Karnataka,67562686
36,0,16,5/16/2020,1092,36,496,Karnataka,67562686
55,1,13,5/17/2020,1147,37,509,Karnataka,67562686
99,0,21,5/18/2020,1246,37,530,Karnataka,67562686
149,3,13,5/19/2020,1395,40,543,Karnataka,67562686
67,1,13,5/20/2020,1462,41,556,Karnataka,67562686
143,0,15,5/21/2020,1605,41,571,Karnataka,67562686
138,0,26,5/22/2020,1743,41,597,Karnataka,67562686
216,1,11,5/23/2020,1959,42,608,Karnataka,67562686
130,0,46,5/24/2020,2089,42,654,Karnataka,67562686
93,2,51,5/25/2020,2182,44,705,Karnataka,67562686
101,0,59,5/26/2020,2283,44,764,Karnataka,67562686
135,3,17,5/27/2020,2418,47,781,Karnataka,67562686
115,0,53,5/28/2020,2533,47,834,Karnataka,67562686
248,1,60,5/29/2020,2781,48,894,Karnataka,67562686
141,1,103,5/30/2020,2922,49,997,Karnataka,67562686
299,2,221,5/31/2020,3221,51,1218,Karnataka,67562686
187,1,100,6/1/2020,3408,52,1318,Karnataka,67562686
388,0,75,6/2/2020,3796,52,1393,Karnataka,67562686
267,1,111,6/3/2020,4063,53,1504,Karnataka,67562686
257,4,106,6/4/2020,4320,57,1610,Karnataka,67562686
515,0,83,6/5/2020,4835,57,1693,Karnataka,67562686
378,2,280,6/6/2020,5213,59,1973,Karnataka,67562686
239,2,159,6/7/2020,5452,61,2132,Karnataka,67562686
308,3,309,6/8/2020,5760,64,2441,Karnataka,67562686
161,2,164,6/9/2020,5921,66,2605,Karnataka,67562686
120,3,257,6/10/2020,6041,69,2862,Karnataka,67562686
204,3,114,6/11/2020,6245,72,2976,Karnataka,67562686
271,7,464,6/12/2020,6516,79,3440,Karnataka,67562686
308,3,208,6/13/2020,6824,82,3648,Karnataka,67562686
176,5,312,6/14/2020,7000,87,3960,Karnataka,67562686
213,2,174,6/15/2020,7213,89,4134,Karnataka,67562686
317,7,322,6/16/2020,7530,96,4456,Karnataka,67562686
204,8,348,6/17/2020,7734,104,4804,Karnataka,67562686
210,12,176,6/18/2020,7944,116,4980,Karnataka,67562686
337,9,230,6/19/2020,8281,125,5210,Karnataka,67562686
416,9,183,6/20/2020,8697,134,5393,Karnataka,67562686
453,5,226,6/21/2020,9150,139,5619,Karnataka,67562686
249,5,111,6/22/2020,9399,144,5730,Karnataka,67562686
322,8,274,6/23/2020,9721,152,6004,Karnataka,67562686
397,14,149,6/24/2020,10118,166,6153,Karnataka,67562686
442,6,519,6/25/2020,10560,172,6672,Karnataka,67562686
445,10,246,6/26/2020,11005,182,6918,Karnataka,67562686
918,11,371,6/27/2020,11923,193,7289,Karnataka,67562686
1267,16,220,6/28/2020,13190,209,7509,Karnataka,67562686
1105,19,176,6/29/2020,14295,228,7685,Karnataka,67562686
947,20,235,6/30/2020,15242,248,7920,Karnataka,67562686
1272,7,145,7/1/2020,16514,255,8065,Karnataka,67562686
1502,19,271,7/2/2020,18016,274,8336,Karnataka,67562686
1694,21,471,7/3/2020,19710,295,8807,Karnataka,67562686
1839,42,439,7/4/2020,21549,337,9246,Karnataka,67562686
1925,37,603,7/5/2020,23474,374,9849,Karnataka,67562686
1843,30,680,7/6/2020,25317,404,10529,Karnataka,67562686
1498,15,571,7/7/2020,26815,419,11100,Karnataka,67562686
2062,54,778,7/8/2020,28877,473,11878,Karnataka,67562686
2228,17,957,7/9/2020,31105,490,12835,Karnataka,67562686
2313,57,1003,7/10/2020,33418,547,13838,Karnataka,67562686
2798,70,880,7/11/2020,36216,617,14718,Karnataka,67562686
2627,71,693,7/12/2020,38843,688,15411,Karnataka,67562686
2738,73,838,7/13/2020,41581,761,16249,Karnataka,67562686
2496,87,1142,7/14/2020,44077,848,17391,Karnataka,67562686
3176,87,1076,7/15/2020,47253,935,18467,Karnataka,67562686
4169,104,1263,7/16/2020,51422,1039,19730,Karnataka,67562686
3693,115,1028,7/17/2020,55115,1154,20758,Karnataka,67562686
4537,93,1018,7/18/2020,59652,1247,21776,Karnataka,67562686
4120,91,1290,7/19/2020,63772,1338,23066,Karnataka,67562686
3648,72,730,7/20/2020,67420,1410,23796,Karnataka,67562686
3649,61,1664,7/21/2020,71069,1471,25460,Karnataka,67562686
4764,55,1780,7/22/2020,75833,1526,27240,Karnataka,67562686
5030,97,2071,7/23/2020,80863,1623,29311,Karnataka,67562686
5007,110,2037,7/24/2020,85870,1733,31348,Karnataka,67562686
5072,72,2403,7/25/2020,90942,1805,33751,Karnataka,67562686
5199,82,2088,7/26/2020,96141,1887,35839,Karnataka,67562686
5324,75,1847,7/27/2020,101465,1962,37686,Karnataka,67562686
5536,102,2819,7/28/2020,107001,2064,40505,Karnataka,67562686
5503,90,2397,7/29/2020,112504,2154,42902,Karnataka,67562686
6128,83,3793,7/30/2020,118632,2237,46695,Karnataka,67562686
5483,84,3094,7/31/2020,124115,2321,49789,Karnataka,67562686
5172,98,3860,8/1/2020,129287,2419,53649,Karnataka,67562686
5532,84,4077,8/2/2020,134819,2503,57726,Karnataka,67562686
4752,98,4775,8/3/2020,139571,2601,62501,Karnataka,67562686
6259,110,6772,8/4/2020,145830,2711,69273,Karnataka,67562686
5619,100,5407,8/5/2020,151449,2811,74680,Karnataka,67562686
6805,93,5602,8/6/2020,158254,2904,80282,Karnataka,67562686
6670,100,3951,8/7/2020,164924,3004,84233,Karnataka,67562686
7178,93,5006,8/8/2020,172102,3097,89239,Karnataka,67562686
5985,107,4670,8/9/2020,178087,3204,93909,Karnataka,67562686
4267,114,5218,8/10/2020,182354,3318,99127,Karnataka,67562686
6257,86,6473,8/11/2020,188611,3404,105600,Karnataka,67562686
7883,113,7034,8/12/2020,196494,3517,112634,Karnataka,67562686
6706,103,8609,8/13/2020,203200,3620,121243,Karnataka,67562686
7908,104,6940,8/14/2020,211108,3724,128183,Karnataka,67562686
8818,114,6629,8/15/2020,219926,3838,134812,Karnataka,67562686
7040,116,6680,8/16/2020,226966,3954,141492,Karnataka,67562686
6317,115,7071,8/17/2020,233283,4069,148563,Karnataka,67562686
7665,139,8387,8/18/2020,240948,4208,156950,Karnataka,67562686
8642,126,7201,8/19/2020,249590,4334,164151,Karnataka,67562686
7385,102,6231,8/20/2020,256975,4436,170382,Karnataka,67562686
7571,93,6561,8/21/2020,264546,4529,176943,Karnataka,67562686
7330,93,7626,8/22/2020,271876,4622,184569,Karnataka,67562686
5938,68,4996,8/23/2020,277814,4690,189565,Karnataka,67562686
5851,127,8061,8/24/2020,283665,4817,197626,Karnataka,67562686
8161,148,6814,8/25/2020,291826,4965,204440,Karnataka,67562686
8580,133,7249,8/26/2020,300406,5098,211689,Karnataka,67562686
9386,141,7866,8/27/2020,309792,5239,219555,Karnataka,67562686
8960,136,7464,8/28/2020,318752,5375,227019,Karnataka,67562686
8324,115,8110,8/29/2020,327076,5490,235129,Karnataka,67562686
8852,106,7101,8/30/2020,335928,5596,242230,Karnataka,67562686
6495,113,7238,8/31/2020,342423,5709,249468,Karnataka,67562686
9058,0,5159,9/1/2020,351481,5709,254627,Karnataka,67562686
9860,0,6287,9/2/2020,361341,5709,260914,Karnataka,67562686
8865,0,7122,9/3/2020,370206,5709,268036,Karnataka,67562686
9280,0,6161,9/4/2020,379486,5709,274197,Karnataka,67562686
9746,0,9102,9/5/2020,389232,5709,283299,Karnataka,67562686
9319,95,9575,9/6/2020,398551,5804,292874,Karnataka,67562686
5773,141,7897,9/7/2020,404324,5945,300771,Karnataka,67562686
7866,146,7803,9/8/2020,412190,6091,308574,Karnataka,67562686
9540,128,6860,9/9/2020,421730,6219,315434,Karnataka,67562686
9217,129,7021,9/10/2020,430947,6348,322455,Karnataka,67562686
9464,130,12545,9/11/2020,440411,6478,335000,Karnataka,67562686
9140,94,9557,9/12/2020,449551,6572,344557,Karnataka,67562686
9894,104,8402,9/13/2020,459445,6676,352959,Karnataka,67562686
8244,119,8865,9/14/2020,467689,6795,361824,Karnataka,67562686
7576,97,7406,9/15/2020,475265,6892,369230,Karnataka,67562686
9725,55,6580,9/16/2020,484990,6947,375810,Karnataka,67562686
9366,93,7268,9/17/2020,494356,7040,383078,Karnataka,67562686
8626,179,10949,9/18/2020,502982,7219,394027,Karnataka,67562686
8364,114,10815,9/19/2020,511346,7333,404842,Karnataka,67562686
8191,101,8611,9/20/2020,519537,7434,413453,Karnataka,67562686
7339,122,9925,9/21/2020,526876,7556,423378,Karnataka,67562686
6974,83,9073,9/22/2020,533850,7639,432451,Karnataka,67562686
6997,38,5460,9/23/2020,540847,7677,437911,Karnataka,67562686
7710,65,6748,9/24/2020,548557,7742,444659,Karnataka,67562686
8655,86,5644,9/25/2020,557212,7828,450303,Karnataka,67562686
8811,86,5417,9/26/2020,566023,7914,455720,Karnataka,67562686
9543,79,6522,9/27/2020,575566,7993,462242,Karnataka,67562686
6892,59,7509,9/28/2020,582458,8052,469751,Karnataka,67562686
10453,136,6628,9/29/2020,592911,8188,476379,Karnataka,67562686
8856,87,8890,9/30/2020,601767,8275,485269,Karnataka,67562686
10070,130,7144,10/1/2020,611837,8405,492413,Karnataka,67562686
8793,125,7094,10/2/2020,620630,8530,499507,Karnataka,67562686
9886,100,8989,10/3/2020,630516,8630,508496,Karnataka,67562686
10145,67,7287,10/4/2020,640661,8697,515783,Karnataka,67562686
7051,84,7064,10/5/2020,647712,8781,522847,Karnataka,67562686
9993,91,10228,10/6/2020,657705,8872,533075,Karnataka,67562686
10947,113,9832,10/7/2020,668652,8985,542907,Karnataka,67562686
10704,101,9613,10/8/2020,679356,9086,552520,Karnataka,67562686
10913,114,9091,10/9/2020,690269,9200,561611,Karnataka,67562686
10517,102,8337,10/10/2020,700786,9302,569948,Karnataka,67562686
9523,75,10107,10/11/2020,710309,9377,580055,Karnataka,67562686
7606,70,12030,10/12/2020,717915,9447,592085,Karnataka,67562686
8191,87,10421,10/13/2020,726106,9534,602506,Karnataka,67562686
9265,75,8662,10/14/2020,735371,9609,611168,Karnataka,67562686
8477,85,8841,10/15/2020,743848,9694,620009,Karnataka,67562686
7542,73,8580,10/16/2020,751390,9767,628589,Karnataka,67562686
7184,71,8893,10/17/2020,758574,9838,637482,Karnataka,67562686
7012,51,8344,10/18/2020,765586,9889,645826,Karnataka,67562686
5018,64,8004,10/19/2020,770604,9953,653830,Karnataka,67562686
6297,66,8500,10/20/2020,776901,10019,662330,Karnataka,67562686
5872,88,9289,10/21/2020,782773,10107,671619,Karnataka,67562686
5778,74,13217,10/22/2020,788551,10181,684836,Karnataka,67562686
19,0,3,3/14/2020,19,0,3,Kerala,35699443
5,0,0,3/15/2020,24,0,3,Kerala,35699443
3,0,0,3/16/2020,27,0,3,Kerala,35699443
0,0,0,3/17/2020,27,0,3,Kerala,35699443
0,0,0,3/18/2020,27,0,3,Kerala,35699443
1,0,0,3/19/2020,28,0,3,Kerala,35699443
12,0,0,3/20/2020,40,0,3,Kerala,35699443
12,0,0,3/21/2020,52,0,3,Kerala,35699443
15,0,0,3/22/2020,67,0,3,Kerala,35699443
28,0,0,3/23/2020,95,0,3,Kerala,35699443
14,0,1,3/24/2020,109,0,4,Kerala,35699443
9,0,0,3/25/2020,118,0,4,Kerala,35699443
19,0,7,3/26/2020,137,0,11,Kerala,35699443
39,0,0,3/27/2020,176,0,11,Kerala,35699443
6,1,1,3/28/2020,182,1,12,Kerala,35699443
20,0,4,3/29/2020,202,1,16,Kerala,35699443
32,0,4,3/30/2020,234,1,20,Kerala,35699443
7,1,4,3/31/2020,241,2,24,Kerala,35699443
24,0,2,4/1/2020,265,2,26,Kerala,35699443
21,0,2,4/2/2020,286,2,28,Kerala,35699443
9,0,14,4/3/2020,295,2,42,Kerala,35699443
11,0,8,4/4/2020,306,2,50,Kerala,35699443
8,0,6,4/5/2020,314,2,56,Kerala,35699443
13,0,3,4/6/2020,327,2,59,Kerala,35699443
9,0,12,4/7/2020,336,2,71,Kerala,35699443
9,0,13,4/8/2020,345,2,84,Kerala,35699443
12,0,13,4/9/2020,357,2,97,Kerala,35699443
7,0,27,4/10/2020,364,2,124,Kerala,35699443
10,1,19,4/11/2020,374,3,143,Kerala,35699443
2,0,36,4/12/2020,376,3,179,Kerala,35699443
3,0,19,4/13/2020,379,3,198,Kerala,35699443
8,0,13,4/14/2020,387,3,211,Kerala,35699443
1,0,7,4/15/2020,388,3,218,Kerala,35699443
7,0,27,4/16/2020,395,3,245,Kerala,35699443
1,0,10,4/17/2020,396,3,255,Kerala,35699443
4,0,2,4/18/2020,400,3,257,Kerala,35699443
2,0,13,4/19/2020,402,3,270,Kerala,35699443
6,0,21,4/20/2020,408,3,291,Kerala,35699443
19,0,16,4/21/2020,427,3,307,Kerala,35699443
11,0,1,4/22/2020,438,3,308,Kerala,35699443
10,0,8,4/23/2020,448,3,316,Kerala,35699443
3,1,15,4/24/2020,451,4,331,Kerala,35699443
7,0,7,4/25/2020,458,4,338,Kerala,35699443
11,0,4,4/26/2020,469,4,342,Kerala,35699443
13,0,13,4/27/2020,482,4,355,Kerala,35699443
4,0,4,4/28/2020,486,4,359,Kerala,35699443
10,0,10,4/29/2020,496,4,369,Kerala,35699443
2,0,14,4/30/2020,498,4,383,Kerala,35699443
0,0,9,5/1/2020,498,4,392,Kerala,35699443
2,0,8,5/2/2020,500,4,400,Kerala,35699443
0,0,1,5/3/2020,500,4,401,Kerala,35699443
0,0,61,5/4/2020,500,4,462,Kerala,35699443
3,0,0,5/5/2020,503,4,462,Kerala,35699443
0,0,7,5/6/2020,503,4,469,Kerala,35699443
0,0,5,5/7/2020,503,4,474,Kerala,35699443
1,0,10,5/8/2020,504,4,484,Kerala,35699443
2,0,1,5/9/2020,506,4,485,Kerala,35699443
7,0,4,5/10/2020,513,4,489,Kerala,35699443
7,0,0,5/11/2020,520,4,489,Kerala,35699443
5,0,0,5/12/2020,525,4,489,Kerala,35699443
10,0,1,5/13/2020,535,4,490,Kerala,35699443
26,0,3,5/14/2020,561,4,493,Kerala,35699443
16,0,0,5/15/2020,577,4,493,Kerala,35699443
11,0,4,5/16/2020,588,4,497,Kerala,35699443
14,0,0,5/17/2020,602,4,497,Kerala,35699443
29,0,0,5/18/2020,631,4,497,Kerala,35699443
12,0,0,5/19/2020,643,4,497,Kerala,35699443
24,0,5,5/20/2020,667,4,502,Kerala,35699443
24,0,8,5/21/2020,691,4,510,Kerala,35699443
42,1,2,5/22/2020,733,5,512,Kerala,35699443
62,0,3,5/23/2020,795,5,515,Kerala,35699443
53,1,5,5/24/2020,848,6,520,Kerala,35699443
49,0,12,5/25/2020,897,6,532,Kerala,35699443
67,1,10,5/26/2020,964,7,542,Kerala,35699443
40,0,10,5/27/2020,1004,7,552,Kerala,35699443
85,1,3,5/28/2020,1089,8,555,Kerala,35699443
62,1,10,5/29/2020,1151,9,565,Kerala,35699443
58,1,10,5/30/2020,1209,10,575,Kerala,35699443
61,0,15,5/31/2020,1270,10,590,Kerala,35699443
57,1,18,6/1/2020,1327,11,608,Kerala,35699443
86,1,19,6/2/2020,1413,12,627,Kerala,35699443
82,0,24,6/3/2020,1495,12,651,Kerala,35699443
94,3,39,6/4/2020,1589,15,690,Kerala,35699443
111,0,22,6/5/2020,1700,15,712,Kerala,35699443
108,1,50,6/6/2020,1808,16,762,Kerala,35699443
107,0,41,6/7/2020,1915,16,803,Kerala,35699443
91,1,11,6/8/2020,2006,17,814,Kerala,35699443
91,0,34,6/9/2020,2097,17,848,Kerala,35699443
65,1,57,6/10/2020,2162,18,905,Kerala,35699443
83,1,62,6/11/2020,2245,19,967,Kerala,35699443
78,1,32,6/12/2020,2323,20,999,Kerala,35699443
85,0,46,6/13/2020,2408,20,1045,Kerala,35699443
54,0,56,6/14/2020,2462,20,1101,Kerala,35699443
82,1,73,6/15/2020,2544,21,1174,Kerala,35699443
79,0,60,6/16/2020,2623,21,1234,Kerala,35699443
75,0,90,6/17/2020,2698,21,1324,Kerala,35699443
97,1,89,6/18/2020,2795,22,1413,Kerala,35699443
118,0,96,6/19/2020,2913,22,1509,Kerala,35699443
127,0,57,6/20/2020,3040,22,1566,Kerala,35699443
133,0,93,6/21/2020,3173,22,1659,Kerala,35699443
138,0,88,6/22/2020,3311,22,1747,Kerala,35699443
141,1,60,6/23/2020,3452,23,1807,Kerala,35699443
152,0,81,6/24/2020,3604,23,1888,Kerala,35699443
123,0,53,6/25/2020,3727,23,1941,Kerala,35699443
150,0,65,6/26/2020,3877,23,2006,Kerala,35699443
195,0,102,6/27/2020,4072,23,2108,Kerala,35699443
118,0,42,6/28/2020,4190,23,2150,Kerala,35699443
122,1,79,6/29/2020,4312,24,2229,Kerala,35699443
131,1,75,6/30/2020,4443,25,2304,Kerala,35699443
151,1,132,7/1/2020,4594,26,2436,Kerala,35699443
160,0,202,7/2/2020,4754,26,2638,Kerala,35699443
211,0,201,7/3/2020,4965,26,2839,Kerala,35699443
240,0,209,7/4/2020,5205,26,3048,Kerala,35699443
225,0,126,7/5/2020,5430,26,3174,Kerala,35699443
193,2,167,7/6/2020,5623,28,3341,Kerala,35699443
272,0,111,7/7/2020,5895,28,3452,Kerala,35699443
301,0,107,7/8/2020,6196,28,3559,Kerala,35699443
339,0,149,7/9/2020,6535,28,3708,Kerala,35699443
416,0,112,7/10/2020,6951,28,3820,Kerala,35699443
488,2,143,7/11/2020,7439,30,3963,Kerala,35699443
435,2,132,7/12/2020,7874,32,4095,Kerala,35699443
449,2,162,7/13/2020,8323,34,4257,Kerala,35699443
608,1,181,7/14/2020,8931,35,4438,Kerala,35699443
623,1,196,7/15/2020,9554,36,4634,Kerala,35699443
722,2,228,7/16/2020,10276,38,4862,Kerala,35699443
791,1,132,7/17/2020,11067,39,4994,Kerala,35699443
593,2,204,7/18/2020,11660,41,5198,Kerala,35699443
821,2,172,7/19/2020,12481,43,5370,Kerala,35699443
794,1,245,7/20/2020,13275,44,5615,Kerala,35699443
720,1,274,7/21/2020,13995,45,5889,Kerala,35699443
1038,1,272,7/22/2020,15033,46,6161,Kerala,35699443
1078,5,432,7/23/2020,16111,51,6593,Kerala,35699443
885,4,968,7/24/2020,16996,55,7561,Kerala,35699443
1103,5,1049,7/25/2020,18099,60,8610,Kerala,35699443
927,2,689,7/26/2020,19026,62,9299,Kerala,35699443
702,2,745,7/27/2020,19728,64,10044,Kerala,35699443
1167,4,679,7/28/2020,20895,68,10723,Kerala,35699443
903,1,641,7/29/2020,21798,69,11364,Kerala,35699443
506,2,794,7/30/2020,22304,71,12158,Kerala,35699443
1310,3,864,7/31/2020,23614,74,13022,Kerala,35699443
1129,8,752,8/1/2020,24743,82,13774,Kerala,35699443
1169,1,688,8/2/2020,25912,83,14462,Kerala,35699443
961,2,815,8/3/2020,26873,85,15277,Kerala,35699443
1083,3,1021,8/4/2020,27956,88,16298,Kerala,35699443
1195,7,1234,8/5/2020,29151,95,17532,Kerala,35699443
1298,3,800,8/6/2020,30449,98,18332,Kerala,35699443
1251,5,814,8/7/2020,31700,103,19146,Kerala,35699443
1420,4,1715,8/8/2020,33120,107,20861,Kerala,35699443
1211,2,970,8/9/2020,34331,109,21831,Kerala,35699443
1184,7,784,8/10/2020,35515,116,22615,Kerala,35699443
1417,5,1426,8/11/2020,36932,121,24041,Kerala,35699443
1212,6,880,8/12/2020,38144,127,24921,Kerala,35699443
1564,3,766,8/13/2020,39708,130,25687,Kerala,35699443
1569,10,1304,8/14/2020,41277,140,26991,Kerala,35699443
1608,7,803,8/15/2020,42885,147,27794,Kerala,35699443
1530,10,1099,8/16/2020,44415,157,28893,Kerala,35699443
1725,13,1131,8/17/2020,46140,170,30024,Kerala,35699443
1758,6,1365,8/18/2020,47898,176,31389,Kerala,35699443
2333,7,1217,8/19/2020,50231,183,32606,Kerala,35699443
1968,9,1217,8/20/2020,52199,192,33823,Kerala,35699443
1983,12,1419,8/21/2020,54182,204,35242,Kerala,35699443
2172,15,1292,8/22/2020,56354,219,36534,Kerala,35699443
1908,5,1110,8/23/2020,58262,224,37644,Kerala,35699443
1242,11,1238,8/24/2020,59504,235,38882,Kerala,35699443
2375,10,1456,8/25/2020,61879,245,40338,Kerala,35699443
2476,13,1351,8/26/2020,64355,258,41689,Kerala,35699443
2406,10,2067,8/27/2020,66761,268,43756,Kerala,35699443
2543,7,2097,8/28/2020,69304,275,45853,Kerala,35699443
2397,6,2225,8/29/2020,71701,281,48078,Kerala,35699443
2154,7,1766,8/30/2020,73855,288,49844,Kerala,35699443
1530,7,1693,8/31/2020,75385,295,51537,Kerala,35699443
1140,4,2111,9/1/2020,76525,299,53648,Kerala,35699443
1547,7,2129,9/2/2020,78072,306,55777,Kerala,35699443
1553,10,1950,9/3/2020,79625,316,57727,Kerala,35699443
2479,11,2716,9/4/2020,82104,327,60443,Kerala,35699443
2655,11,2111,9/5/2020,84759,338,62554,Kerala,35699443
3082,10,2196,9/6/2020,87841,348,64750,Kerala,35699443
1648,12,2246,9/7/2020,89489,360,66996,Kerala,35699443
3026,13,1862,9/8/2020,92515,373,68858,Kerala,35699443
3402,12,2058,9/9/2020,95917,385,70916,Kerala,35699443
3349,12,1657,9/10/2020,99266,397,72573,Kerala,35699443
2988,14,1326,9/11/2020,102254,411,73899,Kerala,35699443
2885,15,1944,9/12/2020,105139,426,75843,Kerala,35699443
3139,14,1855,9/13/2020,108278,440,77698,Kerala,35699443
2540,15,2110,9/14/2020,110818,455,79808,Kerala,35699443
3216,11,2532,9/15/2020,114034,466,82340,Kerala,35699443
3830,14,2263,9/16/2020,117864,480,84603,Kerala,35699443
4351,10,2737,9/17/2020,122215,490,87340,Kerala,35699443
4167,12,2744,9/18/2020,126382,502,90084,Kerala,35699443
4644,18,2862,9/19/2020,131026,520,92946,Kerala,35699443
4696,16,2751,9/20/2020,135722,536,95697,Kerala,35699443
2910,18,3022,9/21/2020,138632,554,98719,Kerala,35699443
4125,19,3007,9/22/2020,142757,573,101726,Kerala,35699443
5376,20,2951,9/23/2020,148133,593,104677,Kerala,35699443
6324,21,3168,9/24/2020,154457,614,107845,Kerala,35699443
6477,22,3481,9/25/2020,160934,636,111326,Kerala,35699443
7006,21,3199,9/26/2020,167940,657,114525,Kerala,35699443
7445,21,3391,9/27/2020,175385,678,117916,Kerala,35699443
4538,20,3347,9/28/2020,179923,698,121263,Kerala,35699443
7354,22,3420,9/29/2020,187277,720,124683,Kerala,35699443
8830,23,3536,9/30/2020,196107,743,128219,Kerala,35699443
8135,29,2828,10/1/2020,204242,772,131047,Kerala,35699443
9258,20,4092,10/2/2020,213500,792,135139,Kerala,35699443
7834,22,4476,10/3/2020,221334,814,139615,Kerala,35699443
8553,23,4851,10/4/2020,229887,837,144466,Kerala,35699443
5042,23,4640,10/5/2020,234929,860,149106,Kerala,35699443
7871,25,4981,10/6/2020,242800,885,154087,Kerala,35699443
10606,22,6161,10/7/2020,253406,907,160248,Kerala,35699443
5445,24,7003,10/8/2020,258851,931,167251,Kerala,35699443
9250,25,8048,10/9/2020,268101,956,175299,Kerala,35699443
11755,23,7570,10/10/2020,279856,979,182869,Kerala,35699443
9347,25,8924,10/11/2020,289203,1004,191793,Kerala,35699443
5930,22,7836,10/12/2020,295133,1026,199629,Kerala,35699443
8764,21,7723,10/13/2020,303897,1047,207352,Kerala,35699443
6244,20,7792,10/14/2020,310141,1067,215144,Kerala,35699443
7789,23,7082,10/15/2020,317930,1090,222226,Kerala,35699443
7283,24,6767,10/16/2020,325213,1114,228993,Kerala,35699443
9016,26,7991,10/17/2020,334229,1140,236984,Kerala,35699443
7631,22,8410,10/18/2020,341860,1162,245394,Kerala,35699443
5022,21,7469,10/19/2020,346882,1183,252863,Kerala,35699443
6591,24,7375,10/20/2020,353473,1207,260238,Kerala,35699443
8369,26,6839,10/21/2020,361842,1233,267077,Kerala,35699443
7482,23,7593,10/22/2020,369324,1256,274670,Kerala,35699443
0,0,0,3/14/2020,0,0,0,Ladakh,289023
0,0,0,3/15/2020,0,0,0,Ladakh,289023
0,0,0,3/16/2020,0,0,0,Ladakh,289023
0,0,0,3/17/2020,0,0,0,Ladakh,289023
8,0,0,3/18/2020,8,0,0,Ladakh,289023
0,0,0,3/19/2020,8,0,0,Ladakh,289023
2,0,0,3/20/2020,10,0,0,Ladakh,289023
3,0,0,3/21/2020,13,0,0,Ladakh,289023
0,0,0,3/22/2020,13,0,0,Ladakh,289023
0,0,0,3/23/2020,13,0,0,Ladakh,289023
0,0,0,3/24/2020,13,0,0,Ladakh,289023
0,0,0,3/25/2020,13,0,0,Ladakh,289023
0,0,0,3/26/2020,13,0,0,Ladakh,289023
0,0,3,3/27/2020,13,0,3,Ladakh,289023
0,0,0,3/28/2020,13,0,3,Ladakh,289023
0,0,0,3/29/2020,13,0,3,Ladakh,289023
0,0,0,3/30/2020,13,0,3,Ladakh,289023
0,0,0,3/31/2020,13,0,3,Ladakh,289023
0,0,0,4/1/2020,13,0,3,Ladakh,289023
0,0,0,4/2/2020,13,0,3,Ladakh,289023
1,0,0,4/3/2020,14,0,3,Ladakh,289023
0,0,0,4/4/2020,14,0,3,Ladakh,289023
0,0,0,4/5/2020,14,0,3,Ladakh,289023
0,0,7,4/6/2020,14,0,10,Ladakh,289023
0,0,0,4/7/2020,14,0,10,Ladakh,289023
0,0,0,4/8/2020,14,0,10,Ladakh,289023
0,0,0,4/9/2020,14,0,10,Ladakh,289023
1,0,1,4/10/2020,15,0,11,Ladakh,289023
0,0,0,4/11/2020,15,0,11,Ladakh,289023
0,0,0,4/12/2020,15,0,11,Ladakh,289023
2,0,1,4/13/2020,17,0,12,Ladakh,289023
0,0,0,4/14/2020,17,0,12,Ladakh,289023
1,0,0,4/15/2020,18,0,12,Ladakh,289023
0,0,2,4/16/2020,18,0,14,Ladakh,289023
0,0,0,4/17/2020,18,0,14,Ladakh,289023
0,0,0,4/18/2020,18,0,14,Ladakh,289023
0,0,0,4/19/2020,18,0,14,Ladakh,289023
0,0,0,4/20/2020,18,0,14,Ladakh,289023
0,0,0,4/21/2020,18,0,14,Ladakh,289023
0,0,0,4/22/2020,18,0,14,Ladakh,289023
0,0,2,4/23/2020,18,0,16,Ladakh,289023
0,0,0,4/24/2020,18,0,16,Ladakh,289023
2,0,0,4/25/2020,20,0,16,Ladakh,289023
0,0,0,4/26/2020,20,0,16,Ladakh,289023
0,0,0,4/27/2020,20,0,16,Ladakh,289023
2,0,0,4/28/2020,22,0,16,Ladakh,289023
0,0,1,4/29/2020,22,0,17,Ladakh,289023
0,0,0,4/30/2020,22,0,17,Ladakh,289023
0,0,0,5/1/2020,22,0,17,Ladakh,289023
1,0,0,5/2/2020,23,0,17,Ladakh,289023
19,0,0,5/3/2020,42,0,17,Ladakh,289023
0,0,0,5/4/2020,42,0,17,Ladakh,289023
0,0,0,5/5/2020,42,0,17,Ladakh,289023
0,0,0,5/6/2020,42,0,17,Ladakh,289023
0,0,0,5/7/2020,42,0,17,Ladakh,289023
0,0,1,5/8/2020,42,0,18,Ladakh,289023
0,0,0,5/9/2020,42,0,18,Ladakh,289023
0,0,3,5/10/2020,42,0,21,Ladakh,289023
0,0,1,5/11/2020,42,0,22,Ladakh,289023
0,0,0,5/12/2020,42,0,22,Ladakh,289023
1,0,0,5/13/2020,43,0,22,Ladakh,289023
0,0,0,5/14/2020,43,0,22,Ladakh,289023
0,0,2,5/15/2020,43,0,24,Ladakh,289023
0,0,0,5/16/2020,43,0,24,Ladakh,289023
0,0,0,5/17/2020,43,0,24,Ladakh,289023
0,0,19,5/18/2020,43,0,43,Ladakh,289023
0,0,0,5/19/2020,43,0,43,Ladakh,289023
1,0,0,5/20/2020,44,0,43,Ladakh,289023
0,0,0,5/21/2020,44,0,43,Ladakh,289023
2,0,0,5/22/2020,46,0,43,Ladakh,289023
3,0,0,5/23/2020,49,0,43,Ladakh,289023
3,0,0,5/24/2020,52,0,43,Ladakh,289023
1,0,0,5/25/2020,53,0,43,Ladakh,289023
0,0,0,5/26/2020,53,0,43,Ladakh,289023
1,0,0,5/27/2020,54,0,43,Ladakh,289023
20,0,0,5/28/2020,74,0,43,Ladakh,289023
0,0,0,5/29/2020,74,0,43,Ladakh,289023
3,0,0,5/30/2020,77,0,43,Ladakh,289023
0,0,4,5/31/2020,77,0,47,Ladakh,289023
0,0,0,6/1/2020,77,0,47,Ladakh,289023
4,1,0,6/2/2020,81,1,47,Ladakh,289023
9,0,1,6/3/2020,90,1,48,Ladakh,289023
4,0,0,6/4/2020,94,1,48,Ladakh,289023
3,0,0,6/5/2020,97,1,48,Ladakh,289023
2,0,2,6/6/2020,99,1,50,Ladakh,289023
4,0,0,6/7/2020,103,1,50,Ladakh,289023
0,0,0,6/8/2020,103,1,50,Ladakh,289023
5,0,0,6/9/2020,108,1,50,Ladakh,289023
7,0,0,6/10/2020,115,1,50,Ladakh,289023
20,0,4,6/11/2020,135,1,54,Ladakh,289023
104,0,4,6/12/2020,239,1,58,Ladakh,289023
198,0,10,6/13/2020,437,1,68,Ladakh,289023
112,0,12,6/14/2020,549,1,80,Ladakh,289023
6,0,2,6/15/2020,555,1,82,Ladakh,289023
94,0,3,6/16/2020,649,1,85,Ladakh,289023
38,0,7,6/17/2020,687,1,92,Ladakh,289023
0,0,3,6/18/2020,687,1,95,Ladakh,289023
57,0,0,6/19/2020,744,1,95,Ladakh,289023
92,0,22,6/20/2020,836,1,117,Ladakh,289023
1,0,17,6/21/2020,837,1,134,Ladakh,289023
10,0,2,6/22/2020,847,1,136,Ladakh,289023
85,0,12,6/23/2020,932,1,148,Ladakh,289023
0,0,126,6/24/2020,932,1,274,Ladakh,289023
9,0,84,6/25/2020,941,1,358,Ladakh,289023
5,0,109,6/26/2020,946,1,467,Ladakh,289023
14,0,87,6/27/2020,960,1,554,Ladakh,289023
3,0,32,6/28/2020,963,1,586,Ladakh,289023
1,0,30,6/29/2020,964,1,616,Ladakh,289023
9,0,32,6/30/2020,973,1,648,Ladakh,289023
17,0,46,7/1/2020,990,1,694,Ladakh,289023
1,0,35,7/2/2020,991,1,729,Ladakh,289023
11,0,47,7/3/2020,1002,1,776,Ladakh,289023
3,0,50,7/4/2020,1005,1,826,Ladakh,289023
0,0,0,7/5/2020,1005,1,826,Ladakh,289023
0,0,10,7/6/2020,1005,1,836,Ladakh,289023
36,0,24,7/7/2020,1041,1,860,Ladakh,289023
6,0,28,7/8/2020,1047,1,888,Ladakh,289023
8,0,27,7/9/2020,1055,1,915,Ladakh,289023
9,0,2,7/10/2020,1064,1,917,Ladakh,289023
13,0,11,7/11/2020,1077,1,928,Ladakh,289023
9,0,0,7/12/2020,1086,1,928,Ladakh,289023
7,0,18,7/13/2020,1093,1,946,Ladakh,289023
35,0,0,7/14/2020,1128,1,946,Ladakh,289023
14,0,18,7/15/2020,1142,1,964,Ladakh,289023
5,0,6,7/16/2020,1147,1,970,Ladakh,289023
4,1,3,7/17/2020,1151,2,973,Ladakh,289023
8,0,12,7/18/2020,1159,2,985,Ladakh,289023
19,0,18,7/19/2020,1178,2,1003,Ladakh,289023
17,0,4,7/20/2020,1195,2,1007,Ladakh,289023
3,0,3,7/21/2020,1198,2,1010,Ladakh,289023
8,0,8,7/22/2020,1206,2,1018,Ladakh,289023
4,0,7,7/23/2020,1210,2,1025,Ladakh,289023
36,0,10,7/24/2020,1246,2,1035,Ladakh,289023
30,1,22,7/25/2020,1276,3,1057,Ladakh,289023
9,1,6,7/26/2020,1285,4,1063,Ladakh,289023
21,0,3,7/27/2020,1306,4,1066,Ladakh,289023
21,0,1,7/28/2020,1327,4,1067,Ladakh,289023
20,2,13,7/29/2020,1347,6,1080,Ladakh,289023
31,1,14,7/30/2020,1378,7,1094,Ladakh,289023
26,0,1,7/31/2020,1404,7,1095,Ladakh,289023
58,0,13,8/1/2020,1462,7,1108,Ladakh,289023
4,0,0,8/2/2020,1466,7,1108,Ladakh,289023
19,0,1,8/3/2020,1485,7,1109,Ladakh,289023
49,0,18,8/4/2020,1534,7,1127,Ladakh,289023
58,0,37,8/5/2020,1592,7,1164,Ladakh,289023
3,0,13,8/6/2020,1595,7,1177,Ladakh,289023
19,2,17,8/7/2020,1614,9,1194,Ladakh,289023
25,0,20,8/8/2020,1639,9,1214,Ladakh,289023
49,0,8,8/9/2020,1688,9,1222,Ladakh,289023
29,0,15,8/10/2020,1717,9,1237,Ladakh,289023
53,0,18,8/11/2020,1770,9,1255,Ladakh,289023
41,0,19,8/12/2020,1811,9,1274,Ladakh,289023
38,0,8,8/13/2020,1849,9,1282,Ladakh,289023
30,0,21,8/14/2020,1879,9,1303,Ladakh,289023
30,1,4,8/15/2020,1909,10,1307,Ladakh,289023
39,4,49,8/16/2020,1948,14,1356,Ladakh,289023
18,0,12,8/17/2020,1966,14,1368,Ladakh,289023
44,3,27,8/18/2020,2010,17,1395,Ladakh,289023
38,1,2,8/19/2020,2048,18,1397,Ladakh,289023
29,0,39,8/20/2020,2077,18,1436,Ladakh,289023
56,1,13,8/21/2020,2133,19,1449,Ladakh,289023
77,2,20,8/22/2020,2210,21,1469,Ladakh,289023
69,2,22,8/23/2020,2279,23,1491,Ladakh,289023
51,0,26,8/24/2020,2330,23,1517,Ladakh,289023
90,1,32,8/25/2020,2420,24,1549,Ladakh,289023
31,1,31,8/26/2020,2451,25,1580,Ladakh,289023
41,2,60,8/27/2020,2492,27,1640,Ladakh,289023
48,1,74,8/28/2020,2540,28,1714,Ladakh,289023
63,4,31,8/29/2020,2603,32,1745,Ladakh,289023
35,2,12,8/30/2020,2638,34,1757,Ladakh,289023
43,0,117,8/31/2020,2681,34,1874,Ladakh,289023
52,1,104,9/1/2020,2733,35,1978,Ladakh,289023
52,0,29,9/2/2020,2785,35,2007,Ladakh,289023
55,0,32,9/3/2020,2840,35,2039,Ladakh,289023
95,0,46,9/4/2020,2935,35,2085,Ladakh,289023
61,0,42,9/5/2020,2996,35,2127,Ladakh,289023
40,0,24,9/6/2020,3036,35,2151,Ladakh,289023
28,0,60,9/7/2020,3064,35,2211,Ladakh,289023
38,0,77,9/8/2020,3102,35,2288,Ladakh,289023
40,0,41,9/9/2020,3142,35,2329,Ladakh,289023
35,1,37,9/10/2020,3177,36,2366,Ladakh,289023
51,2,21,9/11/2020,3228,38,2387,Ladakh,289023
66,1,27,9/12/2020,3294,39,2414,Ladakh,289023
51,1,22,9/13/2020,3345,40,2436,Ladakh,289023
74,1,39,9/14/2020,3419,41,2475,Ladakh,289023
80,3,42,9/15/2020,3499,44,2517,Ladakh,289023
36,2,19,9/16/2020,3535,46,2536,Ladakh,289023
41,1,22,9/17/2020,3576,47,2558,Ladakh,289023
59,1,42,9/18/2020,3635,48,2600,Ladakh,289023
73,1,66,9/19/2020,3708,49,2666,Ladakh,289023
45,0,25,9/20/2020,3753,49,2691,Ladakh,289023
79,1,44,9/21/2020,3832,50,2735,Ladakh,289023
55,0,74,9/22/2020,3887,50,2809,Ladakh,289023
46,1,35,9/23/2020,3933,51,2844,Ladakh,289023
36,3,49,9/24/2020,3969,54,2893,Ladakh,289023
56,2,78,9/25/2020,4025,56,2971,Ladakh,289023
68,1,47,9/26/2020,4093,57,3018,Ladakh,289023
10,1,14,9/27/2020,4103,58,3032,Ladakh,289023
49,0,32,9/28/2020,4152,58,3064,Ladakh,289023
43,0,43,9/29/2020,4195,58,3107,Ladakh,289023
74,0,40,9/30/2020,4269,58,3147,Ladakh,289023
91,3,85,10/1/2020,4360,61,3232,Ladakh,289023
69,0,42,10/2/2020,4429,61,3274,Ladakh,289023
48,0,41,10/3/2020,4477,61,3315,Ladakh,289023
44,0,39,10/4/2020,4521,61,3354,Ladakh,289023
120,0,60,10/5/2020,4641,61,3414,Ladakh,289023
79,0,50,10/6/2020,4720,61,3464,Ladakh,289023
82,2,47,10/7/2020,4802,63,3511,Ladakh,289023
100,0,39,10/8/2020,4902,63,3550,Ladakh,289023
85,0,336,10/9/2020,4987,63,3886,Ladakh,289023
72,1,87,10/10/2020,5059,64,3973,Ladakh,289023
22,0,64,10/11/2020,5081,64,4037,Ladakh,289023
70,0,89,10/12/2020,5151,64,4126,Ladakh,289023
87,0,79,10/13/2020,5238,64,4205,Ladakh,289023
66,0,56,10/14/2020,5304,64,4261,Ladakh,289023
89,1,49,10/15/2020,5393,65,4310,Ladakh,289023
48,0,151,10/16/2020,5441,65,4461,Ladakh,289023
93,1,74,10/17/2020,5534,66,4535,Ladakh,289023
64,0,80,10/18/2020,5598,66,4615,Ladakh,289023
49,0,86,10/19/2020,5647,66,4701,Ladakh,289023
48,1,86,10/20/2020,5695,67,4787,Ladakh,289023
86,1,78,10/21/2020,5781,68,4865,Ladakh,289023
31,0,37,10/22/2020,5812,68,4902,Ladakh,289023
0,0,0,3/14/2020,0,0,0,Lakshadweep,73183
0,0,0,3/15/2020,0,0,0,Lakshadweep,73183
0,0,0,3/16/2020,0,0,0,Lakshadweep,73183
0,0,0,3/17/2020,0,0,0,Lakshadweep,73183
0,0,0,3/18/2020,0,0,0,Lakshadweep,73183
0,0,0,3/19/2020,0,0,0,Lakshadweep,73183
0,0,0,3/20/2020,0,0,0,Lakshadweep,73183
0,0,0,3/21/2020,0,0,0,Lakshadweep,73183
0,0,0,3/22/2020,0,0,0,Lakshadweep,73183
0,0,0,3/23/2020,0,0,0,Lakshadweep,73183
0,0,0,3/24/2020,0,0,0,Lakshadweep,73183
0,0,0,3/25/2020,0,0,0,Lakshadweep,73183
0,0,0,3/26/2020,0,0,0,Lakshadweep,73183
0,0,0,3/27/2020,0,0,0,Lakshadweep,73183
0,0,0,3/28/2020,0,0,0,Lakshadweep,73183
0,0,0,3/29/2020,0,0,0,Lakshadweep,73183
0,0,0,3/30/2020,0,0,0,Lakshadweep,73183
0,0,0,3/31/2020,0,0,0,Lakshadweep,73183
0,0,0,4/1/2020,0,0,0,Lakshadweep,73183
0,0,0,4/2/2020,0,0,0,Lakshadweep,73183
0,0,0,4/3/2020,0,0,0,Lakshadweep,73183
0,0,0,4/4/2020,0,0,0,Lakshadweep,73183
0,0,0,4/5/2020,0,0,0,Lakshadweep,73183
0,0,0,4/6/2020,0,0,0,Lakshadweep,73183
0,0,0,4/7/2020,0,0,0,Lakshadweep,73183
0,0,0,4/8/2020,0,0,0,Lakshadweep,73183
0,0,0,4/9/2020,0,0,0,Lakshadweep,73183
0,0,0,4/10/2020,0,0,0,Lakshadweep,73183
0,0,0,4/11/2020,0,0,0,Lakshadweep,73183
0,0,0,4/12/2020,0,0,0,Lakshadweep,73183
0,0,0,4/13/2020,0,0,0,Lakshadweep,73183
0,0,0,4/14/2020,0,0,0,Lakshadweep,73183
0,0,0,4/15/2020,0,0,0,Lakshadweep,73183
0,0,0,4/16/2020,0,0,0,Lakshadweep,73183
0,0,0,4/17/2020,0,0,0,Lakshadweep,73183
0,0,0,4/18/2020,0,0,0,Lakshadweep,73183
0,0,0,4/19/2020,0,0,0,Lakshadweep,73183
0,0,0,4/20/2020,0,0,0,Lakshadweep,73183
0,0,0,4/21/2020,0,0,0,Lakshadweep,73183
0,0,0,4/22/2020,0,0,0,Lakshadweep,73183
0,0,0,4/23/2020,0,0,0,Lakshadweep,73183
0,0,0,4/24/2020,0,0,0,Lakshadweep,73183
0,0,0,4/25/2020,0,0,0,Lakshadweep,73183
0,0,0,4/26/2020,0,0,0,Lakshadweep,73183
0,0,0,4/27/2020,0,0,0,Lakshadweep,73183
0,0,0,4/28/2020,0,0,0,Lakshadweep,73183
0,0,0,4/29/2020,0,0,0,Lakshadweep,73183
0,0,0,4/30/2020,0,0,0,Lakshadweep,73183
0,0,0,5/1/2020,0,0,0,Lakshadweep,73183
0,0,0,5/2/2020,0,0,0,Lakshadweep,73183
0,0,0,5/3/2020,0,0,0,Lakshadweep,73183
0,0,0,5/4/2020,0,0,0,Lakshadweep,73183
0,0,0,5/5/2020,0,0,0,Lakshadweep,73183
0,0,0,5/6/2020,0,0,0,Lakshadweep,73183
0,0,0,5/7/2020,0,0,0,Lakshadweep,73183
0,0,0,5/8/2020,0,0,0,Lakshadweep,73183
0,0,0,5/9/2020,0,0,0,Lakshadweep,73183
0,0,0,5/10/2020,0,0,0,Lakshadweep,73183
0,0,0,5/11/2020,0,0,0,Lakshadweep,73183
0,0,0,5/12/2020,0,0,0,Lakshadweep,73183
0,0,0,5/13/2020,0,0,0,Lakshadweep,73183
0,0,0,5/14/2020,0,0,0,Lakshadweep,73183
0,0,0,5/15/2020,0,0,0,Lakshadweep,73183
0,0,0,5/16/2020,0,0,0,Lakshadweep,73183
0,0,0,5/17/2020,0,0,0,Lakshadweep,73183
0,0,0,5/18/2020,0,0,0,Lakshadweep,73183
0,0,0,5/19/2020,0,0,0,Lakshadweep,73183
0,0,0,5/20/2020,0,0,0,Lakshadweep,73183
0,0,0,5/21/2020,0,0,0,Lakshadweep,73183
0,0,0,5/22/2020,0,0,0,Lakshadweep,73183
0,0,0,5/23/2020,0,0,0,Lakshadweep,73183
0,0,0,5/24/2020,0,0,0,Lakshadweep,73183
0,0,0,5/25/2020,0,0,0,Lakshadweep,73183
0,0,0,5/26/2020,0,0,0,Lakshadweep,73183
0,0,0,5/27/2020,0,0,0,Lakshadweep,73183
0,0,0,5/28/2020,0,0,0,Lakshadweep,73183
0,0,0,5/29/2020,0,0,0,Lakshadweep,73183
0,0,0,5/30/2020,0,0,0,Lakshadweep,73183
0,0,0,5/31/2020,0,0,0,Lakshadweep,73183
0,0,0,6/1/2020,0,0,0,Lakshadweep,73183
0,0,0,6/2/2020,0,0,0,Lakshadweep,73183
0,0,0,6/3/2020,0,0,0,Lakshadweep,73183
0,0,0,6/4/2020,0,0,0,Lakshadweep,73183
0,0,0,6/5/2020,0,0,0,Lakshadweep,73183
0,0,0,6/6/2020,0,0,0,Lakshadweep,73183
0,0,0,6/7/2020,0,0,0,Lakshadweep,73183
0,0,0,6/8/2020,0,0,0,Lakshadweep,73183
0,0,0,6/9/2020,0,0,0,Lakshadweep,73183
0,0,0,6/10/2020,0,0,0,Lakshadweep,73183
0,0,0,6/11/2020,0,0,0,Lakshadweep,73183
0,0,0,6/12/2020,0,0,0,Lakshadweep,73183
0,0,0,6/13/2020,0,0,0,Lakshadweep,73183
0,0,0,6/14/2020,0,0,0,Lakshadweep,73183
0,0,0,6/15/2020,0,0,0,Lakshadweep,73183
0,0,0,6/16/2020,0,0,0,Lakshadweep,73183
0,0,0,6/17/2020,0,0,0,Lakshadweep,73183
0,0,0,6/18/2020,0,0,0,Lakshadweep,73183
0,0,0,6/19/2020,0,0,0,Lakshadweep,73183
0,0,0,6/20/2020,0,0,0,Lakshadweep,73183
0,0,0,6/21/2020,0,0,0,Lakshadweep,73183
0,0,0,6/22/2020,0,0,0,Lakshadweep,73183
0,0,0,6/23/2020,0,0,0,Lakshadweep,73183
0,0,0,6/24/2020,0,0,0,Lakshadweep,73183
0,0,0,6/25/2020,0,0,0,Lakshadweep,73183
0,0,0,6/26/2020,0,0,0,Lakshadweep,73183
0,0,0,6/27/2020,0,0,0,Lakshadweep,73183
0,0,0,6/28/2020,0,0,0,Lakshadweep,73183
0,0,0,6/29/2020,0,0,0,Lakshadweep,73183
0,0,0,6/30/2020,0,0,0,Lakshadweep,73183
0,0,0,7/1/2020,0,0,0,Lakshadweep,73183
0,0,0,7/2/2020,0,0,0,Lakshadweep,73183
0,0,0,7/3/2020,0,0,0,Lakshadweep,73183
0,0,0,7/4/2020,0,0,0,Lakshadweep,73183
0,0,0,7/5/2020,0,0,0,Lakshadweep,73183
0,0,0,7/6/2020,0,0,0,Lakshadweep,73183
0,0,0,7/7/2020,0,0,0,Lakshadweep,73183
0,0,0,7/8/2020,0,0,0,Lakshadweep,73183
0,0,0,7/9/2020,0,0,0,Lakshadweep,73183
0,0,0,7/10/2020,0,0,0,Lakshadweep,73183
0,0,0,7/11/2020,0,0,0,Lakshadweep,73183
0,0,0,7/12/2020,0,0,0,Lakshadweep,73183
0,0,0,7/13/2020,0,0,0,Lakshadweep,73183
0,0,0,7/14/2020,0,0,0,Lakshadweep,73183
0,0,0,7/15/2020,0,0,0,Lakshadweep,73183
0,0,0,7/16/2020,0,0,0,Lakshadweep,73183
0,0,0,7/17/2020,0,0,0,Lakshadweep,73183
0,0,0,7/18/2020,0,0,0,Lakshadweep,73183
0,0,0,7/19/2020,0,0,0,Lakshadweep,73183
0,0,0,7/20/2020,0,0,0,Lakshadweep,73183
0,0,0,7/21/2020,0,0,0,Lakshadweep,73183
0,0,0,7/22/2020,0,0,0,Lakshadweep,73183
0,0,0,7/23/2020,0,0,0,Lakshadweep,73183
0,0,0,7/24/2020,0,0,0,Lakshadweep,73183
0,0,0,7/25/2020,0,0,0,Lakshadweep,73183
0,0,0,7/26/2020,0,0,0,Lakshadweep,73183
0,0,0,7/27/2020,0,0,0,Lakshadweep,73183
0,0,0,7/28/2020,0,0,0,Lakshadweep,73183
0,0,0,7/29/2020,0,0,0,Lakshadweep,73183
0,0,0,7/30/2020,0,0,0,Lakshadweep,73183
0,0,0,7/31/2020,0,0,0,Lakshadweep,73183
0,0,0,8/1/2020,0,0,0,Lakshadweep,73183
0,0,0,8/2/2020,0,0,0,Lakshadweep,73183
0,0,0,8/3/2020,0,0,0,Lakshadweep,73183
0,0,0,8/4/2020,0,0,0,Lakshadweep,73183
0,0,0,8/5/2020,0,0,0,Lakshadweep,73183
0,0,0,8/6/2020,0,0,0,Lakshadweep,73183
0,0,0,8/7/2020,0,0,0,Lakshadweep,73183
0,0,0,8/8/2020,0,0,0,Lakshadweep,73183
0,0,0,8/9/2020,0,0,0,Lakshadweep,73183
0,0,0,8/10/2020,0,0,0,Lakshadweep,73183
0,0,0,8/11/2020,0,0,0,Lakshadweep,73183
0,0,0,8/12/2020,0,0,0,Lakshadweep,73183
0,0,0,8/13/2020,0,0,0,Lakshadweep,73183
0,0,0,8/14/2020,0,0,0,Lakshadweep,73183
0,0,0,8/15/2020,0,0,0,Lakshadweep,73183
0,0,0,8/16/2020,0,0,0,Lakshadweep,73183
0,0,0,8/17/2020,0,0,0,Lakshadweep,73183
0,0,0,8/18/2020,0,0,0,Lakshadweep,73183
0,0,0,8/19/2020,0,0,0,Lakshadweep,73183
0,0,0,8/20/2020,0,0,0,Lakshadweep,73183
0,0,0,8/21/2020,0,0,0,Lakshadweep,73183
0,0,0,8/22/2020,0,0,0,Lakshadweep,73183
0,0,0,8/23/2020,0,0,0,Lakshadweep,73183
0,0,0,8/24/2020,0,0,0,Lakshadweep,73183
0,0,0,8/25/2020,0,0,0,Lakshadweep,73183
0,0,0,8/26/2020,0,0,0,Lakshadweep,73183
0,0,0,8/27/2020,0,0,0,Lakshadweep,73183
0,0,0,8/28/2020,0,0,0,Lakshadweep,73183
0,0,0,8/29/2020,0,0,0,Lakshadweep,73183
0,0,0,8/30/2020,0,0,0,Lakshadweep,73183
0,0,0,8/31/2020,0,0,0,Lakshadweep,73183
0,0,0,9/1/2020,0,0,0,Lakshadweep,73183
0,0,0,9/2/2020,0,0,0,Lakshadweep,73183
0,0,0,9/3/2020,0,0,0,Lakshadweep,73183
0,0,0,9/4/2020,0,0,0,Lakshadweep,73183
0,0,0,9/5/2020,0,0,0,Lakshadweep,73183
0,0,0,9/6/2020,0,0,0,Lakshadweep,73183
0,0,0,9/7/2020,0,0,0,Lakshadweep,73183
0,0,0,9/8/2020,0,0,0,Lakshadweep,73183
0,0,0,9/9/2020,0,0,0,Lakshadweep,73183
0,0,0,9/10/2020,0,0,0,Lakshadweep,73183
0,0,0,9/11/2020,0,0,0,Lakshadweep,73183
0,0,0,9/12/2020,0,0,0,Lakshadweep,73183
0,0,0,9/13/2020,0,0,0,Lakshadweep,73183
0,0,0,9/14/2020,0,0,0,Lakshadweep,73183
0,0,0,9/15/2020,0,0,0,Lakshadweep,73183
0,0,0,9/16/2020,0,0,0,Lakshadweep,73183
0,0,0,9/17/2020,0,0,0,Lakshadweep,73183
0,0,0,9/18/2020,0,0,0,Lakshadweep,73183
0,0,0,9/19/2020,0,0,0,Lakshadweep,73183
0,0,0,9/20/2020,0,0,0,Lakshadweep,73183
0,0,0,9/21/2020,0,0,0,Lakshadweep,73183
0,0,0,9/22/2020,0,0,0,Lakshadweep,73183
0,0,0,9/23/2020,0,0,0,Lakshadweep,73183
0,0,0,9/24/2020,0,0,0,Lakshadweep,73183
0,0,0,9/25/2020,0,0,0,Lakshadweep,73183
0,0,0,9/26/2020,0,0,0,Lakshadweep,73183
0,0,0,9/27/2020,0,0,0,Lakshadweep,73183
0,0,0,9/28/2020,0,0,0,Lakshadweep,73183
0,0,0,9/29/2020,0,0,0,Lakshadweep,73183
0,0,0,9/30/2020,0,0,0,Lakshadweep,73183
0,0,0,10/1/2020,0,0,0,Lakshadweep,73183
0,0,0,10/2/2020,0,0,0,Lakshadweep,73183
0,0,0,10/3/2020,0,0,0,Lakshadweep,73183
0,0,0,10/4/2020,0,0,0,Lakshadweep,73183
0,0,0,10/5/2020,0,0,0,Lakshadweep,73183
0,0,0,10/6/2020,0,0,0,Lakshadweep,73183
0,0,0,10/7/2020,0,0,0,Lakshadweep,73183
0,0,0,10/8/2020,0,0,0,Lakshadweep,73183
0,0,0,10/9/2020,0,0,0,Lakshadweep,73183
0,0,0,10/10/2020,0,0,0,Lakshadweep,73183
0,0,0,10/11/2020,0,0,0,Lakshadweep,73183
0,0,0,10/12/2020,0,0,0,Lakshadweep,73183
0,0,0,10/13/2020,0,0,0,Lakshadweep,73183
0,0,0,10/14/2020,0,0,0,Lakshadweep,73183
0,0,0,10/15/2020,0,0,0,Lakshadweep,73183
0,0,0,10/16/2020,0,0,0,Lakshadweep,73183
0,0,0,10/17/2020,0,0,0,Lakshadweep,73183
0,0,0,10/18/2020,0,0,0,Lakshadweep,73183
0,0,0,10/19/2020,0,0,0,Lakshadweep,73183
0,0,0,10/20/2020,0,0,0,Lakshadweep,73183
0,0,0,10/21/2020,0,0,0,Lakshadweep,73183
0,0,0,10/22/2020,0,0,0,Lakshadweep,73183
0,0,0,3/14/2020,0,0,0,Madhya Pradesh,85358965
0,0,0,3/15/2020,0,0,0,Madhya Pradesh,85358965
0,0,0,3/16/2020,0,0,0,Madhya Pradesh,85358965
0,0,0,3/17/2020,0,0,0,Madhya Pradesh,85358965
0,0,0,3/18/2020,0,0,0,Madhya Pradesh,85358965
0,0,0,3/19/2020,0,0,0,Madhya Pradesh,85358965
4,0,0,3/20/2020,4,0,0,Madhya Pradesh,85358965
0,0,0,3/21/2020,4,0,0,Madhya Pradesh,85358965
2,0,0,3/22/2020,6,0,0,Madhya Pradesh,85358965
0,0,0,3/23/2020,6,0,0,Madhya Pradesh,85358965
1,0,0,3/24/2020,7,0,0,Madhya Pradesh,85358965
8,1,0,3/25/2020,15,1,0,Madhya Pradesh,85358965
5,0,0,3/26/2020,20,1,0,Madhya Pradesh,85358965
9,1,0,3/27/2020,29,2,0,Madhya Pradesh,85358965
10,0,0,3/28/2020,39,2,0,Madhya Pradesh,85358965
0,0,0,3/29/2020,39,2,0,Madhya Pradesh,85358965
8,2,0,3/30/2020,47,4,0,Madhya Pradesh,85358965
19,1,0,3/31/2020,66,5,0,Madhya Pradesh,85358965
32,1,0,4/1/2020,98,6,0,Madhya Pradesh,85358965
9,2,0,4/2/2020,107,8,0,Madhya Pradesh,85358965
47,0,0,4/3/2020,154,8,0,Madhya Pradesh,85358965
25,3,0,4/4/2020,179,11,0,Madhya Pradesh,85358965
14,2,3,4/5/2020,193,13,3,Madhya Pradesh,85358965
63,2,8,4/6/2020,256,15,11,Madhya Pradesh,85358965
34,6,10,4/7/2020,290,21,21,Madhya Pradesh,85358965
51,3,4,4/8/2020,341,24,25,Madhya Pradesh,85358965
70,9,0,4/9/2020,411,33,25,Madhya Pradesh,85358965
40,4,12,4/10/2020,451,37,37,Madhya Pradesh,85358965
78,4,1,4/11/2020,529,41,38,Madhya Pradesh,85358965
33,3,3,4/12/2020,562,44,41,Madhya Pradesh,85358965
52,7,10,4/13/2020,614,51,51,Madhya Pradesh,85358965
127,3,13,4/14/2020,741,54,64,Madhya Pradesh,85358965
197,0,0,4/15/2020,938,54,64,Madhya Pradesh,85358965
226,2,6,4/16/2020,1164,56,70,Madhya Pradesh,85358965
146,14,0,4/17/2020,1310,70,70,Madhya Pradesh,85358965
92,0,57,4/18/2020,1402,70,127,Madhya Pradesh,85358965
5,3,4,4/19/2020,1407,73,131,Madhya Pradesh,85358965
78,4,7,4/20/2020,1485,77,138,Madhya Pradesh,85358965
67,4,10,4/21/2020,1552,81,148,Madhya Pradesh,85358965
35,0,4,4/22/2020,1587,81,152,Madhya Pradesh,85358965
100,3,51,4/23/2020,1687,84,203,Madhya Pradesh,85358965
159,9,7,4/24/2020,1846,93,210,Madhya Pradesh,85358965
99,7,71,4/25/2020,1945,100,281,Madhya Pradesh,85358965
145,4,21,4/26/2020,2090,104,302,Madhya Pradesh,85358965
75,7,55,4/27/2020,2165,111,357,Madhya Pradesh,85358965
222,10,16,4/28/2020,2387,121,373,Madhya Pradesh,85358965
173,10,88,4/29/2020,2560,131,461,Madhya Pradesh,85358965
65,7,21,4/30/2020,2625,138,482,Madhya Pradesh,85358965
90,8,42,5/1/2020,2715,146,524,Madhya Pradesh,85358965
73,6,100,5/2/2020,2788,152,624,Madhya Pradesh,85358965
49,5,174,5/3/2020,2837,157,798,Madhya Pradesh,85358965
105,9,58,5/4/2020,2942,166,856,Madhya Pradesh,85358965
107,11,144,5/5/2020,3049,177,1000,Madhya Pradesh,85358965
89,9,99,5/6/2020,3138,186,1099,Madhya Pradesh,85358965
114,8,132,5/7/2020,3252,194,1231,Madhya Pradesh,85358965
89,7,118,5/8/2020,3341,201,1349,Madhya Pradesh,85358965
116,11,131,5/9/2020,3457,212,1480,Madhya Pradesh,85358965
157,4,196,5/10/2020,3614,216,1676,Madhya Pradesh,85358965
171,6,71,5/11/2020,3785,222,1747,Madhya Pradesh,85358965
201,4,113,5/12/2020,3986,226,1860,Madhya Pradesh,85358965
187,7,144,5/13/2020,4173,233,2004,Madhya Pradesh,85358965
253,5,167,5/14/2020,4426,238,2171,Madhya Pradesh,85358965
169,2,112,5/15/2020,4595,240,2283,Madhya Pradesh,85358965
195,4,32,5/16/2020,4790,244,2315,Madhya Pradesh,85358965
187,5,88,5/17/2020,4977,249,2403,Madhya Pradesh,85358965
259,4,32,5/18/2020,5236,253,2435,Madhya Pradesh,85358965
229,6,196,5/19/2020,5465,259,2631,Madhya Pradesh,85358965
270,9,103,5/20/2020,5735,268,2734,Madhya Pradesh,85358965
246,4,110,5/21/2020,5981,272,2844,Madhya Pradesh,85358965
189,1,245,5/22/2020,6170,273,3089,Madhya Pradesh,85358965
201,9,178,5/23/2020,6371,282,3267,Madhya Pradesh,85358965
294,9,141,5/24/2020,6665,291,3408,Madhya Pradesh,85358965
194,10,163,5/25/2020,6859,301,3571,Madhya Pradesh,85358965
165,5,118,5/26/2020,7024,306,3689,Madhya Pradesh,85358965
237,8,238,5/27/2020,7261,314,3927,Madhya Pradesh,85358965
192,8,123,5/28/2020,7453,322,4050,Madhya Pradesh,85358965
192,13,219,5/29/2020,7645,335,4269,Madhya Pradesh,85358965
246,9,175,5/30/2020,7891,344,4444,Madhya Pradesh,85358965
198,7,398,5/31/2020,8089,351,4842,Madhya Pradesh,85358965
194,8,161,6/1/2020,8283,359,5003,Madhya Pradesh,85358965
137,6,218,6/2/2020,8420,365,5221,Madhya Pradesh,85358965
168,7,224,6/3/2020,8588,372,5445,Madhya Pradesh,85358965
174,6,192,6/4/2020,8762,378,5637,Madhya Pradesh,85358965
234,7,241,6/5/2020,8996,385,5878,Madhya Pradesh,85358965
232,15,230,6/6/2020,9228,400,6108,Madhya Pradesh,85358965
173,13,223,6/7/2020,9401,413,6331,Madhya Pradesh,85358965
237,2,205,6/8/2020,9638,415,6536,Madhya Pradesh,85358965
211,6,193,6/9/2020,9849,421,6729,Madhya Pradesh,85358965
200,7,163,6/10/2020,10049,428,6892,Madhya Pradesh,85358965
192,4,150,6/11/2020,10241,432,7042,Madhya Pradesh,85358965
202,9,159,6/12/2020,10443,441,7201,Madhya Pradesh,85358965
198,7,176,6/13/2020,10641,448,7377,Madhya Pradesh,85358965
161,12,300,6/14/2020,10802,460,7677,Madhya Pradesh,85358965
133,6,226,6/15/2020,10935,466,7903,Madhya Pradesh,85358965
148,11,249,6/16/2020,11083,477,8152,Madhya Pradesh,85358965
161,6,236,6/17/2020,11244,483,8388,Madhya Pradesh,85358965
182,4,244,6/18/2020,11426,487,8632,Madhya Pradesh,85358965
156,9,116,6/19/2020,11582,496,8748,Madhya Pradesh,85358965
142,6,132,6/20/2020,11724,502,8880,Madhya Pradesh,85358965
179,14,135,6/21/2020,11903,516,9015,Madhya Pradesh,85358965
175,6,200,6/22/2020,12078,522,9215,Madhya Pradesh,85358965
183,4,120,6/23/2020,12261,526,9335,Madhya Pradesh,85358965
187,9,138,6/24/2020,12448,535,9473,Madhya Pradesh,85358965
147,8,146,6/25/2020,12595,543,9619,Madhya Pradesh,85358965
203,4,185,6/26/2020,12798,547,9804,Madhya Pradesh,85358965
167,4,167,6/27/2020,12965,551,9971,Madhya Pradesh,85358965
221,7,113,6/28/2020,13186,558,10084,Madhya Pradesh,85358965
184,7,115,6/29/2020,13370,565,10199,Madhya Pradesh,85358965
223,8,196,6/30/2020,13593,573,10395,Madhya Pradesh,85358965
268,9,260,7/1/2020,13861,582,10655,Madhya Pradesh,85358965
245,8,160,7/2/2020,14106,590,10815,Madhya Pradesh,85358965
191,4,234,7/3/2020,14297,594,11049,Madhya Pradesh,85358965
307,5,185,7/4/2020,14604,599,11234,Madhya Pradesh,85358965
326,10,177,7/5/2020,14930,609,11411,Madhya Pradesh,85358965
354,9,168,7/6/2020,15284,618,11579,Madhya Pradesh,85358965
343,5,189,7/7/2020,15627,623,11768,Madhya Pradesh,85358965
409,7,219,7/8/2020,16036,630,11987,Madhya Pradesh,85358965
305,5,245,7/9/2020,16341,635,12232,Madhya Pradesh,85358965
316,4,249,7/10/2020,16657,639,12481,Madhya Pradesh,85358965
544,6,198,7/11/2020,17201,645,12679,Madhya Pradesh,85358965
431,9,197,7/12/2020,17632,654,12876,Madhya Pradesh,85358965
575,10,332,7/13/2020,18207,664,13208,Madhya Pradesh,85358965
798,10,367,7/14/2020,19005,674,13575,Madhya Pradesh,85358965
638,9,333,7/15/2020,19643,683,13908,Madhya Pradesh,85358965
735,7,219,7/16/2020,20378,690,14127,Madhya Pradesh,85358965
704,9,387,7/17/2020,21082,699,14514,Madhya Pradesh,85358965
681,8,350,7/18/2020,21763,707,14864,Madhya Pradesh,85358965
837,15,447,7/19/2020,22600,722,15311,Madhya Pradesh,85358965
710,17,373,7/20/2020,23310,739,15684,Madhya Pradesh,85358965
785,18,573,7/21/2020,24095,757,16257,Madhya Pradesh,85358965
747,14,579,7/22/2020,24842,771,16836,Madhya Pradesh,85358965
632,10,523,7/23/2020,25474,781,17359,Madhya Pradesh,85358965
736,11,507,7/24/2020,26210,792,17866,Madhya Pradesh,85358965
716,8,622,7/25/2020,26926,800,18488,Madhya Pradesh,85358965
874,12,644,7/26/2020,27800,812,19132,Madhya Pradesh,85358965
789,9,659,7/27/2020,28589,821,19791,Madhya Pradesh,85358965
628,10,552,7/28/2020,29217,831,20343,Madhya Pradesh,85358965
917,14,591,7/29/2020,30134,845,20934,Madhya Pradesh,85358965
834,13,723,7/30/2020,30968,858,21657,Madhya Pradesh,85358965
838,10,614,7/31/2020,31806,868,22271,Madhya Pradesh,85358965
808,9,698,8/1/2020,32614,877,22969,Madhya Pradesh,85358965
921,10,581,8/2/2020,33535,887,23550,Madhya Pradesh,85358965
750,14,549,8/3/2020,34285,901,24099,Madhya Pradesh,85358965
797,12,1315,8/4/2020,35082,913,25414,Madhya Pradesh,85358965
652,17,650,8/5/2020,35734,930,26064,Madhya Pradesh,85358965
830,17,838,8/6/2020,36564,947,26902,Madhya Pradesh,85358965
734,16,719,8/7/2020,37298,963,27621,Madhya Pradesh,85358965
859,15,732,8/8/2020,38157,978,28353,Madhya Pradesh,85358965
868,19,667,8/9/2020,39025,997,29020,Madhya Pradesh,85358965
866,19,654,8/10/2020,39891,1016,29674,Madhya Pradesh,85358965
843,18,922,8/11/2020,40734,1034,30596,Madhya Pradesh,85358965
870,15,643,8/12/2020,41604,1049,31239,Madhya Pradesh,85358965
1014,17,596,8/13/2020,42618,1066,31835,Madhya Pradesh,85358965
796,16,570,8/14/2020,43414,1082,32405,Madhya Pradesh,85358965
1019,13,948,8/15/2020,44433,1095,33353,Madhya Pradesh,85358965
1022,11,685,8/16/2020,45455,1106,34038,Madhya Pradesh,85358965
930,23,987,8/17/2020,46385,1129,35025,Madhya Pradesh,85358965
990,13,688,8/18/2020,47375,1142,35713,Madhya Pradesh,85358965
976,18,762,8/19/2020,48351,1160,36475,Madhya Pradesh,85358965
1142,12,1065,8/20/2020,49493,1172,37540,Madhya Pradesh,85358965
1147,14,987,8/21/2020,50640,1186,38527,Madhya Pradesh,85358965
1226,21,872,8/22/2020,51866,1207,39399,Madhya Pradesh,85358965
1263,23,991,8/23/2020,53129,1230,40390,Madhya Pradesh,85358965
1292,17,841,8/24/2020,54421,1247,41231,Madhya Pradesh,85358965
1379,19,1079,8/25/2020,55800,1266,42310,Madhya Pradesh,85358965
1064,17,936,8/26/2020,56864,1283,43246,Madhya Pradesh,85358965
1317,24,1207,8/27/2020,58181,1307,44453,Madhya Pradesh,85358965
1252,17,943,8/28/2020,59433,1324,45396,Madhya Pradesh,85358965
1442,22,1017,8/29/2020,60875,1346,46413,Madhya Pradesh,85358965
1558,29,1054,8/30/2020,62433,1375,47467,Madhya Pradesh,85358965
1532,20,1190,8/31/2020,63965,1395,48657,Madhya Pradesh,85358965
1525,32,1335,9/1/2020,65490,1427,49992,Madhya Pradesh,85358965
1424,27,1132,9/2/2020,66914,1454,51124,Madhya Pradesh,85358965
1672,30,1091,9/3/2020,68586,1484,52215,Madhya Pradesh,85358965
1658,30,1042,9/4/2020,70244,1514,53257,Madhya Pradesh,85358965
1636,30,1392,9/5/2020,71880,1544,54649,Madhya Pradesh,85358965
1694,29,1238,9/6/2020,73574,1573,55887,Madhya Pradesh,85358965
1885,17,1022,9/7/2020,75459,1590,56909,Madhya Pradesh,85358965
1864,20,1600,9/8/2020,77323,1610,58509,Madhya Pradesh,85358965
1869,31,1341,9/9/2020,79192,1641,59850,Madhya Pradesh,85358965
2187,21,1435,9/10/2020,81379,1662,61285,Madhya Pradesh,85358965
2240,30,1651,9/11/2020,83619,1692,62936,Madhya Pradesh,85358965
2347,37,1462,9/12/2020,85966,1729,64398,Madhya Pradesh,85358965
2281,34,1600,9/13/2020,88247,1763,65998,Madhya Pradesh,85358965
2483,29,1713,9/14/2020,90730,1792,67711,Madhya Pradesh,85358965
2323,29,1902,9/15/2020,93053,1821,69613,Madhya Pradesh,85358965
2462,24,1922,9/16/2020,95515,1845,71535,Madhya Pradesh,85358965
2391,33,2863,9/17/2020,97906,1878,74398,Madhya Pradesh,85358965
2552,24,2554,9/18/2020,100458,1902,76952,Madhya Pradesh,85358965
2607,42,2206,9/19/2020,103065,1944,79158,Madhya Pradesh,85358965
2579,27,2216,9/20/2020,105644,1971,81374,Madhya Pradesh,85358965
2523,37,2244,9/21/2020,108167,2008,83618,Madhya Pradesh,85358965
2544,28,2412,9/22/2020,110711,2036,86030,Madhya Pradesh,85358965
2346,42,2138,9/23/2020,113057,2078,88168,Madhya Pradesh,85358965
2304,45,2327,9/24/2020,115361,2123,90495,Madhya Pradesh,85358965
2227,30,2743,9/25/2020,117588,2153,93238,Madhya Pradesh,85358965
2311,29,2252,9/26/2020,119899,2182,95490,Madhya Pradesh,85358965
2310,26,2081,9/27/2020,122209,2208,97571,Madhya Pradesh,85358965
1957,35,2441,9/28/2020,124166,2243,100012,Madhya Pradesh,85358965
1877,39,2433,9/29/2020,126043,2282,102445,Madhya Pradesh,85358965
2004,35,2289,9/30/2020,128047,2317,104734,Madhya Pradesh,85358965
2041,20,2545,10/1/2020,130088,2337,107279,Madhya Pradesh,85358965
2019,36,2332,10/2/2020,132107,2373,109611,Madhya Pradesh,85358965
1811,27,2101,10/3/2020,133918,2400,111712,Madhya Pradesh,85358965
1720,35,2120,10/4/2020,135638,2435,113832,Madhya Pradesh,85358965
1460,29,2046,10/5/2020,137098,2464,115878,Madhya Pradesh,85358965
1570,25,2161,10/6/2020,138668,2489,118039,Madhya Pradesh,85358965
1639,30,2228,10/7/2020,140307,2519,120267,Madhya Pradesh,85358965
1715,29,2420,10/8/2020,142022,2548,122687,Madhya Pradesh,85358965
1607,27,2200,10/9/2020,143629,2575,124887,Madhya Pradesh,85358965
1616,25,2147,10/10/2020,145245,2600,127034,Madhya Pradesh,85358965
1575,25,1985,10/11/2020,146820,2625,129019,Madhya Pradesh,85358965
1478,21,1702,10/12/2020,148298,2646,130721,Madhya Pradesh,85358965
1463,26,1708,10/13/2020,149761,2672,132429,Madhya Pradesh,85358965
5515,15,5729,10/14/2020,155276,2687,138158,Madhya Pradesh,85358965
1308,24,1559,10/15/2020,156584,2711,139717,Madhya Pradesh,85358965
1352,25,1556,10/16/2020,157936,2736,141273,Madhya Pradesh,85358965
1222,18,1434,10/17/2020,159158,2754,142707,Madhya Pradesh,85358965
1030,20,1427,10/18/2020,160188,2774,144134,Madhya Pradesh,85358965
1015,13,1287,10/19/2020,161203,2787,145421,Madhya Pradesh,85358965
975,25,1439,10/20/2020,162178,2812,146860,Madhya Pradesh,85358965
1118,17,1222,10/21/2020,163296,2829,148082,Madhya Pradesh,85358965
1045,14,1271,10/22/2020,164341,2843,149353,Madhya Pradesh,85358965
14,0,0,3/14/2020,14,0,0,Maharashtra,123144223
18,0,0,3/15/2020,32,0,0,Maharashtra,123144223
6,0,0,3/16/2020,38,0,0,Maharashtra,123144223
3,1,0,3/17/2020,41,1,0,Maharashtra,123144223
3,0,0,3/18/2020,44,1,0,Maharashtra,123144223
4,0,0,3/19/2020,48,1,0,Maharashtra,123144223
4,0,0,3/20/2020,52,1,0,Maharashtra,123144223
12,0,0,3/21/2020,64,1,0,Maharashtra,123144223
10,1,0,3/22/2020,74,2,0,Maharashtra,123144223
23,0,0,3/23/2020,97,2,0,Maharashtra,123144223
10,0,0,3/24/2020,107,2,0,Maharashtra,123144223
15,0,1,3/25/2020,122,2,1,Maharashtra,123144223
3,1,0,3/26/2020,125,3,1,Maharashtra,123144223
31,1,18,3/27/2020,156,4,19,Maharashtra,123144223
30,2,6,3/28/2020,186,6,25,Maharashtra,123144223
17,1,0,3/29/2020,203,7,25,Maharashtra,123144223
17,2,14,3/30/2020,220,9,39,Maharashtra,123144223
82,1,0,3/31/2020,302,10,39,Maharashtra,123144223
33,3,0,4/1/2020,335,13,39,Maharashtra,123144223
88,8,3,4/2/2020,423,21,42,Maharashtra,123144223
64,5,8,4/3/2020,487,26,50,Maharashtra,123144223
148,6,2,4/4/2020,635,32,52,Maharashtra,123144223
112,13,4,4/5/2020,747,45,56,Maharashtra,123144223
121,7,14,4/6/2020,868,52,70,Maharashtra,123144223
150,12,9,4/7/2020,1018,64,79,Maharashtra,123144223
117,8,38,4/8/2020,1135,72,117,Maharashtra,123144223
229,25,8,4/9/2020,1364,97,125,Maharashtra,123144223
210,12,63,4/10/2020,1574,109,188,Maharashtra,123144223
187,17,20,4/11/2020,1761,126,208,Maharashtra,123144223
221,22,9,4/12/2020,1982,148,217,Maharashtra,123144223
352,11,12,4/13/2020,2334,159,229,Maharashtra,123144223
346,18,30,4/14/2020,2680,177,259,Maharashtra,123144223
236,9,36,4/15/2020,2916,186,295,Maharashtra,123144223
285,7,5,4/16/2020,3201,193,300,Maharashtra,123144223
120,7,31,4/17/2020,3321,200,331,Maharashtra,123144223
327,10,34,4/18/2020,3648,210,365,Maharashtra,123144223
552,12,142,4/19/2020,4200,222,507,Maharashtra,123144223
466,9,65,4/20/2020,4666,231,572,Maharashtra,123144223
552,19,150,4/21/2020,5218,250,722,Maharashtra,123144223
431,18,67,4/22/2020,5649,268,789,Maharashtra,123144223
778,14,51,4/23/2020,6427,282,840,Maharashtra,123144223
390,18,117,4/24/2020,6817,300,957,Maharashtra,123144223
811,22,119,4/25/2020,7628,322,1076,Maharashtra,123144223
440,19,112,4/26/2020,8068,341,1188,Maharashtra,123144223
522,27,94,4/27/2020,8590,368,1282,Maharashtra,123144223
728,31,106,4/28/2020,9318,399,1388,Maharashtra,123144223
597,32,205,4/29/2020,9915,431,1593,Maharashtra,123144223
583,27,180,4/30/2020,10498,458,1773,Maharashtra,123144223
1008,26,106,5/1/2020,11506,484,1879,Maharashtra,123144223
790,36,121,5/2/2020,12296,520,2000,Maharashtra,123144223
678,27,115,5/3/2020,12974,547,2115,Maharashtra,123144223
1567,35,350,5/4/2020,14541,582,2465,Maharashtra,123144223
984,34,354,5/5/2020,15525,616,2819,Maharashtra,123144223
1233,34,275,5/6/2020,16758,650,3094,Maharashtra,123144223
1216,43,207,5/7/2020,17974,693,3301,Maharashtra,123144223
1089,37,169,5/8/2020,19063,730,3470,Maharashtra,123144223
1165,48,330,5/9/2020,20228,778,3800,Maharashtra,123144223
1943,53,399,5/10/2020,22171,831,4199,Maharashtra,123144223
1230,36,587,5/11/2020,23401,867,4786,Maharashtra,123144223
1026,53,339,5/12/2020,24427,920,5125,Maharashtra,123144223
1495,54,422,5/13/2020,25922,974,5547,Maharashtra,123144223
1602,44,542,5/14/2020,27524,1018,6089,Maharashtra,123144223
1576,49,475,5/15/2020,29100,1067,6564,Maharashtra,123144223
1606,67,524,5/16/2020,30706,1134,7088,Maharashtra,123144223
2347,63,600,5/17/2020,33053,1197,7688,Maharashtra,123144223
2005,51,749,5/18/2020,35058,1248,8437,Maharashtra,123144223
2078,76,1202,5/19/2020,37136,1324,9639,Maharashtra,123144223
2161,65,679,5/20/2020,39297,1389,10318,Maharashtra,123144223
2345,64,1408,5/21/2020,41642,1453,11726,Maharashtra,123144223
2940,63,857,5/22/2020,44582,1516,12583,Maharashtra,123144223
2608,60,821,5/23/2020,47190,1576,13404,Maharashtra,123144223
3041,58,1196,5/24/2020,50231,1634,14600,Maharashtra,123144223
2436,60,1186,5/25/2020,52667,1694,15786,Maharashtra,123144223
2091,97,1168,5/26/2020,54758,1791,16954,Maharashtra,123144223
2190,105,964,5/27/2020,56948,1896,17918,Maharashtra,123144223
2598,85,698,5/28/2020,59546,1981,18616,Maharashtra,123144223
2682,116,8381,5/29/2020,62228,2097,26997,Maharashtra,123144223
2940,99,1084,5/30/2020,65168,2196,28081,Maharashtra,123144223
2487,89,1248,5/31/2020,67655,2285,29329,Maharashtra,123144223
2358,76,779,6/1/2020,70013,2361,30108,Maharashtra,123144223
2287,103,1225,6/2/2020,72300,2464,31333,Maharashtra,123144223
2560,122,996,6/3/2020,74860,2586,32329,Maharashtra,123144223
2933,123,1352,6/4/2020,77793,2709,33681,Maharashtra,123144223
2436,139,1466,6/5/2020,80229,2848,35147,Maharashtra,123144223
2739,120,2243,6/6/2020,82968,2968,37390,Maharashtra,123144223
3007,91,1924,6/7/2020,85975,3059,39314,Maharashtra,123144223
2554,109,1661,6/8/2020,88529,3168,40975,Maharashtra,123144223
2258,120,1664,6/9/2020,90787,3288,42639,Maharashtra,123144223
3254,149,1877,6/10/2020,94041,3437,44516,Maharashtra,123144223
3607,152,1562,6/11/2020,97648,3589,46078,Maharashtra,123144223
3493,127,1718,6/12/2020,101141,3716,47796,Maharashtra,123144223
3427,113,1550,6/13/2020,104568,3829,49346,Maharashtra,123144223
3390,120,1632,6/14/2020,107958,3949,50978,Maharashtra,123144223
2786,178,5071,6/15/2020,110744,4127,56049,Maharashtra,123144223
2701,1409,1802,6/16/2020,113445,5536,57851,Maharashtra,123144223
3307,114,1315,6/17/2020,116752,5650,59166,Maharashtra,123144223
3752,100,1672,6/18/2020,120504,5750,60838,Maharashtra,123144223
3827,142,1935,6/19/2020,124331,5892,62773,Maharashtra,123144223
3874,91,1380,6/20/2020,128205,5983,64153,Maharashtra,123144223
3870,186,1591,6/21/2020,132075,6169,65744,Maharashtra,123144223
3721,113,1962,6/22/2020,135796,6282,67706,Maharashtra,123144223
3214,248,1925,6/23/2020,139010,6530,69631,Maharashtra,123144223
3889,208,4161,6/24/2020,142899,6738,73792,Maharashtra,123144223
4842,192,3661,6/25/2020,147741,6930,77453,Maharashtra,123144223
5024,175,2362,6/26/2020,152765,7105,79815,Maharashtra,123144223
6368,167,4430,6/27/2020,159133,7272,84245,Maharashtra,123144223
5493,156,2330,6/28/2020,164626,7428,86575,Maharashtra,123144223
5257,181,2385,6/29/2020,169883,7609,88960,Maharashtra,123144223
4878,245,1951,6/30/2020,174761,7854,90911,Maharashtra,123144223
5537,198,2243,7/1/2020,180298,8052,93154,Maharashtra,123144223
6328,125,8018,7/2/2020,186626,8177,101172,Maharashtra,123144223
6364,198,3515,7/3/2020,192990,8375,104687,Maharashtra,123144223
7074,295,3395,7/4/2020,200064,8670,108082,Maharashtra,123144223
6555,151,3658,7/5/2020,206619,8821,111740,Maharashtra,123144223
5368,204,3522,7/6/2020,211987,9025,115262,Maharashtra,123144223
5134,224,3296,7/7/2020,217121,9249,118558,Maharashtra,123144223
6603,198,4634,7/8/2020,223724,9447,123192,Maharashtra,123144223
6875,219,4067,7/9/2020,230599,9666,127259,Maharashtra,123144223
7862,226,5366,7/10/2020,238461,9892,132625,Maharashtra,123144223
8139,223,4360,7/11/2020,246600,10115,136985,Maharashtra,123144223
7827,173,3340,7/12/2020,254427,10288,140325,Maharashtra,123144223
6497,193,4182,7/13/2020,260924,10481,144507,Maharashtra,123144223
6741,213,4500,7/14/2020,267665,10694,149007,Maharashtra,123144223
7975,233,3606,7/15/2020,275640,10927,152613,Maharashtra,123144223
8641,266,5527,7/16/2020,284281,11193,158140,Maharashtra,123144223
8308,258,2217,7/17/2020,292589,11451,160357,Maharashtra,123144223
8348,144,5306,7/18/2020,300937,11595,165663,Maharashtra,123144223
9518,258,3906,7/19/2020,310455,11853,169569,Maharashtra,123144223
8240,176,5460,7/20/2020,318695,12029,175029,Maharashtra,123144223
8336,246,7188,7/21/2020,327031,12275,182217,Maharashtra,123144223
10576,280,5552,7/22/2020,337607,12555,187769,Maharashtra,123144223
9895,298,6484,7/23/2020,347502,12853,194253,Maharashtra,123144223
9615,278,5714,7/24/2020,357117,13131,199967,Maharashtra,123144223
9251,257,7227,7/25/2020,366368,13388,207194,Maharashtra,123144223
9431,267,6044,7/26/2020,375799,13655,213238,Maharashtra,123144223
7924,227,8706,7/27/2020,383723,13882,221944,Maharashtra,123144223
7717,282,10333,7/28/2020,391440,14164,232277,Maharashtra,123144223
9211,298,7478,7/29/2020,400651,14462,239755,Maharashtra,123144223
11147,266,8860,7/30/2020,411798,14728,248615,Maharashtra,123144223
10320,265,7543,7/31/2020,422118,14993,256158,Maharashtra,123144223
9601,322,10725,8/1/2020,431719,15315,266883,Maharashtra,123144223
9509,260,9926,8/2/2020,441228,15575,276809,Maharashtra,123144223
8968,266,10221,8/3/2020,450196,15841,287030,Maharashtra,123144223
7760,300,12326,8/4/2020,457956,16141,299356,Maharashtra,123144223
10309,334,6165,8/5/2020,468265,16475,305521,Maharashtra,123144223
11514,316,10854,8/6/2020,479779,16791,316375,Maharashtra,123144223
10483,300,10906,8/7/2020,490262,17091,327281,Maharashtra,123144223
12822,275,11081,8/8/2020,503084,17366,338362,Maharashtra,123144223
12248,390,13348,8/9/2020,515332,17756,351710,Maharashtra,123144223
9181,293,6711,8/10/2020,524513,18049,358421,Maharashtra,123144223
11088,256,10014,8/11/2020,535601,18305,368435,Maharashtra,123144223
12712,344,13408,8/12/2020,548313,18649,381843,Maharashtra,123144223
11813,413,9115,8/13/2020,560126,19062,390958,Maharashtra,123144223
12608,364,10484,8/14/2020,572734,19426,401442,Maharashtra,123144223
12020,322,6844,8/15/2020,584754,19748,408286,Maharashtra,123144223
11111,288,8837,8/16/2020,595865,20036,417123,Maharashtra,123144223
8493,228,11391,8/17/2020,604358,20264,428514,Maharashtra,123144223
11119,422,9356,8/18/2020,615477,20686,437870,Maharashtra,123144223
13165,346,9011,8/19/2020,628642,21032,446881,Maharashtra,123144223
14647,326,12243,8/20/2020,643289,21358,459124,Maharashtra,123144223
14161,339,11749,8/21/2020,657450,21697,470873,Maharashtra,123144223
14492,297,9241,8/22/2020,671942,21994,480114,Maharashtra,123144223
10441,258,8157,8/23/2020,682383,22252,488271,Maharashtra,123144223
11015,212,14219,8/24/2020,693398,22464,502490,Maharashtra,123144223
10425,329,12300,8/25/2020,703823,22793,514790,Maharashtra,123144223
14888,295,7637,8/26/2020,718711,23088,522427,Maharashtra,123144223
14857,355,9136,8/27/2020,733568,23443,531563,Maharashtra,123144223
14427,331,11607,8/28/2020,747995,23774,543170,Maharashtra,123144223
16286,328,11541,8/29/2020,764281,24102,554711,Maharashtra,123144223
16408,296,7690,8/30/2020,780689,24398,562401,Maharashtra,123144223
11852,184,11158,8/31/2020,792541,24582,573559,Maharashtra,123144223
15765,320,10978,9/1/2020,808306,24902,584537,Maharashtra,123144223
17433,292,13959,9/2/2020,825739,25194,598496,Maharashtra,123144223
18105,391,13988,9/3/2020,843844,25585,612484,Maharashtra,123144223
19218,378,13289,9/4/2020,863062,25963,625773,Maharashtra,123144223
20800,312,10801,9/5/2020,883862,26275,636574,Maharashtra,123144223
23350,328,7826,9/6/2020,907212,26603,644400,Maharashtra,123144223
16429,423,14922,9/7/2020,923641,27026,659322,Maharashtra,123144223
20131,380,13234,9/8/2020,943772,27406,672556,Maharashtra,123144223
23577,380,13906,9/9/2020,967349,27786,686462,Maharashtra,123144223
23446,495,14253,9/10/2020,990795,28281,700715,Maharashtra,123144223
24886,442,14308,9/11/2020,1015681,28723,715023,Maharashtra,123144223
22084,391,13489,9/12/2020,1037765,29114,728512,Maharashtra,123144223
22543,416,11549,9/13/2020,1060308,29530,740061,Maharashtra,123144223
17066,363,15789,9/14/2020,1077374,29893,755850,Maharashtra,123144223
20482,515,19423,9/15/2020,1097856,30408,775273,Maharashtra,123144223
23365,474,17559,9/16/2020,1121221,30882,792832,Maharashtra,123144223
24619,468,19522,9/17/2020,1145840,31350,812354,Maharashtra,123144223
21656,440,22078,9/18/2020,1167496,31790,834432,Maharashtra,123144223
20519,425,23501,9/19/2020,1188015,32215,857933,Maharashtra,123144223
20627,455,26408,9/20/2020,1208642,32670,884341,Maharashtra,123144223
15738,344,32007,9/21/2020,1224380,33014,916348,Maharashtra,123144223
18390,392,20206,9/22/2020,1242770,33406,936554,Maharashtra,123144223
21029,479,19476,9/23/2020,1263799,33885,956030,Maharashtra,123144223
19164,459,17184,9/24/2020,1282963,34344,973214,Maharashtra,123144223
17794,416,19592,9/25/2020,1300757,34760,992806,Maharashtra,123144223
20419,430,23644,9/26/2020,1321176,35190,1016450,Maharashtra,123144223
18056,380,13565,9/27/2020,1339232,35570,1030015,Maharashtra,123144223
11921,180,19932,9/28/2020,1351153,35750,1049947,Maharashtra,123144223
14976,430,19212,9/29/2020,1366129,36180,1069159,Maharashtra,123144223
18317,481,19163,9/30/2020,1384446,36661,1088322,Maharashtra,123144223
16476,394,16104,10/1/2020,1400922,37055,1104426,Maharashtra,123144223
15591,424,13294,10/2/2020,1416513,37479,1117720,Maharashtra,123144223
14348,278,16835,10/3/2020,1430861,37757,1134555,Maharashtra,123144223
12548,326,15048,10/4/2020,1443409,38083,1149603,Maharashtra,123144223
10244,263,12982,10/5/2020,1453653,38346,1162585,Maharashtra,123144223
12258,370,17141,10/6/2020,1465911,38716,1179726,Maharashtra,123144223
14578,355,16715,10/7/2020,1480489,39071,1196441,Maharashtra,123144223
13395,358,15575,10/8/2020,1493884,39429,1212016,Maharashtra,123144223
12134,302,17323,10/9/2020,1506018,39731,1229339,Maharashtra,123144223
11416,308,26440,10/10/2020,1517434,40039,1255779,Maharashtra,123144223
10792,305,10461,10/11/2020,1528226,40344,1266240,Maharashtra,123144223
7089,169,15656,10/12/2020,1535315,40513,1281896,Maharashtra,123144223
8522,187,15356,10/13/2020,1543837,40700,1297252,Maharashtra,123144223
10552,158,19517,10/14/2020,1554389,40858,1316769,Maharashtra,123144223
10226,337,13714,10/15/2020,1564615,41195,1330483,Maharashtra,123144223
11447,306,13885,10/16/2020,1576062,41501,1344368,Maharashtra,123144223
10259,463,14238,10/17/2020,1586321,41964,1358606,Maharashtra,123144223
9060,150,11204,10/18/2020,1595381,42114,1369810,Maharashtra,123144223
5984,125,15069,10/19/2020,1601365,42239,1384879,Maharashtra,123144223
8151,213,7429,10/20/2020,1609516,42452,1392308,Maharashtra,123144223
8142,180,23371,10/21/2020,1617658,42632,1415679,Maharashtra,123144223
7539,198,16177,10/22/2020,1625197,42830,1431856,Maharashtra,123144223
0,0,0,3/14/2020,0,0,0,Manipur,3091545
0,0,0,3/15/2020,0,0,0,Manipur,3091545
0,0,0,3/16/2020,0,0,0,Manipur,3091545
0,0,0,3/17/2020,0,0,0,Manipur,3091545
0,0,0,3/18/2020,0,0,0,Manipur,3091545
0,0,0,3/19/2020,0,0,0,Manipur,3091545
0,0,0,3/20/2020,0,0,0,Manipur,3091545
0,0,0,3/21/2020,0,0,0,Manipur,3091545
0,0,0,3/22/2020,0,0,0,Manipur,3091545
0,0,0,3/23/2020,0,0,0,Manipur,3091545
1,0,0,3/24/2020,1,0,0,Manipur,3091545
0,0,0,3/25/2020,1,0,0,Manipur,3091545
0,0,0,3/26/2020,1,0,0,Manipur,3091545
0,0,0,3/27/2020,1,0,0,Manipur,3091545
0,0,0,3/28/2020,1,0,0,Manipur,3091545
0,0,0,3/29/2020,1,0,0,Manipur,3091545
0,0,0,3/30/2020,1,0,0,Manipur,3091545
0,0,0,3/31/2020,1,0,0,Manipur,3091545
0,0,0,4/1/2020,1,0,0,Manipur,3091545
1,0,0,4/2/2020,2,0,0,Manipur,3091545
0,0,0,4/3/2020,2,0,0,Manipur,3091545
0,0,0,4/4/2020,2,0,0,Manipur,3091545
0,0,0,4/5/2020,2,0,0,Manipur,3091545
0,0,1,4/6/2020,2,0,1,Manipur,3091545
0,0,0,4/7/2020,2,0,1,Manipur,3091545
0,0,0,4/8/2020,2,0,1,Manipur,3091545
0,0,0,4/9/2020,2,0,1,Manipur,3091545
0,0,0,4/10/2020,2,0,1,Manipur,3091545
0,0,0,4/11/2020,2,0,1,Manipur,3091545
0,0,0,4/12/2020,2,0,1,Manipur,3091545
0,0,0,4/13/2020,2,0,1,Manipur,3091545
0,0,0,4/14/2020,2,0,1,Manipur,3091545
0,0,0,4/15/2020,2,0,1,Manipur,3091545
0,0,0,4/16/2020,2,0,1,Manipur,3091545
0,0,0,4/17/2020,2,0,1,Manipur,3091545
0,0,0,4/18/2020,2,0,1,Manipur,3091545
0,0,0,4/19/2020,2,0,1,Manipur,3091545
0,0,1,4/20/2020,2,0,2,Manipur,3091545
0,0,0,4/21/2020,2,0,2,Manipur,3091545
0,0,0,4/22/2020,2,0,2,Manipur,3091545
0,0,0,4/23/2020,2,0,2,Manipur,3091545
0,0,0,4/24/2020,2,0,2,Manipur,3091545
0,0,0,4/25/2020,2,0,2,Manipur,3091545
0,0,0,4/26/2020,2,0,2,Manipur,3091545
0,0,0,4/27/2020,2,0,2,Manipur,3091545
0,0,0,4/28/2020,2,0,2,Manipur,3091545
0,0,0,4/29/2020,2,0,2,Manipur,3091545
0,0,0,4/30/2020,2,0,2,Manipur,3091545
0,0,0,5/1/2020,2,0,2,Manipur,3091545
0,0,0,5/2/2020,2,0,2,Manipur,3091545
0,0,0,5/3/2020,2,0,2,Manipur,3091545
0,0,0,5/4/2020,2,0,2,Manipur,3091545
0,0,0,5/5/2020,2,0,2,Manipur,3091545
0,0,0,5/6/2020,2,0,2,Manipur,3091545
0,0,0,5/7/2020,2,0,2,Manipur,3091545
0,0,0,5/8/2020,2,0,2,Manipur,3091545
0,0,0,5/9/2020,2,0,2,Manipur,3091545
0,0,0,5/10/2020,2,0,2,Manipur,3091545
0,0,0,5/11/2020,2,0,2,Manipur,3091545
0,0,0,5/12/2020,2,0,2,Manipur,3091545
0,0,0,5/13/2020,2,0,2,Manipur,3091545
1,0,0,5/14/2020,3,0,2,Manipur,3091545
0,0,0,5/15/2020,3,0,2,Manipur,3091545
4,0,0,5/16/2020,7,0,2,Manipur,3091545
0,0,0,5/17/2020,7,0,2,Manipur,3091545
0,0,0,5/18/2020,7,0,2,Manipur,3091545
2,0,0,5/19/2020,9,0,2,Manipur,3091545
16,0,0,5/20/2020,25,0,2,Manipur,3091545
0,0,0,5/21/2020,25,0,2,Manipur,3091545
1,0,0,5/22/2020,26,0,2,Manipur,3091545
3,0,0,5/23/2020,29,0,2,Manipur,3091545
3,0,2,5/24/2020,32,0,4,Manipur,3091545
4,0,0,5/25/2020,36,0,4,Manipur,3091545
3,0,0,5/26/2020,39,0,4,Manipur,3091545
5,0,0,5/27/2020,44,0,4,Manipur,3091545
11,0,0,5/28/2020,55,0,4,Manipur,3091545
4,0,2,5/29/2020,59,0,6,Manipur,3091545
1,0,0,5/30/2020,60,0,6,Manipur,3091545
11,0,5,5/31/2020,71,0,11,Manipur,3091545
12,0,0,6/1/2020,83,0,11,Manipur,3091545
6,0,3,6/2/2020,89,0,14,Manipur,3091545
19,0,24,6/3/2020,108,0,38,Manipur,3091545
16,0,0,6/4/2020,124,0,38,Manipur,3091545
8,0,0,6/5/2020,132,0,38,Manipur,3091545
25,0,14,6/6/2020,157,0,52,Manipur,3091545
15,0,0,6/7/2020,172,0,52,Manipur,3091545
100,0,6,6/8/2020,272,0,58,Manipur,3091545
32,0,6,6/9/2020,304,0,64,Manipur,3091545
7,0,0,6/10/2020,311,0,64,Manipur,3091545
55,0,9,6/11/2020,366,0,73,Manipur,3091545
19,0,0,6/12/2020,385,0,73,Manipur,3091545
64,0,0,6/13/2020,449,0,73,Manipur,3091545
9,0,18,6/14/2020,458,0,91,Manipur,3091545
32,0,60,6/15/2020,490,0,151,Manipur,3091545
10,0,8,6/16/2020,500,0,159,Manipur,3091545
52,0,33,6/17/2020,552,0,192,Manipur,3091545
54,0,7,6/18/2020,606,0,199,Manipur,3091545
75,0,19,6/19/2020,681,0,218,Manipur,3091545
96,0,14,6/20/2020,777,0,232,Manipur,3091545
64,0,18,6/21/2020,841,0,250,Manipur,3091545
57,0,0,6/22/2020,898,0,250,Manipur,3091545
23,0,8,6/23/2020,921,0,258,Manipur,3091545
49,0,70,6/24/2020,970,0,328,Manipur,3091545
86,0,26,6/25/2020,1056,0,354,Manipur,3091545
19,0,39,6/26/2020,1075,0,393,Manipur,3091545
17,0,39,6/27/2020,1092,0,432,Manipur,3091545
93,0,23,6/28/2020,1185,0,455,Manipur,3091545
42,0,39,6/29/2020,1227,0,494,Manipur,3091545
7,0,59,6/30/2020,1234,0,553,Manipur,3091545
26,0,26,7/1/2020,1260,0,579,Manipur,3091545
19,0,37,7/2/2020,1279,0,616,Manipur,3091545
37,0,23,7/3/2020,1316,0,639,Manipur,3091545
9,0,28,7/4/2020,1325,0,667,Manipur,3091545
41,0,22,7/5/2020,1366,0,689,Manipur,3091545
24,0,45,7/6/2020,1390,0,734,Manipur,3091545
40,0,37,7/7/2020,1430,0,771,Manipur,3091545
5,0,22,7/8/2020,1435,0,793,Manipur,3091545
15,0,6,7/9/2020,1450,0,799,Manipur,3091545
132,0,33,7/10/2020,1582,0,832,Manipur,3091545
11,0,11,7/11/2020,1593,0,843,Manipur,3091545
16,0,53,7/12/2020,1609,0,896,Manipur,3091545
17,0,74,7/13/2020,1626,0,970,Manipur,3091545
46,0,50,7/14/2020,1672,0,1020,Manipur,3091545
28,0,60,7/15/2020,1700,0,1080,Manipur,3091545
64,0,49,7/16/2020,1764,0,1129,Manipur,3091545
36,0,34,7/17/2020,1800,0,1163,Manipur,3091545
91,0,19,7/18/2020,1891,0,1182,Manipur,3091545
20,0,53,7/19/2020,1911,0,1235,Manipur,3091545
14,0,85,7/20/2020,1925,0,1320,Manipur,3091545
90,0,64,7/21/2020,2015,0,1384,Manipur,3091545
45,0,34,7/22/2020,2060,0,1418,Manipur,3091545
55,0,42,7/23/2020,2115,0,1460,Manipur,3091545
31,0,31,7/24/2020,2146,0,1491,Manipur,3091545
30,0,29,7/25/2020,2176,0,1520,Manipur,3091545
59,0,1,7/26/2020,2235,0,1521,Manipur,3091545
51,0,38,7/27/2020,2286,0,1559,Manipur,3091545
31,0,56,7/28/2020,2317,0,1615,Manipur,3091545
141,1,38,7/29/2020,2458,1,1653,Manipur,3091545
47,3,19,7/30/2020,2505,4,1672,Manipur,3091545
116,1,17,7/31/2020,2621,5,1689,Manipur,3091545
135,1,10,8/1/2020,2756,6,1699,Manipur,3091545
75,1,38,8/2/2020,2831,7,1737,Manipur,3091545
89,0,29,8/3/2020,2920,7,1766,Manipur,3091545
98,0,48,8/4/2020,3018,7,1814,Manipur,3091545
75,0,48,8/5/2020,3093,7,1862,Manipur,3091545
124,1,43,8/6/2020,3217,8,1905,Manipur,3091545
249,2,21,8/7/2020,3466,10,1926,Manipur,3091545
169,1,1,8/8/2020,3635,11,1927,Manipur,3091545
118,0,117,8/9/2020,3753,11,2044,Manipur,3091545
100,0,78,8/10/2020,3853,11,2122,Manipur,3091545
88,1,33,8/11/2020,3941,12,2155,Manipur,3091545
41,0,76,8/12/2020,3982,12,2231,Manipur,3091545
130,1,64,8/13/2020,4112,13,2295,Manipur,3091545
86,0,65,8/14/2020,4198,13,2360,Manipur,3091545
192,0,78,8/15/2020,4390,13,2438,Manipur,3091545
179,3,194,8/16/2020,4569,16,2632,Manipur,3091545
118,1,102,8/17/2020,4687,17,2734,Manipur,3091545
78,1,55,8/18/2020,4765,18,2789,Manipur,3091545
111,0,96,8/19/2020,4876,18,2885,Manipur,3091545
49,0,117,8/20/2020,4925,18,3002,Manipur,3091545
124,2,259,8/21/2020,5049,20,3261,Manipur,3091545
83,2,194,8/22/2020,5132,22,3455,Manipur,3091545
114,0,161,8/23/2020,5246,22,3616,Manipur,3091545
116,0,97,8/24/2020,5362,22,3713,Manipur,3091545
82,2,99,8/25/2020,5444,24,3812,Manipur,3091545
141,1,17,8/26/2020,5585,25,3829,Manipur,3091545
140,0,128,8/27/2020,5725,25,3957,Manipur,3091545
118,2,100,8/28/2020,5843,27,4057,Manipur,3091545
117,1,129,8/29/2020,5960,28,4186,Manipur,3091545
152,0,53,8/30/2020,6112,28,4239,Manipur,3091545
140,0,91,8/31/2020,6252,28,4330,Manipur,3091545
130,1,120,9/1/2020,6382,29,4450,Manipur,3091545
125,0,157,9/2/2020,6507,29,4607,Manipur,3091545
102,3,167,9/3/2020,6609,32,4774,Manipur,3091545
90,3,125,9/4/2020,6699,35,4899,Manipur,3091545
184,1,76,9/5/2020,6883,36,4975,Manipur,3091545
139,2,189,9/6/2020,7022,38,5164,Manipur,3091545
84,0,194,9/7/2020,7106,38,5358,Manipur,3091545
96,1,126,9/8/2020,7202,39,5484,Manipur,3091545
160,1,64,9/9/2020,7362,40,5548,Manipur,3091545
108,4,245,9/10/2020,7470,44,5793,Manipur,3091545
109,0,209,9/11/2020,7579,44,6002,Manipur,3091545
152,1,100,9/12/2020,7731,45,6102,Manipur,3091545
144,1,89,9/13/2020,7875,46,6191,Manipur,3091545
96,0,149,9/14/2020,7971,46,6340,Manipur,3091545
239,1,78,9/15/2020,8210,47,6418,Manipur,3091545
110,1,103,9/16/2020,8320,48,6521,Manipur,3091545
110,3,18,9/17/2020,8430,51,6539,Manipur,3091545
177,1,90,9/18/2020,8607,52,6629,Manipur,3091545
117,3,94,9/19/2020,8724,55,6723,Manipur,3091545
170,2,44,9/20/2020,8894,57,6767,Manipur,3091545
116,2,71,9/21/2020,9010,59,6838,Manipur,3091545
270,1,49,9/22/2020,9280,60,6887,Manipur,3091545
96,2,221,9/23/2020,9376,62,7108,Manipur,3091545
161,0,261,9/24/2020,9537,62,7369,Manipur,3091545
254,1,233,9/25/2020,9791,63,7602,Manipur,3091545
260,1,79,9/26/2020,10051,64,7681,Manipur,3091545
248,0,195,9/27/2020,10299,64,7876,Manipur,3091545
178,0,106,9/28/2020,10477,64,7982,Manipur,3091545
269,1,57,9/29/2020,10746,65,8039,Manipur,3091545
237,2,421,9/30/2020,10983,67,8460,Manipur,3091545
128,1,181,10/1/2020,11111,68,8641,Manipur,3091545
286,1,351,10/2/2020,11397,69,8992,Manipur,3091545
252,2,89,10/3/2020,11649,71,9081,Manipur,3091545
206,3,124,10/4/2020,11855,74,9205,Manipur,3091545
250,1,129,10/5/2020,12105,75,9334,Manipur,3091545
135,3,148,10/6/2020,12240,78,9482,Manipur,3091545
249,2,122,10/7/2020,12489,80,9604,Manipur,3091545
190,3,115,10/8/2020,12679,83,9719,Manipur,3091545
131,3,147,10/9/2020,12810,86,9866,Manipur,3091545
282,2,440,10/10/2020,13092,88,10306,Manipur,3091545
234,3,198,10/11/2020,13326,91,10504,Manipur,3091545
230,2,203,10/12/2020,13556,93,10707,Manipur,3091545
237,4,122,10/13/2020,13793,97,10829,Manipur,3091545
301,6,86,10/14/2020,14094,103,10915,Manipur,3091545
284,1,166,10/15/2020,14378,104,11081,Manipur,3091545
337,5,164,10/16/2020,14715,109,11245,Manipur,3091545
426,2,198,10/17/2020,15141,111,11443,Manipur,3091545
322,5,298,10/18/2020,15463,116,11741,Manipur,3091545
315,1,172,10/19/2020,15778,117,11913,Manipur,3091545
284,4,146,10/20/2020,16062,121,12059,Manipur,3091545
214,3,138,10/21/2020,16276,124,12197,Manipur,3091545
345,3,196,10/22/2020,16621,127,12393,Manipur,3091545
0,0,0,3/14/2020,0,0,0,Meghalaya,3366710
0,0,0,3/15/2020,0,0,0,Meghalaya,3366710
0,0,0,3/16/2020,0,0,0,Meghalaya,3366710
0,0,0,3/17/2020,0,0,0,Meghalaya,3366710
0,0,0,3/18/2020,0,0,0,Meghalaya,3366710
0,0,0,3/19/2020,0,0,0,Meghalaya,3366710
0,0,0,3/20/2020,0,0,0,Meghalaya,3366710
0,0,0,3/21/2020,0,0,0,Meghalaya,3366710
0,0,0,3/22/2020,0,0,0,Meghalaya,3366710
0,0,0,3/23/2020,0,0,0,Meghalaya,3366710
0,0,0,3/24/2020,0,0,0,Meghalaya,3366710
0,0,0,3/25/2020,0,0,0,Meghalaya,3366710
0,0,0,3/26/2020,0,0,0,Meghalaya,3366710
0,0,0,3/27/2020,0,0,0,Meghalaya,3366710
0,0,0,3/28/2020,0,0,0,Meghalaya,3366710
0,0,0,3/29/2020,0,0,0,Meghalaya,3366710
0,0,0,3/30/2020,0,0,0,Meghalaya,3366710
0,0,0,3/31/2020,0,0,0,Meghalaya,3366710
0,0,0,4/1/2020,0,0,0,Meghalaya,3366710
0,0,0,4/2/2020,0,0,0,Meghalaya,3366710
0,0,0,4/3/2020,0,0,0,Meghalaya,3366710
0,0,0,4/4/2020,0,0,0,Meghalaya,3366710
0,0,0,4/5/2020,0,0,0,Meghalaya,3366710
0,0,0,4/6/2020,0,0,0,Meghalaya,3366710
0,0,0,4/7/2020,0,0,0,Meghalaya,3366710
0,0,0,4/8/2020,0,0,0,Meghalaya,3366710
0,0,0,4/9/2020,0,0,0,Meghalaya,3366710
0,0,0,4/10/2020,0,0,0,Meghalaya,3366710
0,0,0,4/11/2020,0,0,0,Meghalaya,3366710
0,0,0,4/12/2020,0,0,0,Meghalaya,3366710
1,0,0,4/13/2020,1,0,0,Meghalaya,3366710
0,0,0,4/14/2020,1,0,0,Meghalaya,3366710
6,1,0,4/15/2020,7,1,0,Meghalaya,3366710
2,0,0,4/16/2020,9,1,0,Meghalaya,3366710
0,0,0,4/17/2020,9,1,0,Meghalaya,3366710
2,0,0,4/18/2020,11,1,0,Meghalaya,3366710
0,0,0,4/19/2020,11,1,0,Meghalaya,3366710
0,0,0,4/20/2020,11,1,0,Meghalaya,3366710
1,0,0,4/21/2020,12,1,0,Meghalaya,3366710
0,0,0,4/22/2020,12,1,0,Meghalaya,3366710
0,0,0,4/23/2020,12,1,0,Meghalaya,3366710
0,0,0,4/24/2020,12,1,0,Meghalaya,3366710
0,0,0,4/25/2020,12,1,0,Meghalaya,3366710
0,0,0,4/26/2020,12,1,0,Meghalaya,3366710
0,0,0,4/27/2020,12,1,0,Meghalaya,3366710
0,0,0,4/28/2020,12,1,0,Meghalaya,3366710
0,0,0,4/29/2020,12,1,0,Meghalaya,3366710
0,0,0,4/30/2020,12,1,0,Meghalaya,3366710
0,0,10,5/1/2020,12,1,10,Meghalaya,3366710
0,0,0,5/2/2020,12,1,10,Meghalaya,3366710
0,0,0,5/3/2020,12,1,10,Meghalaya,3366710
0,0,0,5/4/2020,12,1,10,Meghalaya,3366710
0,0,0,5/5/2020,12,1,10,Meghalaya,3366710
0,0,0,5/6/2020,12,1,10,Meghalaya,3366710
0,0,0,5/7/2020,12,1,10,Meghalaya,3366710
0,0,0,5/8/2020,12,1,10,Meghalaya,3366710
1,0,0,5/9/2020,13,1,10,Meghalaya,3366710
0,0,0,5/10/2020,13,1,10,Meghalaya,3366710
0,0,0,5/11/2020,13,1,10,Meghalaya,3366710
0,0,0,5/12/2020,13,1,10,Meghalaya,3366710
0,0,1,5/13/2020,13,1,11,Meghalaya,3366710
0,0,0,5/14/2020,13,1,11,Meghalaya,3366710
0,0,0,5/15/2020,13,1,11,Meghalaya,3366710
0,0,0,5/16/2020,13,1,11,Meghalaya,3366710
0,0,0,5/17/2020,13,1,11,Meghalaya,3366710
0,0,1,5/18/2020,13,1,12,Meghalaya,3366710
0,0,0,5/19/2020,13,1,12,Meghalaya,3366710
1,0,0,5/20/2020,14,1,12,Meghalaya,3366710
0,0,0,5/21/2020,14,1,12,Meghalaya,3366710
0,0,0,5/22/2020,14,1,12,Meghalaya,3366710
0,0,0,5/23/2020,14,1,12,Meghalaya,3366710
0,0,0,5/24/2020,14,1,12,Meghalaya,3366710
1,0,0,5/25/2020,15,1,12,Meghalaya,3366710
5,0,0,5/26/2020,20,1,12,Meghalaya,3366710
0,0,0,5/27/2020,20,1,12,Meghalaya,3366710
1,0,0,5/28/2020,21,1,12,Meghalaya,3366710
6,0,0,5/29/2020,27,1,12,Meghalaya,3366710
0,0,0,5/30/2020,27,1,12,Meghalaya,3366710
0,0,0,5/31/2020,27,1,12,Meghalaya,3366710
1,0,0,6/1/2020,28,1,12,Meghalaya,3366710
2,0,0,6/2/2020,30,1,12,Meghalaya,3366710
3,0,1,6/3/2020,33,1,13,Meghalaya,3366710
0,0,0,6/4/2020,33,1,13,Meghalaya,3366710
0,0,0,6/5/2020,33,1,13,Meghalaya,3366710
0,0,0,6/6/2020,33,1,13,Meghalaya,3366710
3,0,0,6/7/2020,36,1,13,Meghalaya,3366710
3,0,0,6/8/2020,39,1,13,Meghalaya,3366710
4,0,0,6/9/2020,43,1,13,Meghalaya,3366710
1,0,0,6/10/2020,44,1,13,Meghalaya,3366710
0,0,5,6/11/2020,44,1,18,Meghalaya,3366710
0,0,4,6/12/2020,44,1,22,Meghalaya,3366710
0,0,1,6/13/2020,44,1,23,Meghalaya,3366710
0,0,3,6/14/2020,44,1,26,Meghalaya,3366710
0,0,0,6/15/2020,44,1,26,Meghalaya,3366710
0,0,2,6/16/2020,44,1,28,Meghalaya,3366710
-1,0,3,6/17/2020,43,1,31,Meghalaya,3366710
0,0,1,6/18/2020,43,1,32,Meghalaya,3366710
0,0,0,6/19/2020,43,1,32,Meghalaya,3366710
0,0,0,6/20/2020,43,1,32,Meghalaya,3366710
0,0,5,6/21/2020,43,1,37,Meghalaya,3366710
2,0,0,6/22/2020,45,1,37,Meghalaya,3366710
1,0,4,6/23/2020,46,1,41,Meghalaya,3366710
0,0,0,6/24/2020,46,1,41,Meghalaya,3366710
0,0,1,6/25/2020,46,1,42,Meghalaya,3366710
2,0,0,6/26/2020,48,1,42,Meghalaya,3366710
0,0,0,6/27/2020,48,1,42,Meghalaya,3366710
2,0,0,6/28/2020,50,1,42,Meghalaya,3366710
1,0,0,6/29/2020,51,1,42,Meghalaya,3366710
2,0,0,6/30/2020,53,1,42,Meghalaya,3366710
2,0,0,7/1/2020,55,1,42,Meghalaya,3366710
3,0,1,7/2/2020,58,1,43,Meghalaya,3366710
4,0,0,7/3/2020,62,1,43,Meghalaya,3366710
8,0,0,7/4/2020,70,1,43,Meghalaya,3366710
2,0,0,7/5/2020,72,1,43,Meghalaya,3366710
16,0,0,7/6/2020,88,1,43,Meghalaya,3366710
6,0,0,7/7/2020,94,1,43,Meghalaya,3366710
6,1,2,7/8/2020,100,2,45,Meghalaya,3366710
13,0,0,7/9/2020,113,2,45,Meghalaya,3366710
73,0,0,7/10/2020,186,2,45,Meghalaya,3366710
76,0,0,7/11/2020,262,2,45,Meghalaya,3366710
33,0,0,7/12/2020,295,2,45,Meghalaya,3366710
21,0,1,7/13/2020,316,2,46,Meghalaya,3366710
2,0,0,7/14/2020,318,2,46,Meghalaya,3366710
19,0,0,7/15/2020,337,2,46,Meghalaya,3366710
40,0,3,7/16/2020,377,2,49,Meghalaya,3366710
26,0,0,7/17/2020,403,2,49,Meghalaya,3366710
15,0,0,7/18/2020,418,2,49,Meghalaya,3366710
32,2,0,7/19/2020,450,4,49,Meghalaya,3366710
19,0,3,7/20/2020,469,4,52,Meghalaya,3366710
21,0,18,7/21/2020,490,4,70,Meghalaya,3366710
24,0,7,7/22/2020,514,4,77,Meghalaya,3366710
20,0,5,7/23/2020,534,4,82,Meghalaya,3366710
53,1,5,7/24/2020,587,5,87,Meghalaya,3366710
59,0,7,7/25/2020,646,5,94,Meghalaya,3366710
56,0,41,7/26/2020,702,5,135,Meghalaya,3366710
36,0,51,7/27/2020,738,5,186,Meghalaya,3366710
41,0,8,7/28/2020,779,5,194,Meghalaya,3366710
5,0,13,7/29/2020,784,5,207,Meghalaya,3366710
19,0,3,7/30/2020,803,5,210,Meghalaya,3366710
20,0,5,7/31/2020,823,5,215,Meghalaya,3366710
33,0,37,8/1/2020,856,5,252,Meghalaya,3366710
18,0,12,8/2/2020,874,5,264,Meghalaya,3366710
28,0,0,8/3/2020,902,5,264,Meghalaya,3366710
15,0,66,8/4/2020,917,5,330,Meghalaya,3366710
22,0,9,8/5/2020,939,5,339,Meghalaya,3366710
51,0,6,8/6/2020,990,5,345,Meghalaya,3366710
16,0,66,8/7/2020,1006,5,411,Meghalaya,3366710
17,1,12,8/8/2020,1023,6,423,Meghalaya,3366710
39,0,67,8/9/2020,1062,6,490,Meghalaya,3366710
53,0,8,8/10/2020,1115,6,498,Meghalaya,3366710
27,0,12,8/11/2020,1142,6,510,Meghalaya,3366710
37,0,7,8/12/2020,1179,6,517,Meghalaya,3366710
14,0,30,8/13/2020,1193,6,547,Meghalaya,3366710
35,0,34,8/14/2020,1228,6,581,Meghalaya,3366710
64,0,15,8/15/2020,1292,6,596,Meghalaya,3366710
82,0,79,8/16/2020,1374,6,675,Meghalaya,3366710
44,0,4,8/17/2020,1418,6,679,Meghalaya,3366710
39,0,6,8/18/2020,1457,6,685,Meghalaya,3366710
78,0,40,8/19/2020,1535,6,725,Meghalaya,3366710
126,0,5,8/20/2020,1661,6,730,Meghalaya,3366710
57,0,19,8/21/2020,1718,6,749,Meghalaya,3366710
93,1,20,8/22/2020,1811,7,769,Meghalaya,3366710
106,1,7,8/23/2020,1917,8,776,Meghalaya,3366710
59,0,13,8/24/2020,1976,8,789,Meghalaya,3366710
42,0,43,8/25/2020,2018,8,832,Meghalaya,3366710
32,0,42,8/26/2020,2050,8,874,Meghalaya,3366710
80,1,25,8/27/2020,2130,9,899,Meghalaya,3366710
110,1,59,8/28/2020,2240,10,958,Meghalaya,3366710
43,0,77,8/29/2020,2283,10,1035,Meghalaya,3366710
60,0,14,8/30/2020,2343,10,1049,Meghalaya,3366710
25,0,113,8/31/2020,2368,10,1162,Meghalaya,3366710
72,2,73,9/1/2020,2440,12,1235,Meghalaya,3366710
77,1,83,9/2/2020,2517,13,1318,Meghalaya,3366710
109,0,75,9/3/2020,2626,13,1393,Meghalaya,3366710
108,1,75,9/4/2020,2734,14,1468,Meghalaya,3366710
182,1,59,9/5/2020,2916,15,1527,Meghalaya,3366710
89,1,29,9/6/2020,3005,16,1556,Meghalaya,3366710
29,1,4,9/7/2020,3034,17,1560,Meghalaya,3366710
42,0,156,9/8/2020,3076,17,1716,Meghalaya,3366710
121,2,107,9/9/2020,3197,19,1823,Meghalaya,3366710
99,1,19,9/10/2020,3296,20,1842,Meghalaya,3366710
151,4,47,9/11/2020,3447,24,1889,Meghalaya,3366710
168,1,131,9/12/2020,3615,25,2020,Meghalaya,3366710
109,1,55,9/13/2020,3724,26,2075,Meghalaya,3366710
139,2,76,9/14/2020,3863,28,2151,Meghalaya,3366710
174,1,39,9/15/2020,4037,29,2190,Meghalaya,3366710
158,0,74,9/16/2020,4195,29,2264,Meghalaya,3366710
162,3,78,9/17/2020,4357,32,2342,Meghalaya,3366710
90,2,95,9/18/2020,4447,34,2437,Meghalaya,3366710
112,2,46,9/19/2020,4559,36,2483,Meghalaya,3366710
101,0,30,9/20/2020,4660,36,2513,Meghalaya,3366710
73,2,15,9/21/2020,4733,38,2528,Meghalaya,3366710
58,2,179,9/22/2020,4791,40,2707,Meghalaya,3366710
170,2,152,9/23/2020,4961,42,2859,Meghalaya,3366710
122,1,199,9/24/2020,5083,43,3058,Meghalaya,3366710
75,0,285,9/25/2020,5158,43,3343,Meghalaya,3366710
54,0,311,9/26/2020,5212,43,3654,Meghalaya,3366710
90,0,125,9/27/2020,5302,43,3779,Meghalaya,3366710
60,3,89,9/28/2020,5362,46,3868,Meghalaya,3366710
101,1,72,9/29/2020,5463,47,3940,Meghalaya,3366710
176,2,35,9/30/2020,5639,49,3975,Meghalaya,3366710
163,2,26,10/1/2020,5802,51,4001,Meghalaya,3366710
231,1,225,10/2/2020,6033,52,4226,Meghalaya,3366710
423,2,93,10/3/2020,6456,54,4319,Meghalaya,3366710
200,0,74,10/4/2020,6656,54,4393,Meghalaya,3366710
111,5,98,10/5/2020,6767,59,4491,Meghalaya,3366710
270,1,115,10/6/2020,7037,60,4606,Meghalaya,3366710
128,0,88,10/7/2020,7165,60,4694,Meghalaya,3366710
96,0,138,10/8/2020,7261,60,4832,Meghalaya,3366710
127,1,71,10/9/2020,7388,61,4903,Meghalaya,3366710
156,1,142,10/10/2020,7544,62,5045,Meghalaya,3366710
139,1,97,10/11/2020,7683,63,5142,Meghalaya,3366710
88,1,131,10/12/2020,7771,64,5273,Meghalaya,3366710
67,1,133,10/13/2020,7838,65,5406,Meghalaya,3366710
153,5,176,10/14/2020,7991,70,5582,Meghalaya,3366710
173,3,64,10/15/2020,8164,73,5646,Meghalaya,3366710
139,2,90,10/16/2020,8303,75,5736,Meghalaya,3366710
101,0,298,10/17/2020,8404,75,6034,Meghalaya,3366710
104,0,248,10/18/2020,8508,75,6282,Meghalaya,3366710
28,0,110,10/19/2020,8536,75,6392,Meghalaya,3366710
113,1,210,10/20/2020,8649,76,6602,Meghalaya,3366710
28,1,177,10/21/2020,8677,77,6779,Meghalaya,3366710
0,0,0,10/22/2020,8677,77,6779,Meghalaya,3366710
0,0,0,3/14/2020,0,0,0,Mizoram,1239244
0,0,0,3/15/2020,0,0,0,Mizoram,1239244
0,0,0,3/16/2020,0,0,0,Mizoram,1239244
0,0,0,3/17/2020,0,0,0,Mizoram,1239244
0,0,0,3/18/2020,0,0,0,Mizoram,1239244
0,0,0,3/19/2020,0,0,0,Mizoram,1239244
0,0,0,3/20/2020,0,0,0,Mizoram,1239244
0,0,0,3/21/2020,0,0,0,Mizoram,1239244
0,0,0,3/22/2020,0,0,0,Mizoram,1239244
0,0,0,3/23/2020,0,0,0,Mizoram,1239244
0,0,0,3/24/2020,0,0,0,Mizoram,1239244
1,0,0,3/25/2020,1,0,0,Mizoram,1239244
0,0,0,3/26/2020,1,0,0,Mizoram,1239244
0,0,0,3/27/2020,1,0,0,Mizoram,1239244
0,0,0,3/28/2020,1,0,0,Mizoram,1239244
0,0,0,3/29/2020,1,0,0,Mizoram,1239244
0,0,0,3/30/2020,1,0,0,Mizoram,1239244
0,0,0,3/31/2020,1,0,0,Mizoram,1239244
0,0,0,4/1/2020,1,0,0,Mizoram,1239244
0,0,0,4/2/2020,1,0,0,Mizoram,1239244
0,0,0,4/3/2020,1,0,0,Mizoram,1239244
0,0,0,4/4/2020,1,0,0,Mizoram,1239244
0,0,0,4/5/2020,1,0,0,Mizoram,1239244
0,0,0,4/6/2020,1,0,0,Mizoram,1239244
0,0,0,4/7/2020,1,0,0,Mizoram,1239244
0,0,0,4/8/2020,1,0,0,Mizoram,1239244
0,0,0,4/9/2020,1,0,0,Mizoram,1239244
0,0,0,4/10/2020,1,0,0,Mizoram,1239244
0,0,0,4/11/2020,1,0,0,Mizoram,1239244
0,0,0,4/12/2020,1,0,0,Mizoram,1239244
0,0,0,4/13/2020,1,0,0,Mizoram,1239244
0,0,0,4/14/2020,1,0,0,Mizoram,1239244
0,0,0,4/15/2020,1,0,0,Mizoram,1239244
0,0,0,4/16/2020,1,0,0,Mizoram,1239244
0,0,0,4/17/2020,1,0,0,Mizoram,1239244
0,0,0,4/18/2020,1,0,0,Mizoram,1239244
0,0,0,4/19/2020,1,0,0,Mizoram,1239244
0,0,0,4/20/2020,1,0,0,Mizoram,1239244
0,0,0,4/21/2020,1,0,0,Mizoram,1239244
0,0,0,4/22/2020,1,0,0,Mizoram,1239244
0,0,0,4/23/2020,1,0,0,Mizoram,1239244
0,0,0,4/24/2020,1,0,0,Mizoram,1239244
0,0,0,4/25/2020,1,0,0,Mizoram,1239244
0,0,0,4/26/2020,1,0,0,Mizoram,1239244
0,0,0,4/27/2020,1,0,0,Mizoram,1239244
0,0,0,4/28/2020,1,0,0,Mizoram,1239244
0,0,0,4/29/2020,1,0,0,Mizoram,1239244
0,0,0,4/30/2020,1,0,0,Mizoram,1239244
0,0,0,5/1/2020,1,0,0,Mizoram,1239244
0,0,0,5/2/2020,1,0,0,Mizoram,1239244
0,0,0,5/3/2020,1,0,0,Mizoram,1239244
0,0,0,5/4/2020,1,0,0,Mizoram,1239244
0,0,1,5/5/2020,1,0,1,Mizoram,1239244
0,0,0,5/6/2020,1,0,1,Mizoram,1239244
0,0,0,5/7/2020,1,0,1,Mizoram,1239244
0,0,0,5/8/2020,1,0,1,Mizoram,1239244
0,0,0,5/9/2020,1,0,1,Mizoram,1239244
0,0,0,5/10/2020,1,0,1,Mizoram,1239244
0,0,0,5/11/2020,1,0,1,Mizoram,1239244
0,0,0,5/12/2020,1,0,1,Mizoram,1239244
0,0,0,5/13/2020,1,0,1,Mizoram,1239244
0,0,0,5/14/2020,1,0,1,Mizoram,1239244
0,0,0,5/15/2020,1,0,1,Mizoram,1239244
0,0,0,5/16/2020,1,0,1,Mizoram,1239244
0,0,0,5/17/2020,1,0,1,Mizoram,1239244
0,0,0,5/18/2020,1,0,1,Mizoram,1239244
0,0,0,5/19/2020,1,0,1,Mizoram,1239244
0,0,0,5/20/2020,1,0,1,Mizoram,1239244
0,0,0,5/21/2020,1,0,1,Mizoram,1239244
0,0,0,5/22/2020,1,0,1,Mizoram,1239244
0,0,0,5/23/2020,1,0,1,Mizoram,1239244
0,0,0,5/24/2020,1,0,1,Mizoram,1239244
0,0,0,5/25/2020,1,0,1,Mizoram,1239244
0,0,0,5/26/2020,1,0,1,Mizoram,1239244
0,0,0,5/27/2020,1,0,1,Mizoram,1239244
0,0,0,5/28/2020,1,0,1,Mizoram,1239244
0,0,0,5/29/2020,1,0,1,Mizoram,1239244
0,0,0,5/30/2020,1,0,1,Mizoram,1239244
0,0,0,5/31/2020,1,0,1,Mizoram,1239244
0,0,0,6/1/2020,1,0,1,Mizoram,1239244
12,0,0,6/2/2020,13,0,1,Mizoram,1239244
1,0,0,6/3/2020,14,0,1,Mizoram,1239244
3,0,0,6/4/2020,17,0,1,Mizoram,1239244
7,0,0,6/5/2020,24,0,1,Mizoram,1239244
0,0,0,6/6/2020,24,0,1,Mizoram,1239244
10,0,0,6/7/2020,34,0,1,Mizoram,1239244
8,0,0,6/8/2020,42,0,1,Mizoram,1239244
46,0,0,6/9/2020,88,0,1,Mizoram,1239244
5,0,0,6/10/2020,93,0,1,Mizoram,1239244
9,0,0,6/11/2020,102,0,1,Mizoram,1239244
2,0,0,6/12/2020,104,0,1,Mizoram,1239244
6,0,0,6/13/2020,110,0,1,Mizoram,1239244
2,0,0,6/14/2020,112,0,1,Mizoram,1239244
5,0,0,6/15/2020,117,0,1,Mizoram,1239244
4,0,0,6/16/2020,121,0,1,Mizoram,1239244
0,0,0,6/17/2020,121,0,1,Mizoram,1239244
9,0,0,6/18/2020,130,0,1,Mizoram,1239244
0,0,8,6/19/2020,130,0,9,Mizoram,1239244
10,0,0,6/20/2020,140,0,9,Mizoram,1239244
1,0,0,6/21/2020,141,0,9,Mizoram,1239244
1,0,3,6/22/2020,142,0,12,Mizoram,1239244
0,0,7,6/23/2020,142,0,19,Mizoram,1239244
3,0,5,6/24/2020,145,0,24,Mizoram,1239244
0,0,6,6/25/2020,145,0,30,Mizoram,1239244
2,0,17,6/26/2020,147,0,47,Mizoram,1239244
3,0,8,6/27/2020,150,0,55,Mizoram,1239244
1,0,0,6/28/2020,151,0,55,Mizoram,1239244
0,0,6,6/29/2020,151,0,61,Mizoram,1239244
9,0,61,6/30/2020,160,0,122,Mizoram,1239244
0,0,1,7/1/2020,160,0,123,Mizoram,1239244
2,0,3,7/2/2020,162,0,126,Mizoram,1239244
0,0,1,7/3/2020,162,0,127,Mizoram,1239244
2,0,3,7/4/2020,164,0,130,Mizoram,1239244
22,0,3,7/5/2020,186,0,133,Mizoram,1239244
11,0,0,7/6/2020,197,0,133,Mizoram,1239244
1,0,6,7/7/2020,198,0,139,Mizoram,1239244
5,0,4,7/8/2020,203,0,143,Mizoram,1239244
0,0,0,7/9/2020,203,0,143,Mizoram,1239244
23,0,0,7/10/2020,226,0,143,Mizoram,1239244
1,0,7,7/11/2020,227,0,150,Mizoram,1239244
4,0,0,7/12/2020,231,0,150,Mizoram,1239244
2,0,1,7/13/2020,233,0,151,Mizoram,1239244
5,0,8,7/14/2020,238,0,159,Mizoram,1239244
0,0,0,7/15/2020,238,0,159,Mizoram,1239244
34,0,1,7/16/2020,272,0,160,Mizoram,1239244
10,0,0,7/17/2020,282,0,160,Mizoram,1239244
2,0,7,7/18/2020,284,0,167,Mizoram,1239244
0,0,0,7/19/2020,284,0,167,Mizoram,1239244
13,0,1,7/20/2020,297,0,168,Mizoram,1239244
0,0,0,7/21/2020,297,0,168,Mizoram,1239244
20,0,11,7/22/2020,317,0,179,Mizoram,1239244
9,0,4,7/23/2020,326,0,183,Mizoram,1239244
6,0,0,7/24/2020,332,0,183,Mizoram,1239244
29,0,0,7/25/2020,361,0,183,Mizoram,1239244
0,0,10,7/26/2020,361,0,193,Mizoram,1239244
0,0,0,7/27/2020,361,0,193,Mizoram,1239244
23,0,5,7/28/2020,384,0,198,Mizoram,1239244
11,0,17,7/29/2020,395,0,215,Mizoram,1239244
13,0,19,7/30/2020,408,0,234,Mizoram,1239244
0,0,13,7/31/2020,408,0,247,Mizoram,1239244
5,0,6,8/1/2020,413,0,253,Mizoram,1239244
57,0,5,8/2/2020,470,0,258,Mizoram,1239244
26,0,8,8/3/2020,496,0,266,Mizoram,1239244
6,0,16,8/4/2020,502,0,282,Mizoram,1239244
3,0,4,8/5/2020,505,0,286,Mizoram,1239244
33,0,2,8/6/2020,538,0,288,Mizoram,1239244
21,0,0,8/7/2020,559,0,288,Mizoram,1239244
8,0,8,8/8/2020,567,0,296,Mizoram,1239244
41,0,2,8/9/2020,608,0,298,Mizoram,1239244
12,0,25,8/10/2020,620,0,323,Mizoram,1239244
3,0,0,8/11/2020,623,0,323,Mizoram,1239244
25,0,7,8/12/2020,648,0,330,Mizoram,1239244
1,0,13,8/13/2020,649,0,343,Mizoram,1239244
8,0,4,8/14/2020,657,0,347,Mizoram,1239244
56,0,9,8/15/2020,713,0,356,Mizoram,1239244
64,0,15,8/16/2020,777,0,371,Mizoram,1239244
12,0,1,8/17/2020,789,0,372,Mizoram,1239244
26,0,7,8/18/2020,815,0,379,Mizoram,1239244
45,0,5,8/19/2020,860,0,384,Mizoram,1239244
14,0,18,8/20/2020,874,0,402,Mizoram,1239244
21,0,18,8/21/2020,895,0,420,Mizoram,1239244
8,0,1,8/22/2020,903,0,421,Mizoram,1239244
15,0,38,8/23/2020,918,0,459,Mizoram,1239244
0,0,2,8/24/2020,918,0,461,Mizoram,1239244
35,0,3,8/25/2020,953,0,464,Mizoram,1239244
14,0,9,8/26/2020,967,0,473,Mizoram,1239244
7,0,27,8/27/2020,974,0,500,Mizoram,1239244
29,0,14,8/28/2020,1003,0,514,Mizoram,1239244
0,0,70,8/29/2020,1003,0,584,Mizoram,1239244
5,0,5,8/30/2020,1008,0,589,Mizoram,1239244
3,0,0,8/31/2020,1011,0,589,Mizoram,1239244
1,0,21,9/1/2020,1012,0,610,Mizoram,1239244
8,0,49,9/2/2020,1020,0,659,Mizoram,1239244
20,0,10,9/3/2020,1040,0,669,Mizoram,1239244
6,0,12,9/4/2020,1046,0,681,Mizoram,1239244
16,0,32,9/5/2020,1062,0,713,Mizoram,1239244
31,0,19,9/6/2020,1093,0,732,Mizoram,1239244
21,0,0,9/7/2020,1114,0,732,Mizoram,1239244
9,0,13,9/8/2020,1123,0,745,Mizoram,1239244
69,0,5,9/9/2020,1192,0,750,Mizoram,1239244
141,0,0,9/10/2020,1333,0,750,Mizoram,1239244
20,0,40,9/11/2020,1353,0,790,Mizoram,1239244
26,0,33,9/12/2020,1379,0,823,Mizoram,1239244
35,0,7,9/13/2020,1414,0,830,Mizoram,1239244
14,0,89,9/14/2020,1428,0,919,Mizoram,1239244
40,0,3,9/15/2020,1468,0,922,Mizoram,1239244
12,0,7,9/16/2020,1480,0,929,Mizoram,1239244
26,0,20,9/17/2020,1506,0,949,Mizoram,1239244
28,0,24,9/18/2020,1534,0,973,Mizoram,1239244
14,0,16,9/19/2020,1548,0,989,Mizoram,1239244
30,0,13,9/20/2020,1578,0,1002,Mizoram,1239244
7,0,10,9/21/2020,1585,0,1012,Mizoram,1239244
106,0,11,9/22/2020,1691,0,1023,Mizoram,1239244
22,0,72,9/23/2020,1713,0,1095,Mizoram,1239244
46,0,9,9/24/2020,1759,0,1104,Mizoram,1239244
27,0,184,9/25/2020,1786,0,1288,Mizoram,1239244
49,0,28,9/26/2020,1835,0,1316,Mizoram,1239244
30,0,52,9/27/2020,1865,0,1368,Mizoram,1239244
43,0,49,9/28/2020,1908,0,1417,Mizoram,1239244
50,0,131,9/29/2020,1958,0,1548,Mizoram,1239244
28,0,50,9/30/2020,1986,0,1598,Mizoram,1239244
32,0,123,10/1/2020,2018,0,1721,Mizoram,1239244
31,0,15,10/2/2020,2049,0,1736,Mizoram,1239244
54,0,36,10/3/2020,2103,0,1772,Mizoram,1239244
17,0,19,10/4/2020,2120,0,1791,Mizoram,1239244
0,0,46,10/5/2020,2120,0,1837,Mizoram,1239244
8,0,50,10/6/2020,2128,0,1887,Mizoram,1239244
20,0,8,10/7/2020,2148,0,1895,Mizoram,1239244
2,0,31,10/8/2020,2150,0,1926,Mizoram,1239244
7,0,48,10/9/2020,2157,0,1974,Mizoram,1239244
5,0,10,10/10/2020,2162,0,1984,Mizoram,1239244
13,0,26,10/11/2020,2175,0,2010,Mizoram,1239244
9,0,36,10/12/2020,2184,0,2046,Mizoram,1239244
18,0,47,10/13/2020,2202,0,2093,Mizoram,1239244
10,0,15,10/14/2020,2212,0,2108,Mizoram,1239244
8,0,13,10/15/2020,2220,0,2121,Mizoram,1239244
9,0,6,10/16/2020,2229,0,2127,Mizoram,1239244
16,0,10,10/17/2020,2245,0,2137,Mizoram,1239244
8,0,11,10/18/2020,2253,0,2148,Mizoram,1239244
0,0,3,10/19/2020,2253,0,2151,Mizoram,1239244
27,0,12,10/20/2020,2280,0,2163,Mizoram,1239244
30,0,11,10/21/2020,2310,0,2174,Mizoram,1239244
31,0,1,10/22/2020,2341,0,2175,Mizoram,1239244
0,0,0,3/14/2020,0,0,0,Nagaland,2249695
0,0,0,3/15/2020,0,0,0,Nagaland,2249695
0,0,0,3/16/2020,0,0,0,Nagaland,2249695
0,0,0,3/17/2020,0,0,0,Nagaland,2249695
0,0,0,3/18/2020,0,0,0,Nagaland,2249695
0,0,0,3/19/2020,0,0,0,Nagaland,2249695
0,0,0,3/20/2020,0,0,0,Nagaland,2249695
0,0,0,3/21/2020,0,0,0,Nagaland,2249695
0,0,0,3/22/2020,0,0,0,Nagaland,2249695
0,0,0,3/23/2020,0,0,0,Nagaland,2249695
0,0,0,3/24/2020,0,0,0,Nagaland,2249695
0,0,0,3/25/2020,0,0,0,Nagaland,2249695
0,0,0,3/26/2020,0,0,0,Nagaland,2249695
0,0,0,3/27/2020,0,0,0,Nagaland,2249695
0,0,0,3/28/2020,0,0,0,Nagaland,2249695
0,0,0,3/29/2020,0,0,0,Nagaland,2249695
0,0,0,3/30/2020,0,0,0,Nagaland,2249695
0,0,0,3/31/2020,0,0,0,Nagaland,2249695
0,0,0,4/1/2020,0,0,0,Nagaland,2249695
0,0,0,4/2/2020,0,0,0,Nagaland,2249695
0,0,0,4/3/2020,0,0,0,Nagaland,2249695
0,0,0,4/4/2020,0,0,0,Nagaland,2249695
0,0,0,4/5/2020,0,0,0,Nagaland,2249695
0,0,0,4/6/2020,0,0,0,Nagaland,2249695
0,0,0,4/7/2020,0,0,0,Nagaland,2249695
0,0,0,4/8/2020,0,0,0,Nagaland,2249695
0,0,0,4/9/2020,0,0,0,Nagaland,2249695
0,0,0,4/10/2020,0,0,0,Nagaland,2249695
0,0,0,4/11/2020,0,0,0,Nagaland,2249695
0,0,0,4/12/2020,0,0,0,Nagaland,2249695
0,0,0,4/13/2020,0,0,0,Nagaland,2249695
0,0,0,4/14/2020,0,0,0,Nagaland,2249695
0,0,0,4/15/2020,0,0,0,Nagaland,2249695
0,0,0,4/16/2020,0,0,0,Nagaland,2249695
0,0,0,4/17/2020,0,0,0,Nagaland,2249695
0,0,0,4/18/2020,0,0,0,Nagaland,2249695
0,0,0,4/19/2020,0,0,0,Nagaland,2249695
0,0,0,4/20/2020,0,0,0,Nagaland,2249695
0,0,0,4/21/2020,0,0,0,Nagaland,2249695
0,0,0,4/22/2020,0,0,0,Nagaland,2249695
0,0,0,4/23/2020,0,0,0,Nagaland,2249695
0,0,0,4/24/2020,0,0,0,Nagaland,2249695
0,0,0,4/25/2020,0,0,0,Nagaland,2249695
0,0,0,4/26/2020,0,0,0,Nagaland,2249695
0,0,0,4/27/2020,0,0,0,Nagaland,2249695
0,0,0,4/28/2020,0,0,0,Nagaland,2249695
0,0,0,4/29/2020,0,0,0,Nagaland,2249695
0,0,0,4/30/2020,0,0,0,Nagaland,2249695
0,0,0,5/1/2020,0,0,0,Nagaland,2249695
0,0,0,5/2/2020,0,0,0,Nagaland,2249695
0,0,0,5/3/2020,0,0,0,Nagaland,2249695
0,0,0,5/4/2020,0,0,0,Nagaland,2249695
0,0,0,5/5/2020,0,0,0,Nagaland,2249695
0,0,0,5/6/2020,0,0,0,Nagaland,2249695
0,0,0,5/7/2020,0,0,0,Nagaland,2249695
0,0,0,5/8/2020,0,0,0,Nagaland,2249695
0,0,0,5/9/2020,0,0,0,Nagaland,2249695
0,0,0,5/10/2020,0,0,0,Nagaland,2249695
0,0,0,5/11/2020,0,0,0,Nagaland,2249695
0,0,0,5/12/2020,0,0,0,Nagaland,2249695
0,0,0,5/13/2020,0,0,0,Nagaland,2249695
0,0,0,5/14/2020,0,0,0,Nagaland,2249695
0,0,0,5/15/2020,0,0,0,Nagaland,2249695
0,0,0,5/16/2020,0,0,0,Nagaland,2249695
0,0,0,5/17/2020,0,0,0,Nagaland,2249695
0,0,0,5/18/2020,0,0,0,Nagaland,2249695
0,0,0,5/19/2020,0,0,0,Nagaland,2249695
0,0,0,5/20/2020,0,0,0,Nagaland,2249695
0,0,0,5/21/2020,0,0,0,Nagaland,2249695
0,0,0,5/22/2020,0,0,0,Nagaland,2249695
0,0,0,5/23/2020,0,0,0,Nagaland,2249695
0,0,0,5/24/2020,0,0,0,Nagaland,2249695
3,0,0,5/25/2020,3,0,0,Nagaland,2249695
1,0,0,5/26/2020,4,0,0,Nagaland,2249695
5,0,0,5/27/2020,9,0,0,Nagaland,2249695
9,0,0,5/28/2020,18,0,0,Nagaland,2249695
7,0,0,5/29/2020,25,0,0,Nagaland,2249695
11,0,0,5/30/2020,36,0,0,Nagaland,2249695
7,0,0,5/31/2020,43,0,0,Nagaland,2249695
0,0,0,6/1/2020,43,0,0,Nagaland,2249695
6,0,0,6/2/2020,49,0,0,Nagaland,2249695
9,0,0,6/3/2020,58,0,0,Nagaland,2249695
22,0,0,6/4/2020,80,0,0,Nagaland,2249695
27,0,0,6/5/2020,107,0,0,Nagaland,2249695
0,0,8,6/6/2020,107,0,8,Nagaland,2249695
9,0,0,6/7/2020,116,0,8,Nagaland,2249695
6,0,0,6/8/2020,122,0,8,Nagaland,2249695
5,0,2,6/9/2020,127,0,10,Nagaland,2249695
1,0,12,6/10/2020,128,0,22,Nagaland,2249695
2,0,7,6/11/2020,130,0,29,Nagaland,2249695
26,0,28,6/12/2020,156,0,57,Nagaland,2249695
7,0,27,6/13/2020,163,0,84,Nagaland,2249695
10,0,4,6/14/2020,173,0,88,Nagaland,2249695
4,0,0,6/15/2020,177,0,88,Nagaland,2249695
2,0,15,6/16/2020,179,0,103,Nagaland,2249695
14,0,0,6/17/2020,193,0,103,Nagaland,2249695
0,0,6,6/18/2020,193,0,109,Nagaland,2249695
5,0,16,6/19/2020,198,0,125,Nagaland,2249695
3,0,13,6/20/2020,201,0,138,Nagaland,2249695
10,0,3,6/21/2020,211,0,141,Nagaland,2249695
69,0,0,6/22/2020,280,0,141,Nagaland,2249695
50,0,0,6/23/2020,330,0,141,Nagaland,2249695
17,0,7,6/24/2020,347,0,148,Nagaland,2249695
8,0,12,6/25/2020,355,0,160,Nagaland,2249695
16,0,2,6/26/2020,371,0,162,Nagaland,2249695
16,0,2,6/27/2020,387,0,164,Nagaland,2249695
28,0,0,6/28/2020,415,0,164,Nagaland,2249695
36,0,4,6/29/2020,451,0,168,Nagaland,2249695
8,0,0,6/30/2020,459,0,168,Nagaland,2249695
42,0,14,7/1/2020,501,0,182,Nagaland,2249695
34,0,15,7/2/2020,535,0,197,Nagaland,2249695
4,0,31,7/3/2020,539,0,228,Nagaland,2249695
24,0,0,7/4/2020,563,0,228,Nagaland,2249695
27,0,3,7/5/2020,590,0,231,Nagaland,2249695
35,0,12,7/6/2020,625,0,243,Nagaland,2249695
19,0,60,7/7/2020,644,0,303,Nagaland,2249695
13,0,1,7/8/2020,657,0,304,Nagaland,2249695
16,0,0,7/9/2020,673,0,304,Nagaland,2249695
59,0,0,7/10/2020,732,0,304,Nagaland,2249695
16,0,9,7/11/2020,748,0,313,Nagaland,2249695
26,0,14,7/12/2020,774,0,327,Nagaland,2249695
71,0,13,7/13/2020,845,0,340,Nagaland,2249695
51,0,6,7/14/2020,896,0,346,Nagaland,2249695
6,0,2,7/15/2020,902,0,348,Nagaland,2249695
14,0,43,7/16/2020,916,0,391,Nagaland,2249695
40,0,14,7/17/2020,956,0,405,Nagaland,2249695
22,0,27,7/18/2020,978,0,432,Nagaland,2249695
10,0,13,7/19/2020,988,0,445,Nagaland,2249695
33,0,39,7/20/2020,1021,0,484,Nagaland,2249695
9,0,1,7/21/2020,1030,0,485,Nagaland,2249695
54,0,1,7/22/2020,1084,0,486,Nagaland,2249695
90,0,44,7/23/2020,1174,0,530,Nagaland,2249695
65,1,7,7/24/2020,1239,1,537,Nagaland,2249695
50,3,4,7/25/2020,1289,4,541,Nagaland,2249695
50,0,8,7/26/2020,1339,4,549,Nagaland,2249695
46,1,20,7/27/2020,1385,5,569,Nagaland,2249695
75,-1,8,7/28/2020,1460,4,577,Nagaland,2249695
53,0,18,7/29/2020,1513,4,595,Nagaland,2249695
53,0,30,7/30/2020,1566,4,625,Nagaland,2249695
127,0,10,7/31/2020,1693,4,635,Nagaland,2249695
138,0,5,8/1/2020,1831,4,640,Nagaland,2249695
104,0,8,8/2/2020,1935,4,648,Nagaland,2249695
194,0,9,8/3/2020,2129,4,657,Nagaland,2249695
276,0,2,8/4/2020,2405,4,659,Nagaland,2249695
93,2,26,8/5/2020,2498,6,685,Nagaland,2249695
82,0,134,8/6/2020,2580,6,819,Nagaland,2249695
77,1,5,8/7/2020,2657,7,824,Nagaland,2249695
31,0,69,8/8/2020,2688,7,893,Nagaland,2249695
93,1,11,8/9/2020,2781,8,904,Nagaland,2249695
230,0,69,8/10/2020,3011,8,973,Nagaland,2249695
20,-1,12,8/11/2020,3031,7,985,Nagaland,2249695
87,0,128,8/12/2020,3118,7,1113,Nagaland,2249695
50,0,26,8/13/2020,3168,7,1139,Nagaland,2249695
154,0,59,8/14/2020,3322,7,1198,Nagaland,2249695
18,0,123,8/15/2020,3340,7,1321,Nagaland,2249695
54,0,101,8/16/2020,3394,7,1422,Nagaland,2249695
61,0,108,8/17/2020,3455,7,1530,Nagaland,2249695
65,0,134,8/18/2020,3520,7,1664,Nagaland,2249695
38,0,42,8/19/2020,3558,7,1706,Nagaland,2249695
25,0,215,8/20/2020,3583,7,1921,Nagaland,2249695
36,0,153,8/21/2020,3619,7,2074,Nagaland,2249695
16,1,92,8/22/2020,3635,8,2166,Nagaland,2249695
51,0,128,8/23/2020,3686,8,2294,Nagaland,2249695
28,0,102,8/24/2020,3714,8,2396,Nagaland,2249695
38,0,215,8/25/2020,3752,8,2611,Nagaland,2249695
26,0,0,8/26/2020,3778,8,2611,Nagaland,2249695
6,0,124,8/27/2020,3784,8,2735,Nagaland,2249695
21,0,115,8/28/2020,3805,8,2850,Nagaland,2249695
46,0,58,8/29/2020,3851,8,2908,Nagaland,2249695
71,0,109,8/30/2020,3922,8,3017,Nagaland,2249695
28,0,41,8/31/2020,3950,8,3058,Nagaland,2249695
53,0,133,9/1/2020,4003,8,3191,Nagaland,2249695
14,0,22,9/2/2020,4017,8,3213,Nagaland,2249695
49,0,101,9/3/2020,4066,8,3314,Nagaland,2249695
41,0,37,9/4/2020,4107,8,3351,Nagaland,2249695
21,0,68,9/5/2020,4128,8,3419,Nagaland,2249695
50,0,77,9/6/2020,4178,8,3496,Nagaland,2249695
42,0,178,9/7/2020,4220,8,3674,Nagaland,2249695
25,0,54,9/8/2020,4245,8,3728,Nagaland,2249695
130,0,48,9/9/2020,4375,8,3776,Nagaland,2249695
261,0,5,9/10/2020,4636,8,3781,Nagaland,2249695
310,0,10,9/11/2020,4946,8,3791,Nagaland,2249695
118,0,31,9/12/2020,5064,8,3822,Nagaland,2249695
19,0,61,9/13/2020,5083,8,3883,Nagaland,2249695
131,0,14,9/14/2020,5214,8,3897,Nagaland,2249695
15,2,30,9/15/2020,5229,10,3927,Nagaland,2249695
34,0,41,9/16/2020,5263,10,3968,Nagaland,2249695
43,0,111,9/17/2020,5306,10,4079,Nagaland,2249695
51,0,29,9/18/2020,5357,10,4108,Nagaland,2249695
35,0,42,9/19/2020,5392,10,4150,Nagaland,2249695
59,0,78,9/20/2020,5451,10,4228,Nagaland,2249695
93,0,223,9/21/2020,5544,10,4451,Nagaland,2249695
60,0,40,9/22/2020,5604,10,4491,Nagaland,2249695
67,1,18,9/23/2020,5671,11,4509,Nagaland,2249695
59,0,89,9/24/2020,5730,11,4598,Nagaland,2249695
38,0,95,9/25/2020,5768,11,4693,Nagaland,2249695
94,0,89,9/26/2020,5862,11,4782,Nagaland,2249695
84,0,66,9/27/2020,5946,11,4848,Nagaland,2249695
11,1,49,9/28/2020,5957,12,4897,Nagaland,2249695
83,0,45,9/29/2020,6040,12,4942,Nagaland,2249695
123,0,83,9/30/2020,6163,12,5025,Nagaland,2249695
81,0,74,10/1/2020,6244,12,5099,Nagaland,2249695
74,0,67,10/2/2020,6318,12,5166,Nagaland,2249695
111,0,46,10/3/2020,6429,12,5212,Nagaland,2249695
123,0,51,10/4/2020,6552,12,5263,Nagaland,2249695
42,0,114,10/5/2020,6594,12,5377,Nagaland,2249695
68,0,37,10/6/2020,6662,12,5414,Nagaland,2249695
53,0,36,10/7/2020,6715,12,5450,Nagaland,2249695
21,0,66,10/8/2020,6736,12,5516,Nagaland,2249695
152,0,92,10/9/2020,6888,12,5608,Nagaland,2249695
61,0,33,10/10/2020,6949,12,5641,Nagaland,2249695
70,0,49,10/11/2020,7019,12,5690,Nagaland,2249695
221,1,70,10/12/2020,7240,13,5760,Nagaland,2249695
123,1,18,10/13/2020,7363,14,5778,Nagaland,2249695
53,3,82,10/14/2020,7416,17,5860,Nagaland,2249695
76,0,100,10/15/2020,7492,17,5960,Nagaland,2249695
112,0,91,10/16/2020,7604,17,6051,Nagaland,2249695
94,4,26,10/17/2020,7698,21,6077,Nagaland,2249695
118,0,65,10/18/2020,7816,21,6142,Nagaland,2249695
137,0,66,10/19/2020,7953,21,6208,Nagaland,2249695
67,0,60,10/20/2020,8020,21,6268,Nagaland,2249695
119,0,93,10/21/2020,8139,21,6361,Nagaland,2249695
157,0,39,10/22/2020,8296,21,6400,Nagaland,2249695
0,0,0,3/14/2020,0,0,0,Odisha,46356334
0,0,0,3/15/2020,0,0,0,Odisha,46356334
1,0,0,3/16/2020,1,0,0,Odisha,46356334
0,0,0,3/17/2020,1,0,0,Odisha,46356334
1,0,0,3/18/2020,2,0,0,Odisha,46356334
0,0,0,3/19/2020,2,0,0,Odisha,46356334
0,0,0,3/20/2020,2,0,0,Odisha,46356334
0,0,0,3/21/2020,2,0,0,Odisha,46356334
0,0,0,3/22/2020,2,0,0,Odisha,46356334
0,0,0,3/23/2020,2,0,0,Odisha,46356334
0,0,0,3/24/2020,2,0,0,Odisha,46356334
0,0,0,3/25/2020,2,0,0,Odisha,46356334
1,0,0,3/26/2020,3,0,0,Odisha,46356334
0,0,0,3/27/2020,3,0,0,Odisha,46356334
0,0,0,3/28/2020,3,0,0,Odisha,46356334
0,0,0,3/29/2020,3,0,0,Odisha,46356334
0,0,0,3/30/2020,3,0,0,Odisha,46356334
1,0,0,3/31/2020,4,0,0,Odisha,46356334
1,0,1,4/1/2020,5,0,1,Odisha,46356334
0,0,0,4/2/2020,5,0,1,Odisha,46356334
15,0,1,4/3/2020,20,0,2,Odisha,46356334
1,0,0,4/4/2020,21,0,2,Odisha,46356334
18,0,0,4/5/2020,39,0,2,Odisha,46356334
1,0,0,4/6/2020,40,0,2,Odisha,46356334
2,1,0,4/7/2020,42,1,2,Odisha,46356334
0,0,0,4/8/2020,42,1,2,Odisha,46356334
6,0,0,4/9/2020,48,1,2,Odisha,46356334
2,0,10,4/10/2020,50,1,12,Odisha,46356334
4,0,0,4/11/2020,54,1,12,Odisha,46356334
0,0,0,4/12/2020,54,1,12,Odisha,46356334
1,0,6,4/13/2020,55,1,18,Odisha,46356334
5,0,0,4/14/2020,60,1,18,Odisha,46356334
0,0,1,4/15/2020,60,1,19,Odisha,46356334
0,0,0,4/16/2020,60,1,19,Odisha,46356334
0,0,2,4/17/2020,60,1,21,Odisha,46356334
1,0,3,4/18/2020,61,1,24,Odisha,46356334
0,0,0,4/19/2020,61,1,24,Odisha,46356334
13,0,0,4/20/2020,74,1,24,Odisha,46356334
5,0,6,4/21/2020,79,1,30,Odisha,46356334
4,0,2,4/22/2020,83,1,32,Odisha,46356334
6,0,1,4/23/2020,89,1,33,Odisha,46356334
5,0,0,4/24/2020,94,1,33,Odisha,46356334
6,0,1,4/25/2020,100,1,34,Odisha,46356334
3,0,1,4/26/2020,103,1,35,Odisha,46356334
15,0,2,4/27/2020,118,1,37,Odisha,46356334
0,0,1,4/28/2020,118,1,38,Odisha,46356334
7,0,1,4/29/2020,125,1,39,Odisha,46356334
18,0,2,4/30/2020,143,1,41,Odisha,46356334
11,0,14,5/1/2020,154,1,55,Odisha,46356334
6,0,1,5/2/2020,160,1,56,Odisha,46356334
2,0,4,5/3/2020,162,1,60,Odisha,46356334
7,0,0,5/4/2020,169,1,60,Odisha,46356334
8,1,0,5/5/2020,177,2,60,Odisha,46356334
28,0,1,5/6/2020,205,2,61,Odisha,46356334
14,0,1,5/7/2020,219,2,62,Odisha,46356334
51,0,1,5/8/2020,270,2,63,Odisha,46356334
82,1,5,5/9/2020,352,3,68,Odisha,46356334
25,0,0,5/10/2020,377,3,68,Odisha,46356334
38,0,17,5/11/2020,415,3,85,Odisha,46356334
22,0,31,5/12/2020,437,3,116,Odisha,46356334
101,0,27,5/13/2020,538,3,143,Odisha,46356334
134,0,15,5/14/2020,672,3,158,Odisha,46356334
65,0,8,5/15/2020,737,3,166,Odisha,46356334
0,0,30,5/16/2020,737,3,196,Odisha,46356334
91,1,24,5/17/2020,828,4,220,Odisha,46356334
48,0,57,5/18/2020,876,4,277,Odisha,46356334
102,1,30,5/19/2020,978,5,307,Odisha,46356334
74,1,36,5/20/2020,1052,6,343,Odisha,46356334
51,1,50,5/21/2020,1103,7,393,Odisha,46356334
86,0,43,5/22/2020,1189,7,436,Odisha,46356334
80,0,61,5/23/2020,1269,7,497,Odisha,46356334
67,0,53,5/24/2020,1336,7,550,Odisha,46356334
102,0,99,5/25/2020,1438,7,649,Odisha,46356334
79,0,84,5/26/2020,1517,7,733,Odisha,46356334
76,0,79,5/27/2020,1593,7,812,Odisha,46356334
67,0,75,5/28/2020,1660,7,887,Odisha,46356334
63,2,90,5/29/2020,1723,9,977,Odisha,46356334
96,0,73,5/30/2020,1819,9,1050,Odisha,46356334
129,0,76,5/31/2020,1948,9,1126,Odisha,46356334
156,0,119,6/1/2020,2104,9,1245,Odisha,46356334
141,0,80,6/2/2020,2245,9,1325,Odisha,46356334
143,0,91,6/3/2020,2388,9,1416,Odisha,46356334
90,0,65,6/4/2020,2478,9,1481,Odisha,46356334
130,1,123,6/5/2020,2608,10,1604,Odisha,46356334
173,0,112,6/6/2020,2781,10,1716,Odisha,46356334
75,1,178,6/7/2020,2856,11,1894,Odisha,46356334
138,0,99,6/8/2020,2994,11,1993,Odisha,46356334
146,0,140,6/9/2020,3140,11,2133,Odisha,46356334
110,0,149,6/10/2020,3250,11,2282,Odisha,46356334
136,1,72,6/11/2020,3386,12,2354,Odisha,46356334
112,1,120,6/12/2020,3498,13,2474,Odisha,46356334
225,0,120,6/13/2020,3723,13,2594,Odisha,46356334
186,1,114,6/14/2020,3909,14,2708,Odisha,46356334
146,0,146,6/15/2020,4055,14,2854,Odisha,46356334
108,0,120,6/16/2020,4163,14,2974,Odisha,46356334
175,0,73,6/17/2020,4338,14,3047,Odisha,46356334
174,0,97,6/18/2020,4512,14,3144,Odisha,46356334
165,0,153,6/19/2020,4677,14,3297,Odisha,46356334
179,1,237,6/20/2020,4856,15,3534,Odisha,46356334
304,4,186,6/21/2020,5160,19,3720,Odisha,46356334
143,2,143,6/22/2020,5303,21,3863,Odisha,46356334
167,3,125,6/23/2020,5470,24,3988,Odisha,46356334
282,0,135,6/24/2020,5752,24,4123,Odisha,46356334
210,0,168,6/25/2020,5962,24,4291,Odisha,46356334
218,0,131,6/26/2020,6180,24,4422,Odisha,46356334
170,1,184,6/27/2020,6350,25,4606,Odisha,46356334
264,3,137,6/28/2020,6614,28,4743,Odisha,46356334
245,2,203,6/29/2020,6859,30,4946,Odisha,46356334
206,2,243,6/30/2020,7065,32,5189,Odisha,46356334
251,1,164,7/1/2020,7316,33,5353,Odisha,46356334
229,2,149,7/2/2020,7545,35,5502,Odisha,46356334
561,2,203,7/3/2020,8106,37,5705,Odisha,46356334
495,6,229,7/4/2020,8601,43,5934,Odisha,46356334
469,3,290,7/5/2020,9070,46,6224,Odisha,46356334
456,2,262,7/6/2020,9526,48,6486,Odisha,46356334
571,6,217,7/7/2020,10097,54,6703,Odisha,46356334
527,7,303,7/8/2020,10624,61,7006,Odisha,46356334
577,6,401,7/9/2020,11201,67,7407,Odisha,46356334
755,6,565,7/10/2020,11956,73,7972,Odisha,46356334
570,6,388,7/11/2020,12526,79,8360,Odisha,46356334
595,5,390,7/12/2020,13121,84,8750,Odisha,46356334
616,7,505,7/13/2020,13737,91,9255,Odisha,46356334
543,5,609,7/14/2020,14280,96,9864,Odisha,46356334
618,5,612,7/15/2020,14898,101,10476,Odisha,46356334
494,2,401,7/16/2020,15392,103,10877,Odisha,46356334
718,6,453,7/17/2020,16110,109,11330,Odisha,46356334
591,3,607,7/18/2020,16701,112,11937,Odisha,46356334
736,7,516,7/19/2020,17437,119,12453,Odisha,46356334
673,6,457,7/20/2020,18110,125,12910,Odisha,46356334
647,8,400,7/21/2020,18757,133,13310,Odisha,46356334
1078,6,440,7/22/2020,19835,139,13750,Odisha,46356334
1264,6,643,7/23/2020,21099,145,14393,Odisha,46356334
1594,8,808,7/24/2020,22693,153,15201,Odisha,46356334
1320,10,728,7/25/2020,24013,163,15929,Odisha,46356334
1376,11,864,7/26/2020,25389,174,16793,Odisha,46356334
1503,7,581,7/27/2020,26892,181,17374,Odisha,46356334
1215,8,687,7/28/2020,28107,189,18061,Odisha,46356334
1068,6,878,7/29/2020,29175,195,18939,Odisha,46356334
1203,10,807,7/30/2020,30378,205,19746,Odisha,46356334
1499,9,772,7/31/2020,31877,214,20518,Odisha,46356334
1602,11,756,8/1/2020,33479,225,21274,Odisha,46356334
1434,11,681,8/2/2020,34913,236,21955,Odisha,46356334
1384,12,1119,8/3/2020,36297,248,23074,Odisha,46356334
1384,10,1409,8/4/2020,37681,258,24483,Odisha,46356334
1337,11,1255,8/5/2020,39018,269,25738,Odisha,46356334
1699,11,1150,8/6/2020,40717,280,26888,Odisha,46356334
1833,12,1810,8/7/2020,42550,292,28698,Odisha,46356334
1643,15,1544,8/8/2020,44193,307,30242,Odisha,46356334
1734,14,1543,8/9/2020,45927,321,31785,Odisha,46356334
1528,16,1236,8/10/2020,47455,337,33021,Odisha,46356334
1341,12,1785,8/11/2020,48796,349,34806,Odisha,46356334
1876,9,1673,8/12/2020,50672,358,36479,Odisha,46356334
1981,9,1422,8/13/2020,52653,367,37901,Odisha,46356334
1977,10,1305,8/14/2020,54630,377,39206,Odisha,46356334
2496,9,1521,8/15/2020,57126,386,40727,Odisha,46356334
2924,10,1550,8/16/2020,60050,396,42277,Odisha,46356334
2244,10,1503,8/17/2020,62294,406,43780,Odisha,46356334
2239,9,1535,8/18/2020,64533,415,45315,Odisha,46356334
2589,10,1621,8/19/2020,67122,425,46936,Odisha,46356334
2898,8,1641,8/20/2020,70020,433,48577,Odisha,46356334
2698,10,1927,8/21/2020,72718,443,50504,Odisha,46356334
2819,9,1773,8/22/2020,75537,452,52277,Odisha,46356334
2993,10,2129,8/23/2020,78530,462,54406,Odisha,46356334
2949,10,2519,8/24/2020,81479,472,56925,Odisha,46356334
2752,9,2545,8/25/2020,84231,481,59470,Odisha,46356334
3371,13,3343,8/26/2020,87602,494,62813,Odisha,46356334
3384,7,2510,8/27/2020,90986,501,65323,Odisha,46356334
3682,8,2503,8/28/2020,94668,509,67826,Odisha,46356334
3252,14,2888,8/29/2020,97920,523,70714,Odisha,46356334
3014,12,2519,8/30/2020,100934,535,73233,Odisha,46356334
2602,10,4053,8/31/2020,103536,545,77286,Odisha,46356334
3025,11,3484,9/1/2020,106561,556,80770,Odisha,46356334
3219,11,3303,9/2/2020,109780,567,84073,Odisha,46356334
3631,8,3278,9/3/2020,113411,575,87351,Odisha,46356334
3267,9,2980,9/4/2020,116678,584,90331,Odisha,46356334
3543,7,3443,9/5/2020,120221,591,93774,Odisha,46356334
3810,8,2590,9/6/2020,124031,599,96364,Odisha,46356334
3861,10,3034,9/7/2020,127892,609,99398,Odisha,46356334
3490,13,2787,9/8/2020,131382,622,102185,Odisha,46356334
3748,11,3110,9/9/2020,135130,633,105295,Odisha,46356334
3991,11,2706,9/10/2020,139121,644,108001,Odisha,46356334
3996,14,4061,9/11/2020,143117,658,112062,Odisha,46356334
3777,11,3217,9/12/2020,146894,669,115279,Odisha,46356334
3913,10,3363,9/13/2020,150807,679,118642,Odisha,46356334
4198,11,3382,9/14/2020,155005,690,122024,Odisha,46356334
3645,8,3714,9/15/2020,158650,698,125738,Odisha,46356334
4270,11,4121,9/16/2020,162920,709,129859,Odisha,46356334
4241,13,3607,9/17/2020,167161,722,133466,Odisha,46356334
4180,13,4101,9/18/2020,171341,735,137567,Odisha,46356334
4209,9,4090,9/19/2020,175550,744,141657,Odisha,46356334
4330,10,4018,9/20/2020,179880,754,145675,Odisha,46356334
4242,9,3704,9/21/2020,184122,763,149379,Odisha,46356334
4189,11,3834,9/22/2020,188311,774,153213,Odisha,46356334
4237,15,4052,9/23/2020,192548,789,157265,Odisha,46356334
4340,16,3779,9/24/2020,196888,805,161044,Odisha,46356334
4208,15,4388,9/25/2020,201096,820,165432,Odisha,46356334
4356,16,4761,9/26/2020,205452,836,170193,Odisha,46356334
3922,14,3378,9/27/2020,209374,850,173571,Odisha,46356334
3235,16,4014,9/28/2020,212609,866,177585,Odisha,46356334
3067,15,3896,9/29/2020,215676,881,181481,Odisha,46356334
3443,14,4219,9/30/2020,219119,895,185700,Odisha,46356334
3615,17,4380,10/1/2020,222734,912,190080,Odisha,46356334
3600,16,4048,10/2/2020,226334,928,194128,Odisha,46356334
3053,17,4066,10/3/2020,229387,945,198194,Odisha,46356334
3326,15,4108,10/4/2020,232713,960,202302,Odisha,46356334
2617,17,4098,10/5/2020,235330,977,206400,Odisha,46356334
2673,16,3817,10/6/2020,238003,993,210217,Odisha,46356334
2995,18,3455,10/7/2020,240998,1011,213672,Odisha,46356334
3144,16,3312,10/8/2020,244142,1027,216984,Odisha,46356334
2697,17,3404,10/9/2020,246839,1044,220388,Odisha,46356334
2854,15,3885,10/10/2020,249693,1059,224273,Odisha,46356334
2546,16,3342,10/11/2020,252239,1075,227615,Odisha,46356334
2423,18,2577,10/12/2020,254662,1093,230192,Odisha,46356334
2275,17,2796,10/13/2020,256937,1110,232988,Odisha,46356334
2604,15,2775,10/14/2020,259541,1125,235763,Odisha,46356334
2470,17,2772,10/15/2020,262011,1142,238535,Odisha,46356334
2138,15,2850,10/16/2020,264149,1157,241385,Odisha,46356334
2196,17,2842,10/17/2020,266345,1174,244227,Odisha,46356334
2019,14,2610,10/18/2020,268364,1188,246837,Odisha,46356334
1982,17,2738,10/19/2020,270346,1205,249575,Odisha,46356334
1904,16,2622,10/20/2020,272250,1221,252197,Odisha,46356334
1931,13,2716,10/21/2020,274181,1234,254913,Odisha,46356334
1913,15,2128,10/22/2020,276094,1249,257041,Odisha,46356334
0,0,0,3/14/2020,0,0,0,Puducherry,1413542
0,0,0,3/15/2020,0,0,0,Puducherry,1413542
1,0,0,3/16/2020,1,0,0,Puducherry,1413542
0,0,0,3/17/2020,1,0,0,Puducherry,1413542
0,0,0,3/18/2020,1,0,0,Puducherry,1413542
0,0,0,3/19/2020,1,0,0,Puducherry,1413542
0,0,0,3/20/2020,1,0,0,Puducherry,1413542
0,0,0,3/21/2020,1,0,0,Puducherry,1413542
0,0,0,3/22/2020,1,0,0,Puducherry,1413542
0,0,0,3/23/2020,1,0,0,Puducherry,1413542
0,0,0,3/24/2020,1,0,0,Puducherry,1413542
0,0,0,3/25/2020,1,0,0,Puducherry,1413542
0,0,0,3/26/2020,1,0,0,Puducherry,1413542
0,0,0,3/27/2020,1,0,0,Puducherry,1413542
0,0,0,3/28/2020,1,0,0,Puducherry,1413542
0,0,0,3/29/2020,1,0,0,Puducherry,1413542
0,0,0,3/30/2020,1,0,0,Puducherry,1413542
0,0,0,3/31/2020,1,0,0,Puducherry,1413542
2,0,0,4/1/2020,3,0,0,Puducherry,1413542
2,0,0,4/2/2020,5,0,0,Puducherry,1413542
0,0,0,4/3/2020,5,0,0,Puducherry,1413542
0,0,0,4/4/2020,5,0,0,Puducherry,1413542
0,0,0,4/5/2020,5,0,0,Puducherry,1413542
0,0,0,4/6/2020,5,0,0,Puducherry,1413542
0,0,1,4/7/2020,5,0,1,Puducherry,1413542
0,0,0,4/8/2020,5,0,1,Puducherry,1413542
0,0,0,4/9/2020,5,0,1,Puducherry,1413542
2,0,0,4/10/2020,7,0,1,Puducherry,1413542
0,0,0,4/11/2020,7,0,1,Puducherry,1413542
0,0,0,4/12/2020,7,0,1,Puducherry,1413542
0,0,0,4/13/2020,7,0,1,Puducherry,1413542
0,0,0,4/14/2020,7,0,1,Puducherry,1413542
0,0,0,4/15/2020,7,0,1,Puducherry,1413542
0,0,0,4/16/2020,7,0,1,Puducherry,1413542
0,0,0,4/17/2020,7,0,1,Puducherry,1413542
0,0,3,4/18/2020,7,0,4,Puducherry,1413542
0,0,0,4/19/2020,7,0,4,Puducherry,1413542
0,0,0,4/20/2020,7,0,4,Puducherry,1413542
0,0,0,4/21/2020,7,0,4,Puducherry,1413542
0,0,0,4/22/2020,7,0,4,Puducherry,1413542
0,0,0,4/23/2020,7,0,4,Puducherry,1413542
0,0,0,4/24/2020,7,0,4,Puducherry,1413542
1,0,0,4/25/2020,8,0,4,Puducherry,1413542
0,0,0,4/26/2020,8,0,4,Puducherry,1413542
0,0,1,4/27/2020,8,0,5,Puducherry,1413542
0,0,0,4/28/2020,8,0,5,Puducherry,1413542
0,0,0,4/29/2020,8,0,5,Puducherry,1413542
0,0,0,4/30/2020,8,0,5,Puducherry,1413542
0,0,0,5/1/2020,8,0,5,Puducherry,1413542
1,0,0,5/2/2020,9,0,5,Puducherry,1413542
0,0,1,5/3/2020,9,0,6,Puducherry,1413542
0,0,0,5/4/2020,9,0,6,Puducherry,1413542
0,0,0,5/5/2020,9,0,6,Puducherry,1413542
0,0,0,5/6/2020,9,0,6,Puducherry,1413542
0,0,0,5/7/2020,9,0,6,Puducherry,1413542
1,0,2,5/8/2020,10,0,8,Puducherry,1413542
0,0,0,5/9/2020,10,0,8,Puducherry,1413542
2,0,1,5/10/2020,12,0,9,Puducherry,1413542
0,0,0,5/11/2020,12,0,9,Puducherry,1413542
0,0,0,5/12/2020,12,0,9,Puducherry,1413542
1,0,0,5/13/2020,13,0,9,Puducherry,1413542
3,0,0,5/14/2020,16,0,9,Puducherry,1413542
0,0,0,5/15/2020,16,0,9,Puducherry,1413542
1,0,0,5/16/2020,17,0,9,Puducherry,1413542
0,0,0,5/17/2020,17,0,9,Puducherry,1413542
0,0,0,5/18/2020,17,0,9,Puducherry,1413542
5,0,1,5/19/2020,22,0,10,Puducherry,1413542
1,0,0,5/20/2020,23,0,10,Puducherry,1413542
0,0,0,5/21/2020,23,0,10,Puducherry,1413542
3,0,0,5/22/2020,26,0,10,Puducherry,1413542
0,0,0,5/23/2020,26,0,10,Puducherry,1413542
15,0,2,5/24/2020,41,0,12,Puducherry,1413542
8,0,5,5/25/2020,49,0,17,Puducherry,1413542
0,0,0,5/26/2020,49,0,17,Puducherry,1413542
0,0,0,5/27/2020,49,0,17,Puducherry,1413542
4,0,0,5/28/2020,53,0,17,Puducherry,1413542
4,0,6,5/29/2020,57,0,23,Puducherry,1413542
0,0,0,5/30/2020,57,0,23,Puducherry,1413542
13,0,2,5/31/2020,70,0,25,Puducherry,1413542
9,0,0,6/1/2020,79,0,25,Puducherry,1413542
0,0,0,6/2/2020,79,0,25,Puducherry,1413542
11,0,8,6/3/2020,90,0,33,Puducherry,1413542
9,0,4,6/4/2020,99,0,37,Puducherry,1413542
5,0,6,6/5/2020,104,0,43,Puducherry,1413542
3,0,5,6/6/2020,107,0,48,Puducherry,1413542
12,0,1,6/7/2020,119,0,49,Puducherry,1413542
9,0,4,6/8/2020,128,0,53,Puducherry,1413542
4,0,2,6/9/2020,132,0,55,Puducherry,1413542
12,0,5,6/10/2020,144,0,60,Puducherry,1413542
13,2,7,6/11/2020,157,2,67,Puducherry,1413542
6,1,9,6/12/2020,163,3,76,Puducherry,1413542
13,0,6,6/13/2020,176,3,82,Puducherry,1413542
18,1,9,6/14/2020,194,4,91,Puducherry,1413542
8,0,4,6/15/2020,202,4,95,Puducherry,1413542
14,0,4,6/16/2020,216,4,99,Puducherry,1413542
29,1,10,6/17/2020,245,5,109,Puducherry,1413542
26,1,7,6/18/2020,271,6,116,Puducherry,1413542
16,1,2,6/19/2020,287,7,118,Puducherry,1413542
51,0,13,6/20/2020,338,7,131,Puducherry,1413542
28,1,9,6/21/2020,366,8,140,Puducherry,1413542
17,0,9,6/22/2020,383,8,149,Puducherry,1413542
19,1,16,6/23/2020,402,9,165,Puducherry,1413542
59,0,11,6/24/2020,461,9,176,Puducherry,1413542
41,0,11,6/25/2020,502,9,187,Puducherry,1413542
32,0,16,6/26/2020,534,9,203,Puducherry,1413542
85,1,18,6/27/2020,619,10,221,Puducherry,1413542
29,1,31,6/28/2020,648,11,252,Puducherry,1413542
42,0,10,6/29/2020,690,11,262,Puducherry,1413542
24,1,10,6/30/2020,714,12,272,Puducherry,1413542
25,0,29,7/1/2020,739,12,301,Puducherry,1413542
63,0,30,7/2/2020,802,12,331,Puducherry,1413542
22,1,53,7/3/2020,824,13,384,Puducherry,1413542
80,1,21,7/4/2020,904,14,405,Puducherry,1413542
42,0,43,7/5/2020,946,14,448,Puducherry,1413542
65,0,32,7/6/2020,1011,14,480,Puducherry,1413542
32,0,37,7/7/2020,1043,14,517,Puducherry,1413542
110,0,67,7/8/2020,1153,14,584,Puducherry,1413542
49,2,35,7/9/2020,1202,16,619,Puducherry,1413542
72,1,18,7/10/2020,1274,17,637,Puducherry,1413542
65,1,53,7/11/2020,1339,18,690,Puducherry,1413542
81,0,49,7/12/2020,1420,18,739,Puducherry,1413542
50,0,46,7/13/2020,1470,18,785,Puducherry,1413542
63,0,44,7/14/2020,1533,18,829,Puducherry,1413542
65,3,60,7/15/2020,1598,21,889,Puducherry,1413542
147,1,58,7/16/2020,1745,22,947,Puducherry,1413542
89,3,67,7/17/2020,1834,25,1014,Puducherry,1413542
58,3,48,7/18/2020,1892,28,1062,Puducherry,1413542
109,0,92,7/19/2020,2001,28,1154,Puducherry,1413542
93,1,111,7/20/2020,2094,29,1265,Puducherry,1413542
87,1,53,7/21/2020,2181,30,1318,Puducherry,1413542
121,1,51,7/22/2020,2302,31,1369,Puducherry,1413542
120,3,31,7/23/2020,2422,34,1400,Puducherry,1413542
95,1,83,7/24/2020,2517,35,1483,Puducherry,1413542
139,3,78,7/25/2020,2656,38,1561,Puducherry,1413542
133,2,84,7/26/2020,2789,40,1645,Puducherry,1413542
85,3,75,7/27/2020,2874,43,1720,Puducherry,1413542
139,4,62,7/28/2020,3013,47,1782,Puducherry,1413542
166,0,92,7/29/2020,3179,47,1874,Puducherry,1413542
121,1,84,7/30/2020,3300,48,1958,Puducherry,1413542
174,1,142,7/31/2020,3474,49,2100,Puducherry,1413542
134,2,98,8/1/2020,3608,51,2198,Puducherry,1413542
200,1,111,8/2/2020,3808,52,2309,Puducherry,1413542
176,4,102,8/3/2020,3984,56,2411,Puducherry,1413542
165,2,126,8/4/2020,4149,58,2537,Puducherry,1413542
286,7,131,8/5/2020,4435,65,2668,Puducherry,1413542
188,5,140,8/6/2020,4623,70,2808,Puducherry,1413542
241,5,106,8/7/2020,4864,75,2914,Puducherry,1413542
261,5,140,8/8/2020,5125,80,3054,Puducherry,1413542
259,7,147,8/9/2020,5384,87,3201,Puducherry,1413542
242,2,154,8/10/2020,5626,89,3355,Puducherry,1413542
276,2,177,8/11/2020,5902,91,3532,Puducherry,1413542
481,5,144,8/12/2020,6383,96,3676,Puducherry,1413542
299,6,152,8/13/2020,6682,102,3828,Puducherry,1413542
315,4,181,8/14/2020,6997,106,4009,Puducherry,1413542
359,0,215,8/15/2020,7356,106,4224,Puducherry,1413542
378,4,219,8/16/2020,7734,110,4443,Puducherry,1413542
297,4,184,8/17/2020,8031,114,4627,Puducherry,1413542
367,9,282,8/18/2020,8398,123,4909,Puducherry,1413542
356,6,403,8/19/2020,8754,129,5312,Puducherry,1413542
540,8,322,8/20/2020,9294,137,5634,Puducherry,1413542
302,6,300,8/21/2020,9596,143,5934,Puducherry,1413542
518,8,373,8/22/2020,10114,151,6307,Puducherry,1413542
410,8,350,8/23/2020,10524,159,6657,Puducherry,1413542
337,5,285,8/24/2020,10861,164,6942,Puducherry,1413542
567,8,331,8/25/2020,11428,172,7273,Puducherry,1413542
504,8,213,8/26/2020,11932,180,7486,Puducherry,1413542
504,10,275,8/27/2020,12436,190,7761,Puducherry,1413542
590,9,319,8/28/2020,13026,199,8080,Puducherry,1413542
532,12,431,8/29/2020,13558,211,8511,Puducherry,1413542
571,10,457,8/30/2020,14129,221,8968,Puducherry,1413542
284,7,366,8/31/2020,14413,228,9334,Puducherry,1413542
355,12,341,9/1/2020,14768,240,9675,Puducherry,1413542
391,13,293,9/2/2020,15159,253,9968,Puducherry,1413542
424,7,311,9/3/2020,15583,260,10279,Puducherry,1413542
591,20,395,9/4/2020,16174,280,10674,Puducherry,1413542
394,18,433,9/5/2020,16568,298,11107,Puducherry,1413542
466,16,525,9/6/2020,17034,314,11632,Puducherry,1413542
284,11,503,9/7/2020,17318,325,12135,Puducherry,1413542
433,12,446,9/8/2020,17751,337,12581,Puducherry,1413542
335,10,386,9/9/2020,18086,347,12967,Puducherry,1413542
452,6,422,9/10/2020,18538,353,13389,Puducherry,1413542
490,12,394,9/11/2020,19028,365,13783,Puducherry,1413542
419,5,445,9/12/2020,19447,370,14228,Puducherry,1413542
388,15,342,9/13/2020,19835,385,14570,Puducherry,1413542
393,9,457,9/14/2020,20228,394,15027,Puducherry,1413542
375,11,495,9/15/2020,20603,405,15522,Puducherry,1413542
510,13,401,9/16/2020,21113,418,15923,Puducherry,1413542
317,13,330,9/17/2020,21430,431,16253,Puducherry,1413542
485,6,462,9/18/2020,21915,437,16715,Puducherry,1413542
543,11,494,9/19/2020,22458,448,17209,Puducherry,1413542
467,10,347,9/20/2020,22925,458,17556,Puducherry,1413542
268,9,509,9/21/2020,23193,467,18065,Puducherry,1413542
493,6,389,9/22/2020,23686,473,18454,Puducherry,1413542
543,8,439,9/23/2020,24229,481,18893,Puducherry,1413542
668,6,418,9/24/2020,24897,487,19311,Puducherry,1413542
594,7,470,9/25/2020,25491,494,19781,Puducherry,1413542
543,6,424,9/26/2020,26034,500,20205,Puducherry,1413542
368,13,443,9/27/2020,26402,513,20648,Puducherry,1413542
285,2,508,9/28/2020,26687,515,21156,Puducherry,1413542
381,2,460,9/29/2020,27068,517,21616,Puducherry,1413542
478,4,458,9/30/2020,27546,521,22074,Puducherry,1413542
480,4,431,10/1/2020,28026,525,22505,Puducherry,1413542
510,7,443,10/2/2020,28536,532,22948,Puducherry,1413542
218,2,396,10/3/2020,28754,534,23344,Puducherry,1413542
337,5,419,10/4/2020,29091,539,23763,Puducherry,1413542
188,4,458,10/5/2020,29279,543,24221,Puducherry,1413542
405,3,393,10/6/2020,29684,546,24614,Puducherry,1413542
479,5,316,10/7/2020,30163,551,24930,Puducherry,1413542
378,5,326,10/8/2020,30541,556,25256,Puducherry,1413542
365,2,287,10/9/2020,30906,558,25543,Puducherry,1413542
337,1,411,10/10/2020,31243,559,25954,Puducherry,1413542
308,4,337,10/11/2020,31551,563,26291,Puducherry,1413542
188,2,264,10/12/2020,31739,565,26555,Puducherry,1413542
267,2,310,10/13/2020,32006,567,26865,Puducherry,1413542
241,1,287,10/14/2020,32247,568,27152,Puducherry,1413542
241,2,213,10/15/2020,32488,570,27365,Puducherry,1413542
280,1,306,10/16/2020,32768,571,27671,Puducherry,1413542
212,3,313,10/17/2020,32980,574,27984,Puducherry,1413542
163,0,306,10/18/2020,33143,574,28290,Puducherry,1413542
106,1,230,10/19/2020,33249,575,28520,Puducherry,1413542
205,2,254,10/20/2020,33454,577,28774,Puducherry,1413542
170,3,242,10/21/2020,33624,580,29016,Puducherry,1413542
210,2,195,10/22/2020,33834,582,29211,Puducherry,1413542
1,0,0,3/14/2020,1,0,0,Punjab,30141373
0,0,0,3/15/2020,1,0,0,Punjab,30141373
0,0,0,3/16/2020,1,0,0,Punjab,30141373
0,0,0,3/17/2020,1,0,0,Punjab,30141373
1,0,0,3/18/2020,2,0,0,Punjab,30141373
0,1,0,3/19/2020,2,1,0,Punjab,30141373
1,0,0,3/20/2020,3,1,0,Punjab,30141373
10,0,0,3/21/2020,13,1,0,Punjab,30141373
8,0,0,3/22/2020,21,1,0,Punjab,30141373
2,0,0,3/23/2020,23,1,0,Punjab,30141373
6,0,0,3/24/2020,29,1,0,Punjab,30141373
2,0,0,3/25/2020,31,1,0,Punjab,30141373
2,0,0,3/26/2020,33,1,0,Punjab,30141373
5,0,1,3/27/2020,38,1,1,Punjab,30141373
0,0,0,3/28/2020,38,1,1,Punjab,30141373
0,0,0,3/29/2020,38,1,1,Punjab,30141373
3,2,0,3/30/2020,41,3,1,Punjab,30141373
1,1,0,3/31/2020,42,4,1,Punjab,30141373
4,0,0,4/1/2020,46,4,1,Punjab,30141373
1,1,0,4/2/2020,47,5,1,Punjab,30141373
6,0,0,4/3/2020,53,5,1,Punjab,30141373
12,0,2,4/4/2020,65,5,3,Punjab,30141373
3,2,1,4/5/2020,68,7,4,Punjab,30141373
11,0,0,4/6/2020,79,7,4,Punjab,30141373
20,1,10,4/7/2020,99,8,14,Punjab,30141373
7,1,0,4/8/2020,106,9,14,Punjab,30141373
24,1,4,4/9/2020,130,10,18,Punjab,30141373
21,1,2,4/10/2020,151,11,20,Punjab,30141373
7,1,0,4/11/2020,158,12,20,Punjab,30141373
12,0,3,4/12/2020,170,12,23,Punjab,30141373
6,0,2,4/13/2020,176,12,25,Punjab,30141373
8,1,2,4/14/2020,184,13,27,Punjab,30141373
2,0,0,4/15/2020,186,13,27,Punjab,30141373
11,1,2,4/16/2020,197,14,29,Punjab,30141373
14,0,1,4/17/2020,211,14,30,Punjab,30141373
23,2,1,4/18/2020,234,16,31,Punjab,30141373
10,0,6,4/19/2020,244,16,37,Punjab,30141373
1,0,1,4/20/2020,245,16,38,Punjab,30141373
6,0,11,4/21/2020,251,16,49,Punjab,30141373
27,0,4,4/22/2020,278,16,53,Punjab,30141373
5,1,13,4/23/2020,283,17,66,Punjab,30141373
15,0,4,4/24/2020,298,17,70,Punjab,30141373
10,0,2,4/25/2020,308,17,72,Punjab,30141373
14,1,12,4/26/2020,322,18,84,Punjab,30141373
8,1,14,4/27/2020,330,19,98,Punjab,30141373
12,0,3,4/28/2020,342,19,101,Punjab,30141373
33,0,0,4/29/2020,375,19,101,Punjab,30141373
105,1,3,4/30/2020,480,20,104,Punjab,30141373
105,0,4,5/1/2020,585,20,108,Punjab,30141373
187,0,4,5/2/2020,772,20,112,Punjab,30141373
330,1,5,5/3/2020,1102,21,117,Punjab,30141373
130,2,11,5/4/2020,1232,23,128,Punjab,30141373
219,2,5,5/5/2020,1451,25,133,Punjab,30141373
75,2,2,5/6/2020,1526,27,135,Punjab,30141373
118,1,14,5/7/2020,1644,28,149,Punjab,30141373
87,1,3,5/8/2020,1731,29,152,Punjab,30141373
31,2,5,5/9/2020,1762,31,157,Punjab,30141373
61,0,9,5/10/2020,1823,31,166,Punjab,30141373
54,0,2,5/11/2020,1877,31,168,Punjab,30141373
37,1,3,5/12/2020,1914,32,171,Punjab,30141373
10,0,29,5/13/2020,1924,32,200,Punjab,30141373
11,0,23,5/14/2020,1935,32,223,Punjab,30141373
-3,0,82,5/15/2020,1932,32,305,Punjab,30141373
14,0,952,5/16/2020,1946,32,1257,Punjab,30141373
18,3,109,5/17/2020,1964,35,1366,Punjab,30141373
16,2,181,5/18/2020,1980,37,1547,Punjab,30141373
22,1,95,5/19/2020,2002,38,1642,Punjab,30141373
3,0,152,5/20/2020,2005,38,1794,Punjab,30141373
23,1,25,5/21/2020,2028,39,1819,Punjab,30141373
1,0,28,5/22/2020,2029,39,1847,Punjab,30141373
16,0,23,5/23/2020,2045,39,1870,Punjab,30141373
15,1,28,5/24/2020,2060,40,1898,Punjab,30141373
21,0,15,5/25/2020,2081,40,1913,Punjab,30141373
25,0,5,5/26/2020,2106,40,1918,Punjab,30141373
33,0,0,5/27/2020,2139,40,1918,Punjab,30141373
19,0,28,5/28/2020,2158,40,1946,Punjab,30141373
39,2,3,5/29/2020,2197,42,1949,Punjab,30141373
36,2,18,5/30/2020,2233,44,1967,Punjab,30141373
30,1,20,5/31/2020,2263,45,1987,Punjab,30141373
38,-1,13,6/1/2020,2301,44,2000,Punjab,30141373
41,2,17,6/2/2020,2342,46,2017,Punjab,30141373
34,1,12,6/3/2020,2376,47,2029,Punjab,30141373
39,0,14,6/4/2020,2415,47,2043,Punjab,30141373
46,1,26,6/5/2020,2461,48,2069,Punjab,30141373
54,2,23,6/6/2020,2515,50,2092,Punjab,30141373
93,1,14,6/7/2020,2608,51,2106,Punjab,30141373
55,2,22,6/8/2020,2663,53,2128,Punjab,30141373
56,2,39,6/9/2020,2719,55,2167,Punjab,30141373
86,0,65,6/10/2020,2805,55,2232,Punjab,30141373
82,4,27,6/11/2020,2887,59,2259,Punjab,30141373
99,4,23,6/12/2020,2986,63,2282,Punjab,30141373
77,2,45,6/13/2020,3063,65,2327,Punjab,30141373
77,2,29,6/14/2020,3140,67,2356,Punjab,30141373
127,4,87,6/15/2020,3267,71,2443,Punjab,30141373
104,1,18,6/16/2020,3371,72,2461,Punjab,30141373
126,6,77,6/17/2020,3497,78,2538,Punjab,30141373
118,5,32,6/18/2020,3615,83,2570,Punjab,30141373
217,9,66,6/19/2020,3832,92,2636,Punjab,30141373
120,6,42,6/20/2020,3952,98,2678,Punjab,30141373
122,1,22,6/21/2020,4074,99,2700,Punjab,30141373
161,2,125,6/22/2020,4235,101,2825,Punjab,30141373
162,4,222,6/23/2020,4397,105,3047,Punjab,30141373
230,8,52,6/24/2020,4627,113,3099,Punjab,30141373
142,7,93,6/25/2020,4769,120,3192,Punjab,30141373
188,2,9,6/26/2020,4957,122,3201,Punjab,30141373
99,6,119,6/27/2020,5056,128,3320,Punjab,30141373
160,5,206,6/28/2020,5216,133,3526,Punjab,30141373
202,5,238,6/29/2020,5418,138,3764,Punjab,30141373
150,6,103,6/30/2020,5568,144,3867,Punjab,30141373
100,5,122,7/1/2020,5668,149,3989,Punjab,30141373
116,3,155,7/2/2020,5784,152,4144,Punjab,30141373
153,5,122,7/3/2020,5937,157,4266,Punjab,30141373
172,5,40,7/4/2020,6109,162,4306,Punjab,30141373
174,2,102,7/5/2020,6283,164,4408,Punjab,30141373
208,5,86,7/6/2020,6491,169,4494,Punjab,30141373
258,6,60,7/7/2020,6749,175,4554,Punjab,30141373
158,3,274,7/8/2020,6907,178,4828,Punjab,30141373
233,5,117,7/9/2020,7140,183,4945,Punjab,30141373
217,4,72,7/10/2020,7357,187,5017,Punjab,30141373
230,8,23,7/11/2020,7587,195,5040,Punjab,30141373
234,4,352,7/12/2020,7821,199,5392,Punjab,30141373
357,5,194,7/13/2020,8178,204,5586,Punjab,30141373
333,9,77,7/14/2020,8511,213,5663,Punjab,30141373
288,8,204,7/15/2020,8799,221,5867,Punjab,30141373
295,9,410,7/16/2020,9094,230,6277,Punjab,30141373
348,9,96,7/17/2020,9442,239,6373,Punjab,30141373
350,7,81,7/18/2020,9792,246,6454,Punjab,30141373
308,8,81,7/19/2020,10100,254,6535,Punjab,30141373
410,8,583,7/20/2020,10510,262,7118,Punjab,30141373
379,1,271,7/21/2020,10889,263,7389,Punjab,30141373
412,6,252,7/22/2020,11301,269,7641,Punjab,30141373
438,8,100,7/23/2020,11739,277,7741,Punjab,30141373
477,5,355,7/24/2020,12216,282,8096,Punjab,30141373
468,9,201,7/25/2020,12684,291,8297,Punjab,30141373
534,15,513,7/26/2020,13218,306,8810,Punjab,30141373
551,12,254,7/27/2020,13769,318,9064,Punjab,30141373
609,18,688,7/28/2020,14378,336,9752,Punjab,30141373
568,25,461,7/29/2020,14946,361,10213,Punjab,30141373
510,9,296,7/30/2020,15456,370,10509,Punjab,30141373
663,16,225,7/31/2020,16119,386,10734,Punjab,30141373
944,19,341,8/1/2020,17063,405,11075,Punjab,30141373
790,18,391,8/2/2020,17853,423,11466,Punjab,30141373
674,19,416,8/3/2020,18527,442,11882,Punjab,30141373
488,20,609,8/4/2020,19015,462,12491,Punjab,30141373
841,29,452,8/5/2020,19856,491,12943,Punjab,30141373
1035,26,716,8/6/2020,20891,517,13659,Punjab,30141373
1039,22,381,8/7/2020,21930,539,14040,Punjab,30141373
998,23,820,8/8/2020,22928,562,14860,Punjab,30141373
975,24,459,8/9/2020,23903,586,15319,Punjab,30141373
986,18,416,8/10/2020,24889,604,15735,Punjab,30141373
1000,32,1055,8/11/2020,25889,636,16790,Punjab,30141373
1020,39,422,8/12/2020,26909,675,17212,Punjab,30141373
1027,31,627,8/13/2020,27936,706,17839,Punjab,30141373
1077,25,489,8/14/2020,29013,731,18328,Punjab,30141373
1028,40,535,8/15/2020,30041,771,18863,Punjab,30141373
1165,41,568,8/16/2020,31206,812,19431,Punjab,30141373
1489,50,749,8/17/2020,32695,862,20180,Punjab,30141373
1705,36,1582,8/18/2020,34400,898,21762,Punjab,30141373
1683,22,941,8/19/2020,36083,920,22703,Punjab,30141373
1741,37,334,8/20/2020,37824,957,23037,Punjab,30141373
1503,34,856,8/21/2020,39327,991,23893,Punjab,30141373
1316,45,409,8/22/2020,40643,1036,24302,Punjab,30141373
1136,50,2226,8/23/2020,41779,1086,26528,Punjab,30141373
1505,43,1829,8/24/2020,43284,1129,28357,Punjab,30141373
1293,49,788,8/25/2020,44577,1178,29145,Punjab,30141373
1513,41,1086,8/26/2020,46090,1219,30231,Punjab,30141373
1746,37,741,8/27/2020,47836,1256,30972,Punjab,30141373
1542,51,2036,8/28/2020,49378,1307,33008,Punjab,30141373
1470,41,1083,8/29/2020,50848,1348,34091,Punjab,30141373
1678,56,1656,8/30/2020,52526,1404,35747,Punjab,30141373
1466,49,1280,8/31/2020,53992,1453,37027,Punjab,30141373
1516,59,1120,9/1/2020,55508,1512,38147,Punjab,30141373
1481,106,1595,9/2/2020,56989,1618,39742,Punjab,30141373
1526,72,1529,9/3/2020,58515,1690,41271,Punjab,30141373
1498,49,1272,9/4/2020,60013,1739,42543,Punjab,30141373
1514,69,1306,9/5/2020,61527,1808,43849,Punjab,30141373
1946,54,1606,9/6/2020,63473,1862,45455,Punjab,30141373
2110,61,1565,9/7/2020,65583,1923,47020,Punjab,30141373
1964,67,2307,9/8/2020,67547,1990,49327,Punjab,30141373
2137,71,1231,9/9/2020,69684,2061,50558,Punjab,30141373
2459,88,1348,9/10/2020,72143,2149,51906,Punjab,30141373
2473,63,1402,9/11/2020,74616,2212,53308,Punjab,30141373
2441,76,2077,9/12/2020,77057,2288,55385,Punjab,30141373
2622,68,2151,9/13/2020,79679,2356,57536,Punjab,30141373
2421,67,1448,9/14/2020,82100,2423,58984,Punjab,30141373
2382,91,1830,9/15/2020,84482,2514,60814,Punjab,30141373
2702,78,2756,9/16/2020,87184,2592,63570,Punjab,30141373
2848,54,2248,9/17/2020,90032,2646,65818,Punjab,30141373
2774,60,2640,9/18/2020,92806,2706,68458,Punjab,30141373
2723,51,1915,9/19/2020,95529,2757,70373,Punjab,30141373
2160,56,2225,9/20/2020,97689,2813,72598,Punjab,30141373
2241,47,2811,9/21/2020,99930,2860,75409,Punjab,30141373
1411,66,1718,9/22/2020,101341,2926,77127,Punjab,30141373
2123,64,2117,9/23/2020,103464,2990,79244,Punjab,30141373
1756,76,2231,9/24/2020,105220,3066,81475,Punjab,30141373
1876,68,2550,9/25/2020,107096,3134,84025,Punjab,30141373
1588,54,1988,9/26/2020,108684,3188,86013,Punjab,30141373
1422,50,2299,9/27/2020,110106,3238,88312,Punjab,30141373
1269,46,2033,9/28/2020,111375,3284,90345,Punjab,30141373
1085,75,1932,9/29/2020,112460,3359,92277,Punjab,30141373
1426,47,1389,9/30/2020,113886,3406,93666,Punjab,30141373
1265,45,2271,10/1/2020,115151,3451,95937,Punjab,30141373
1062,50,1840,10/2/2020,116213,3501,97777,Punjab,30141373
1106,61,1691,10/3/2020,117319,3562,99468,Punjab,30141373
838,41,1509,10/4/2020,118157,3603,100977,Punjab,30141373
1029,38,1671,10/5/2020,119186,3641,102648,Punjab,30141373
830,38,1707,10/6/2020,120016,3679,104355,Punjab,30141373
852,33,1230,10/7/2020,120868,3712,105585,Punjab,30141373
848,29,1615,10/8/2020,121716,3741,107200,Punjab,30141373
743,32,1333,10/9/2020,122459,3773,108533,Punjab,30141373
858,25,1234,10/10/2020,123317,3798,109767,Punjab,30141373
656,35,1098,10/11/2020,123973,3833,110865,Punjab,30141373
562,27,1552,10/12/2020,124535,3860,112417,Punjab,30141373
676,34,688,10/13/2020,125211,3894,113105,Punjab,30141373
549,31,970,10/14/2020,125760,3925,114075,Punjab,30141373
470,29,1111,10/15/2020,126230,3954,115186,Punjab,30141373
507,26,979,10/16/2020,126737,3980,116165,Punjab,30141373
417,19,760,10/17/2020,127154,3999,116925,Punjab,30141373
476,13,958,10/18/2020,127630,4012,117883,Punjab,30141373
473,17,884,10/19/2020,128103,4029,118767,Punjab,30141373
487,8,891,10/20/2020,128590,4037,119658,Punjab,30141373
498,23,562,10/21/2020,129088,4060,120220,Punjab,30141373
605,12,935,10/22/2020,129693,4072,121155,Punjab,30141373
3,0,1,3/14/2020,3,0,1,Rajasthan,81032689
1,0,2,3/15/2020,4,0,3,Rajasthan,81032689
0,0,0,3/16/2020,4,0,3,Rajasthan,81032689
0,0,0,3/17/2020,4,0,3,Rajasthan,81032689
3,0,0,3/18/2020,7,0,3,Rajasthan,81032689
2,0,0,3/19/2020,9,0,3,Rajasthan,81032689
8,0,0,3/20/2020,17,0,3,Rajasthan,81032689
7,0,0,3/21/2020,24,0,3,Rajasthan,81032689
4,0,0,3/22/2020,28,0,3,Rajasthan,81032689
4,0,0,3/23/2020,32,0,3,Rajasthan,81032689
0,0,0,3/24/2020,32,0,3,Rajasthan,81032689
6,0,0,3/25/2020,38,0,3,Rajasthan,81032689
2,0,0,3/26/2020,40,0,3,Rajasthan,81032689
10,0,0,3/27/2020,50,0,3,Rajasthan,81032689
4,0,0,3/28/2020,54,0,3,Rajasthan,81032689
5,0,0,3/29/2020,59,0,3,Rajasthan,81032689
20,0,0,3/30/2020,79,0,3,Rajasthan,81032689
14,0,0,3/31/2020,93,0,3,Rajasthan,81032689
27,0,0,4/1/2020,120,0,3,Rajasthan,81032689
13,0,0,4/2/2020,133,0,3,Rajasthan,81032689
46,0,0,4/3/2020,179,0,3,Rajasthan,81032689
27,1,22,4/4/2020,206,1,25,Rajasthan,81032689
60,0,0,4/5/2020,266,1,25,Rajasthan,81032689
35,1,0,4/6/2020,301,2,25,Rajasthan,81032689
42,0,0,4/7/2020,343,2,25,Rajasthan,81032689
40,1,20,4/8/2020,383,3,45,Rajasthan,81032689
80,0,15,4/9/2020,463,3,60,Rajasthan,81032689
98,0,0,4/10/2020,561,3,60,Rajasthan,81032689
139,6,56,4/11/2020,700,9,116,Rajasthan,81032689
104,2,5,4/12/2020,804,11,121,Rajasthan,81032689
93,0,0,4/13/2020,897,11,121,Rajasthan,81032689
108,0,26,4/14/2020,1005,11,147,Rajasthan,81032689
71,0,0,4/15/2020,1076,11,147,Rajasthan,81032689
55,0,17,4/16/2020,1131,11,164,Rajasthan,81032689
98,6,19,4/17/2020,1229,17,183,Rajasthan,81032689
122,4,17,4/18/2020,1351,21,200,Rajasthan,81032689
127,2,5,4/19/2020,1478,23,205,Rajasthan,81032689
98,2,0,4/20/2020,1576,25,205,Rajasthan,81032689
159,1,69,4/21/2020,1735,26,274,Rajasthan,81032689
153,1,70,4/22/2020,1888,27,344,Rajasthan,81032689
76,1,107,4/23/2020,1964,28,451,Rajasthan,81032689
70,4,42,4/24/2020,2034,32,493,Rajasthan,81032689
49,2,20,4/25/2020,2083,34,513,Rajasthan,81032689
102,7,116,4/26/2020,2185,41,629,Rajasthan,81032689
77,9,115,4/27/2020,2262,50,744,Rajasthan,81032689
102,2,26,4/28/2020,2364,52,770,Rajasthan,81032689
76,3,44,4/29/2020,2440,55,814,Rajasthan,81032689
144,3,79,4/30/2020,2584,58,893,Rajasthan,81032689
82,4,223,5/1/2020,2666,62,1116,Rajasthan,81032689
106,6,126,5/2/2020,2772,68,1242,Rajasthan,81032689
114,3,114,5/3/2020,2886,71,1356,Rajasthan,81032689
175,6,82,5/4/2020,3061,77,1438,Rajasthan,81032689
97,12,87,5/5/2020,3158,89,1525,Rajasthan,81032689
159,4,214,5/6/2020,3317,93,1739,Rajasthan,81032689
110,6,150,5/7/2020,3427,99,1889,Rajasthan,81032689
152,4,122,5/8/2020,3579,103,2011,Rajasthan,81032689
129,3,151,5/9/2020,3708,106,2162,Rajasthan,81032689
106,2,79,5/10/2020,3814,108,2241,Rajasthan,81032689
174,5,83,5/11/2020,3988,113,2324,Rajasthan,81032689
138,4,130,5/12/2020,4126,117,2454,Rajasthan,81032689
202,4,119,5/13/2020,4328,121,2573,Rajasthan,81032689
206,4,65,5/14/2020,4534,125,2638,Rajasthan,81032689
213,0,91,5/15/2020,4747,125,2729,Rajasthan,81032689
213,1,215,5/16/2020,4960,126,2944,Rajasthan,81032689
242,5,111,5/17/2020,5202,131,3055,Rajasthan,81032689
305,7,163,5/18/2020,5507,138,3218,Rajasthan,81032689
338,5,119,5/19/2020,5845,143,3337,Rajasthan,81032689
170,4,67,5/20/2020,6015,147,3404,Rajasthan,81032689
212,4,81,5/21/2020,6227,151,3485,Rajasthan,81032689
267,2,195,5/22/2020,6494,153,3680,Rajasthan,81032689
248,7,106,5/23/2020,6742,160,3786,Rajasthan,81032689
286,3,62,5/24/2020,7028,163,3848,Rajasthan,81032689
272,4,208,5/25/2020,7300,167,4056,Rajasthan,81032689
236,3,220,5/26/2020,7536,170,4276,Rajasthan,81032689
280,3,286,5/27/2020,7816,173,4562,Rajasthan,81032689
251,7,253,5/28/2020,8067,180,4815,Rajasthan,81032689
298,4,429,5/29/2020,8365,184,5244,Rajasthan,81032689
252,9,495,5/30/2020,8617,193,5739,Rajasthan,81032689
214,1,293,5/31/2020,8831,194,6032,Rajasthan,81032689
269,5,181,6/1/2020,9100,199,6213,Rajasthan,81032689
273,4,222,6/2/2020,9373,203,6435,Rajasthan,81032689
279,6,309,6/3/2020,9652,209,6744,Rajasthan,81032689
210,4,360,6/4/2020,9862,213,7104,Rajasthan,81032689
222,5,255,6/5/2020,10084,218,7359,Rajasthan,81032689
253,13,142,6/6/2020,10337,231,7501,Rajasthan,81032689
262,9,253,6/7/2020,10599,240,7754,Rajasthan,81032689
277,6,363,6/8/2020,10876,246,8117,Rajasthan,81032689
369,9,211,6/9/2020,11245,255,8328,Rajasthan,81032689
355,4,241,6/10/2020,11600,259,8569,Rajasthan,81032689
238,6,206,6/11/2020,11838,265,8775,Rajasthan,81032689
230,7,236,6/12/2020,12068,272,9011,Rajasthan,81032689
333,10,326,6/13/2020,12401,282,9337,Rajasthan,81032689
293,10,229,6/14/2020,12694,292,9566,Rajasthan,81032689
287,9,219,6/15/2020,12981,301,9785,Rajasthan,81032689
235,7,177,6/16/2020,13216,308,9962,Rajasthan,81032689
326,5,505,6/17/2020,13542,313,10467,Rajasthan,81032689
315,17,275,6/18/2020,13857,330,10742,Rajasthan,81032689
299,3,255,6/19/2020,14156,333,10997,Rajasthan,81032689
381,4,277,6/20/2020,14537,337,11274,Rajasthan,81032689
393,12,323,6/21/2020,14930,349,11597,Rajasthan,81032689
302,7,313,6/22/2020,15232,356,11910,Rajasthan,81032689
395,9,303,6/23/2020,15627,365,12213,Rajasthan,81032689
382,10,398,6/24/2020,16009,375,12611,Rajasthan,81032689
287,4,229,6/25/2020,16296,379,12840,Rajasthan,81032689
364,1,222,6/26/2020,16660,380,13062,Rajasthan,81032689
284,11,305,6/27/2020,16944,391,13367,Rajasthan,81032689
327,8,244,6/28/2020,17271,399,13611,Rajasthan,81032689
389,6,310,6/29/2020,17660,405,13921,Rajasthan,81032689
348,8,299,6/30/2020,18008,413,14220,Rajasthan,81032689
304,8,354,7/1/2020,18312,421,14574,Rajasthan,81032689
350,9,374,7/2/2020,18662,430,14948,Rajasthan,81032689
390,10,333,7/3/2020,19052,440,15281,Rajasthan,81032689
480,7,359,7/4/2020,19532,447,15640,Rajasthan,81032689
632,9,288,7/5/2020,20164,456,15928,Rajasthan,81032689
524,5,350,7/6/2020,20688,461,16278,Rajasthan,81032689
716,11,297,7/7/2020,21404,472,16575,Rajasthan,81032689
659,10,291,7/8/2020,22063,482,16866,Rajasthan,81032689
500,9,204,7/9/2020,22563,491,17070,Rajasthan,81032689
611,6,550,7/10/2020,23174,497,17620,Rajasthan,81032689
574,6,249,7/11/2020,23748,503,17869,Rajasthan,81032689
644,7,234,7/12/2020,24392,510,18103,Rajasthan,81032689
544,8,527,7/13/2020,24936,518,18630,Rajasthan,81032689
635,6,539,7/14/2020,25571,524,19169,Rajasthan,81032689
866,6,333,7/15/2020,26437,530,19502,Rajasthan,81032689
737,8,468,7/16/2020,27174,538,19970,Rajasthan,81032689
615,8,656,7/17/2020,27789,546,20626,Rajasthan,81032689
711,7,518,7/18/2020,28500,553,21144,Rajasthan,81032689
934,6,586,7/19/2020,29434,559,21730,Rajasthan,81032689
956,9,465,7/20/2020,30390,568,22195,Rajasthan,81032689
983,9,549,7/21/2020,31373,577,22744,Rajasthan,81032689
961,6,620,7/22/2020,32334,583,23364,Rajasthan,81032689
886,11,451,7/23/2020,33220,594,23815,Rajasthan,81032689
958,8,732,7/24/2020,34178,602,24547,Rajasthan,81032689
1120,11,759,7/25/2020,35298,613,25306,Rajasthan,81032689
1132,11,648,7/26/2020,36430,624,25954,Rajasthan,81032689
1134,9,880,7/27/2020,37564,633,26834,Rajasthan,81032689
1072,11,483,7/28/2020,38636,644,27317,Rajasthan,81032689
1144,10,992,7/29/2020,39780,654,28309,Rajasthan,81032689
1156,13,922,7/30/2020,40936,667,29231,Rajasthan,81032689
1147,13,614,7/31/2020,42083,680,29845,Rajasthan,81032689
1160,14,823,8/1/2020,43243,694,30668,Rajasthan,81032689
1167,12,548,8/2/2020,44410,706,31216,Rajasthan,81032689
1145,13,835,8/3/2020,45555,719,32051,Rajasthan,81032689
1124,13,781,8/4/2020,46679,732,32832,Rajasthan,81032689
1166,13,1017,8/5/2020,47845,745,33849,Rajasthan,81032689
1151,12,1282,8/6/2020,48996,757,35131,Rajasthan,81032689
1161,10,1064,8/7/2020,50157,767,36195,Rajasthan,81032689
1171,11,968,8/8/2020,51328,778,37163,Rajasthan,81032689
1169,11,1072,8/9/2020,52497,789,38235,Rajasthan,81032689
1173,11,825,8/10/2020,53670,800,39060,Rajasthan,81032689
1217,11,1339,8/11/2020,54887,811,40399,Rajasthan,81032689
1213,11,1249,8/12/2020,56100,822,41648,Rajasthan,81032689
1314,11,171,8/13/2020,57414,833,41819,Rajasthan,81032689
1278,13,2078,8/14/2020,58692,846,43897,Rajasthan,81032689
1287,16,1357,8/15/2020,59979,862,45254,Rajasthan,81032689
1317,14,1350,8/16/2020,61296,876,46604,Rajasthan,81032689
1334,11,1050,8/17/2020,62630,887,47654,Rajasthan,81032689
1347,11,1306,8/18/2020,63977,898,48960,Rajasthan,81032689
1312,12,1003,8/19/2020,65289,910,49963,Rajasthan,81032689
1330,11,1227,8/20/2020,66619,921,51190,Rajasthan,81032689
1335,12,1306,8/21/2020,67954,933,52496,Rajasthan,81032689
1310,11,1648,8/22/2020,69264,944,54144,Rajasthan,81032689
1345,11,1180,8/23/2020,70609,955,55324,Rajasthan,81032689
1346,12,1276,8/24/2020,71955,967,56600,Rajasthan,81032689
1370,13,1526,8/25/2020,73325,980,58126,Rajasthan,81032689
1345,12,1453,8/26/2020,74670,992,59579,Rajasthan,81032689
1345,13,1006,8/27/2020,76015,1005,60585,Rajasthan,81032689
1355,12,1448,8/28/2020,77370,1017,62033,Rajasthan,81032689
1407,13,938,8/29/2020,78777,1030,62971,Rajasthan,81032689
1450,13,2122,8/30/2020,80227,1043,65093,Rajasthan,81032689
1466,13,1719,8/31/2020,81693,1056,66812,Rajasthan,81032689
1470,13,1312,9/1/2020,83163,1069,68124,Rajasthan,81032689
1511,12,2550,9/2/2020,84674,1081,70674,Rajasthan,81032689
1553,14,546,9/3/2020,86227,1095,71220,Rajasthan,81032689
1570,13,679,9/4/2020,87797,1108,71899,Rajasthan,81032689
1566,14,1346,9/5/2020,89363,1122,73245,Rajasthan,81032689
1593,15,1616,9/6/2020,90956,1137,74861,Rajasthan,81032689
1580,14,1566,9/7/2020,92536,1151,76427,Rajasthan,81032689
1590,13,1445,9/8/2020,94126,1164,77872,Rajasthan,81032689
1610,14,1578,9/9/2020,95736,1178,79450,Rajasthan,81032689
1640,14,1032,9/10/2020,97376,1192,80482,Rajasthan,81032689
1660,15,1488,9/11/2020,99036,1207,81970,Rajasthan,81032689
1669,14,932,9/12/2020,100705,1221,82902,Rajasthan,81032689
1703,15,1616,9/13/2020,102408,1236,84518,Rajasthan,81032689
1730,14,1644,9/14/2020,104138,1250,86162,Rajasthan,81032689
1760,14,1711,9/15/2020,105898,1264,87873,Rajasthan,81032689
1782,15,1479,9/16/2020,107680,1279,89352,Rajasthan,81032689
1793,14,1333,9/17/2020,109473,1293,90685,Rajasthan,81032689
1817,15,1580,9/18/2020,111290,1308,92265,Rajasthan,81032689
1834,14,1540,9/19/2020,113124,1322,93805,Rajasthan,81032689
1865,14,1664,9/20/2020,114989,1336,95469,Rajasthan,81032689
1892,16,1815,9/21/2020,116881,1352,97284,Rajasthan,81032689
1912,15,1528,9/22/2020,118793,1367,98812,Rajasthan,81032689
1946,15,1553,9/23/2020,120739,1382,100365,Rajasthan,81032689
1981,15,1965,9/24/2020,122720,1397,102330,Rajasthan,81032689
2010,15,1958,9/25/2020,124730,1412,104288,Rajasthan,81032689
2045,14,1706,9/26/2020,126775,1426,105994,Rajasthan,81032689
2084,15,1724,9/27/2020,128859,1441,107718,Rajasthan,81032689
2112,15,1754,9/28/2020,130971,1456,109472,Rajasthan,81032689
2148,15,1800,9/29/2020,133119,1471,111272,Rajasthan,81032689
2173,15,1953,9/30/2020,135292,1486,113225,Rajasthan,81032689
2193,14,1953,10/1/2020,137485,1500,115178,Rajasthan,81032689
2211,16,2060,10/2/2020,139696,1516,117238,Rajasthan,81032689
2150,14,2003,10/3/2020,141846,1530,119241,Rajasthan,81032689
2184,15,2090,10/4/2020,144030,1545,121331,Rajasthan,81032689
2165,14,2090,10/5/2020,146195,1559,123421,Rajasthan,81032689
2121,15,2027,10/6/2020,148316,1574,125448,Rajasthan,81032689
2151,16,2078,10/7/2020,150467,1590,127526,Rajasthan,81032689
2138,15,2092,10/8/2020,152605,1605,129618,Rajasthan,81032689
2180,16,2148,10/9/2020,154785,1621,131766,Rajasthan,81032689
2123,15,2152,10/10/2020,156908,1636,133918,Rajasthan,81032689
2144,14,2072,10/11/2020,159052,1650,135990,Rajasthan,81032689
2132,15,1858,10/12/2020,161184,1665,137848,Rajasthan,81032689
2035,14,1768,10/13/2020,163219,1679,139616,Rajasthan,81032689
2021,15,2219,10/14/2020,165240,1694,141835,Rajasthan,81032689
2039,14,2149,10/15/2020,167279,1708,143984,Rajasthan,81032689
2010,15,2201,10/16/2020,169289,1723,146185,Rajasthan,81032689
1992,12,2106,10/17/2020,171281,1735,148291,Rajasthan,81032689
1985,13,2088,10/18/2020,173266,1748,150379,Rajasthan,81032689
1960,12,2194,10/19/2020,175226,1760,152573,Rajasthan,81032689
1897,14,2522,10/20/2020,177123,1774,155095,Rajasthan,81032689
1810,14,2865,10/21/2020,178933,1788,157960,Rajasthan,81032689
1822,12,2654,10/22/2020,180755,1800,160614,Rajasthan,81032689
0,0,0,3/14/2020,0,0,0,Sikkim,690251
0,0,0,3/15/2020,0,0,0,Sikkim,690251
0,0,0,3/16/2020,0,0,0,Sikkim,690251
0,0,0,3/17/2020,0,0,0,Sikkim,690251
0,0,0,3/18/2020,0,0,0,Sikkim,690251
0,0,0,3/19/2020,0,0,0,Sikkim,690251
0,0,0,3/20/2020,0,0,0,Sikkim,690251
0,0,0,3/21/2020,0,0,0,Sikkim,690251
0,0,0,3/22/2020,0,0,0,Sikkim,690251
0,0,0,3/23/2020,0,0,0,Sikkim,690251
0,0,0,3/24/2020,0,0,0,Sikkim,690251
0,0,0,3/25/2020,0,0,0,Sikkim,690251
0,0,0,3/26/2020,0,0,0,Sikkim,690251
0,0,0,3/27/2020,0,0,0,Sikkim,690251
0,0,0,3/28/2020,0,0,0,Sikkim,690251
0,0,0,3/29/2020,0,0,0,Sikkim,690251
0,0,0,3/30/2020,0,0,0,Sikkim,690251
0,0,0,3/31/2020,0,0,0,Sikkim,690251
0,0,0,4/1/2020,0,0,0,Sikkim,690251
0,0,0,4/2/2020,0,0,0,Sikkim,690251
0,0,0,4/3/2020,0,0,0,Sikkim,690251
0,0,0,4/4/2020,0,0,0,Sikkim,690251
0,0,0,4/5/2020,0,0,0,Sikkim,690251
0,0,0,4/6/2020,0,0,0,Sikkim,690251
0,0,0,4/7/2020,0,0,0,Sikkim,690251
0,0,0,4/8/2020,0,0,0,Sikkim,690251
0,0,0,4/9/2020,0,0,0,Sikkim,690251
0,0,0,4/10/2020,0,0,0,Sikkim,690251
0,0,0,4/11/2020,0,0,0,Sikkim,690251
0,0,0,4/12/2020,0,0,0,Sikkim,690251
0,0,0,4/13/2020,0,0,0,Sikkim,690251
0,0,0,4/14/2020,0,0,0,Sikkim,690251
0,0,0,4/15/2020,0,0,0,Sikkim,690251
0,0,0,4/16/2020,0,0,0,Sikkim,690251
0,0,0,4/17/2020,0,0,0,Sikkim,690251
0,0,0,4/18/2020,0,0,0,Sikkim,690251
0,0,0,4/19/2020,0,0,0,Sikkim,690251
0,0,0,4/20/2020,0,0,0,Sikkim,690251
0,0,0,4/21/2020,0,0,0,Sikkim,690251
0,0,0,4/22/2020,0,0,0,Sikkim,690251
0,0,0,4/23/2020,0,0,0,Sikkim,690251
0,0,0,4/24/2020,0,0,0,Sikkim,690251
0,0,0,4/25/2020,0,0,0,Sikkim,690251
0,0,0,4/26/2020,0,0,0,Sikkim,690251
0,0,0,4/27/2020,0,0,0,Sikkim,690251
0,0,0,4/28/2020,0,0,0,Sikkim,690251
0,0,0,4/29/2020,0,0,0,Sikkim,690251
0,0,0,4/30/2020,0,0,0,Sikkim,690251
0,0,0,5/1/2020,0,0,0,Sikkim,690251
0,0,0,5/2/2020,0,0,0,Sikkim,690251
0,0,0,5/3/2020,0,0,0,Sikkim,690251
0,0,0,5/4/2020,0,0,0,Sikkim,690251
0,0,0,5/5/2020,0,0,0,Sikkim,690251
0,0,0,5/6/2020,0,0,0,Sikkim,690251
0,0,0,5/7/2020,0,0,0,Sikkim,690251
0,0,0,5/8/2020,0,0,0,Sikkim,690251
0,0,0,5/9/2020,0,0,0,Sikkim,690251
0,0,0,5/10/2020,0,0,0,Sikkim,690251
0,0,0,5/11/2020,0,0,0,Sikkim,690251
0,0,0,5/12/2020,0,0,0,Sikkim,690251
0,0,0,5/13/2020,0,0,0,Sikkim,690251
0,0,0,5/14/2020,0,0,0,Sikkim,690251
0,0,0,5/15/2020,0,0,0,Sikkim,690251
0,0,0,5/16/2020,0,0,0,Sikkim,690251
0,0,0,5/17/2020,0,0,0,Sikkim,690251
0,0,0,5/18/2020,0,0,0,Sikkim,690251
0,0,0,5/19/2020,0,0,0,Sikkim,690251
0,0,0,5/20/2020,0,0,0,Sikkim,690251
0,0,0,5/21/2020,0,0,0,Sikkim,690251
0,0,0,5/22/2020,0,0,0,Sikkim,690251
1,0,0,5/23/2020,1,0,0,Sikkim,690251
0,0,0,5/24/2020,1,0,0,Sikkim,690251
0,0,0,5/25/2020,1,0,0,Sikkim,690251
0,0,0,5/26/2020,1,0,0,Sikkim,690251
0,0,0,5/27/2020,1,0,0,Sikkim,690251
0,0,0,5/28/2020,1,0,0,Sikkim,690251
0,0,0,5/29/2020,1,0,0,Sikkim,690251
0,0,0,5/30/2020,1,0,0,Sikkim,690251
0,0,0,5/31/2020,1,0,0,Sikkim,690251
0,0,0,6/1/2020,1,0,0,Sikkim,690251
0,0,0,6/2/2020,1,0,0,Sikkim,690251
1,0,0,6/3/2020,2,0,0,Sikkim,690251
0,0,0,6/4/2020,2,0,0,Sikkim,690251
1,0,0,6/5/2020,3,0,0,Sikkim,690251
4,0,0,6/6/2020,7,0,0,Sikkim,690251
0,0,0,6/7/2020,7,0,0,Sikkim,690251
0,0,0,6/8/2020,7,0,0,Sikkim,690251
6,0,3,6/9/2020,13,0,3,Sikkim,690251
0,0,0,6/10/2020,13,0,3,Sikkim,690251
0,0,0,6/11/2020,13,0,3,Sikkim,690251
50,0,0,6/12/2020,63,0,3,Sikkim,690251
0,0,2,6/13/2020,63,0,5,Sikkim,690251
5,0,0,6/14/2020,68,0,5,Sikkim,690251
0,0,0,6/15/2020,68,0,5,Sikkim,690251
0,0,0,6/16/2020,68,0,5,Sikkim,690251
2,0,0,6/17/2020,70,0,5,Sikkim,690251
0,0,1,6/18/2020,70,0,6,Sikkim,690251
0,0,16,6/19/2020,70,0,22,Sikkim,690251
0,0,0,6/20/2020,70,0,22,Sikkim,690251
8,0,4,6/21/2020,78,0,26,Sikkim,690251
0,0,4,6/22/2020,78,0,30,Sikkim,690251
1,0,0,6/23/2020,79,0,30,Sikkim,690251
4,0,10,6/24/2020,83,0,40,Sikkim,690251
2,0,0,6/25/2020,85,0,40,Sikkim,690251
2,0,0,6/26/2020,87,0,40,Sikkim,690251
0,0,10,6/27/2020,87,0,50,Sikkim,690251
1,0,0,6/28/2020,88,0,50,Sikkim,690251
0,0,0,6/29/2020,88,0,50,Sikkim,690251
0,0,1,6/30/2020,88,0,51,Sikkim,690251
1,0,2,7/1/2020,89,0,53,Sikkim,690251
12,0,0,7/2/2020,101,0,53,Sikkim,690251
1,0,0,7/3/2020,102,0,53,Sikkim,690251
1,0,0,7/4/2020,103,0,53,Sikkim,690251
22,0,9,7/5/2020,125,0,62,Sikkim,690251
0,0,4,7/6/2020,125,0,66,Sikkim,690251
2,0,0,7/7/2020,127,0,66,Sikkim,690251
6,0,6,7/8/2020,133,0,72,Sikkim,690251
1,0,0,7/9/2020,134,0,72,Sikkim,690251
0,0,9,7/10/2020,134,0,81,Sikkim,690251
26,0,0,7/11/2020,160,0,81,Sikkim,690251
4,0,1,7/12/2020,164,0,82,Sikkim,690251
2,0,6,7/13/2020,166,0,88,Sikkim,690251
45,0,-1,7/14/2020,211,0,87,Sikkim,690251
11,0,1,7/15/2020,222,0,88,Sikkim,690251
13,0,0,7/16/2020,235,0,88,Sikkim,690251
32,0,1,7/17/2020,267,0,89,Sikkim,690251
19,0,2,7/18/2020,286,0,91,Sikkim,690251
10,0,0,7/19/2020,296,0,91,Sikkim,690251
22,0,2,7/20/2020,318,0,93,Sikkim,690251
25,0,16,7/21/2020,343,0,109,Sikkim,690251
108,0,4,7/22/2020,451,0,113,Sikkim,690251
22,0,10,7/23/2020,473,0,123,Sikkim,690251
17,0,15,7/24/2020,490,0,138,Sikkim,690251
22,0,5,7/25/2020,512,0,143,Sikkim,690251
46,1,5,7/26/2020,558,1,148,Sikkim,690251
10,0,27,7/27/2020,568,1,175,Sikkim,690251
24,0,12,7/28/2020,592,1,187,Sikkim,690251
17,0,12,7/29/2020,609,1,199,Sikkim,690251
14,0,16,7/30/2020,623,1,215,Sikkim,690251
29,0,17,7/31/2020,652,1,232,Sikkim,690251
11,0,38,8/1/2020,663,1,270,Sikkim,690251
8,0,20,8/2/2020,671,1,290,Sikkim,690251
30,0,8,8/3/2020,701,1,298,Sikkim,690251
95,0,2,8/4/2020,796,1,300,Sikkim,690251
17,0,4,8/5/2020,813,1,304,Sikkim,690251
29,0,50,8/6/2020,842,1,354,Sikkim,690251
25,0,53,8/7/2020,867,1,407,Sikkim,690251
6,0,11,8/8/2020,873,1,418,Sikkim,690251
6,0,80,8/9/2020,879,1,498,Sikkim,690251
44,0,13,8/10/2020,923,1,511,Sikkim,690251
3,0,24,8/11/2020,926,1,535,Sikkim,690251
17,0,16,8/12/2020,943,1,551,Sikkim,690251
1,0,31,8/13/2020,944,1,582,Sikkim,690251
149,0,42,8/14/2020,1093,1,624,Sikkim,690251
68,0,38,8/15/2020,1161,1,662,Sikkim,690251
19,0,12,8/16/2020,1180,1,674,Sikkim,690251
20,0,28,8/17/2020,1200,1,702,Sikkim,690251
20,1,54,8/18/2020,1220,2,756,Sikkim,690251
25,1,34,8/19/2020,1245,3,790,Sikkim,690251
58,0,38,8/20/2020,1303,3,828,Sikkim,690251
46,0,7,8/21/2020,1349,3,835,Sikkim,690251
45,0,37,8/22/2020,1394,3,872,Sikkim,690251
22,0,0,8/23/2020,1416,3,872,Sikkim,690251
43,0,63,8/24/2020,1459,3,935,Sikkim,690251
29,0,120,8/25/2020,1488,3,1055,Sikkim,690251
11,0,22,8/26/2020,1499,3,1077,Sikkim,690251
56,0,75,8/27/2020,1555,3,1152,Sikkim,690251
34,0,33,8/28/2020,1589,3,1185,Sikkim,690251
26,0,11,8/29/2020,1615,3,1196,Sikkim,690251
25,0,25,8/30/2020,1640,3,1221,Sikkim,690251
25,0,5,8/31/2020,1665,3,1226,Sikkim,690251
18,1,12,9/1/2020,1683,4,1238,Sikkim,690251
34,0,23,9/2/2020,1717,4,1261,Sikkim,690251
34,1,44,9/3/2020,1751,5,1305,Sikkim,690251
105,0,17,9/4/2020,1856,5,1322,Sikkim,690251
58,0,26,9/5/2020,1914,5,1348,Sikkim,690251
9,0,24,9/6/2020,1923,5,1372,Sikkim,690251
29,0,25,9/7/2020,1952,5,1397,Sikkim,690251
19,2,17,9/8/2020,1971,7,1414,Sikkim,690251
31,0,16,9/9/2020,2002,7,1430,Sikkim,690251
20,0,41,9/10/2020,2022,7,1471,Sikkim,690251
17,4,16,9/11/2020,2039,11,1487,Sikkim,690251
29,2,17,9/12/2020,2068,13,1504,Sikkim,690251
31,3,2,9/13/2020,2099,16,1506,Sikkim,690251
33,0,16,9/14/2020,2132,16,1522,Sikkim,690251
54,3,169,9/15/2020,2186,19,1691,Sikkim,690251
48,0,32,9/16/2020,2234,19,1723,Sikkim,690251
53,4,67,9/17/2020,2287,23,1790,Sikkim,690251
29,3,68,9/18/2020,2316,26,1858,Sikkim,690251
39,2,34,9/19/2020,2355,28,1892,Sikkim,690251
49,1,3,9/20/2020,2404,29,1895,Sikkim,690251
56,0,11,9/21/2020,2460,29,1906,Sikkim,690251
66,0,23,9/22/2020,2526,29,1929,Sikkim,690251
35,1,14,9/23/2020,2561,30,1943,Sikkim,690251
64,1,31,9/24/2020,2625,31,1974,Sikkim,690251
92,0,21,9/25/2020,2717,31,1995,Sikkim,690251
48,0,22,9/26/2020,2765,31,2017,Sikkim,690251
38,2,49,9/27/2020,2803,33,2066,Sikkim,690251
25,2,18,9/28/2020,2828,35,2084,Sikkim,690251
41,0,71,9/29/2020,2869,35,2155,Sikkim,690251
75,2,68,9/30/2020,2944,37,2223,Sikkim,690251
38,3,72,10/1/2020,2982,40,2295,Sikkim,690251
42,1,34,10/2/2020,3024,41,2329,Sikkim,690251
39,2,39,10/3/2020,3063,43,2368,Sikkim,690251
43,2,32,10/4/2020,3106,45,2400,Sikkim,690251
17,1,67,10/5/2020,3123,46,2467,Sikkim,690251
25,3,40,10/6/2020,3148,49,2507,Sikkim,690251
99,2,28,10/7/2020,3247,51,2535,Sikkim,690251
12,1,35,10/8/2020,3259,52,2570,Sikkim,690251
33,2,71,10/9/2020,3292,54,2641,Sikkim,690251
42,1,95,10/10/2020,3334,55,2736,Sikkim,690251
39,1,104,10/11/2020,3373,56,2840,Sikkim,690251
7,1,5,10/12/2020,3380,57,2845,Sikkim,690251
50,2,89,10/13/2020,3430,59,2934,Sikkim,690251
42,0,61,10/14/2020,3472,59,2995,Sikkim,690251
41,0,54,10/15/2020,3513,59,3049,Sikkim,690251
31,0,48,10/16/2020,3544,59,3097,Sikkim,690251
36,0,56,10/17/2020,3580,59,3153,Sikkim,690251
30,1,32,10/18/2020,3610,60,3185,Sikkim,690251
4,2,11,10/19/2020,3614,62,3196,Sikkim,690251
42,1,50,10/20/2020,3656,63,3246,Sikkim,690251
34,0,35,10/21/2020,3690,63,3281,Sikkim,690251
50,0,48,10/22/2020,3740,63,3329,Sikkim,690251
1,0,0,3/14/2020,1,0,0,Tamil Nadu,77841267
0,0,0,3/15/2020,1,0,0,Tamil Nadu,77841267
0,0,1,3/16/2020,1,0,1,Tamil Nadu,77841267
0,0,0,3/17/2020,1,0,1,Tamil Nadu,77841267
1,0,0,3/18/2020,2,0,1,Tamil Nadu,77841267
1,0,0,3/19/2020,3,0,1,Tamil Nadu,77841267
0,0,0,3/20/2020,3,0,1,Tamil Nadu,77841267
3,0,0,3/21/2020,6,0,1,Tamil Nadu,77841267
3,0,0,3/22/2020,9,0,1,Tamil Nadu,77841267
3,0,0,3/23/2020,12,0,1,Tamil Nadu,77841267
6,1,0,3/24/2020,18,1,1,Tamil Nadu,77841267
8,0,0,3/25/2020,26,1,1,Tamil Nadu,77841267
3,0,0,3/26/2020,29,1,1,Tamil Nadu,77841267
9,0,1,3/27/2020,38,1,2,Tamil Nadu,77841267
4,0,0,3/28/2020,42,1,2,Tamil Nadu,77841267
8,0,0,3/29/2020,50,1,2,Tamil Nadu,77841267
17,0,2,3/30/2020,67,1,4,Tamil Nadu,77841267
57,0,2,3/31/2020,124,1,6,Tamil Nadu,77841267
110,0,0,4/1/2020,234,1,6,Tamil Nadu,77841267
75,0,0,4/2/2020,309,1,6,Tamil Nadu,77841267
102,0,0,4/3/2020,411,1,6,Tamil Nadu,77841267
74,2,2,4/4/2020,485,3,8,Tamil Nadu,77841267
86,2,0,4/5/2020,571,5,8,Tamil Nadu,77841267
50,1,5,4/6/2020,621,6,13,Tamil Nadu,77841267
69,1,6,4/7/2020,690,7,19,Tamil Nadu,77841267
48,1,2,4/8/2020,738,8,21,Tamil Nadu,77841267
96,0,6,4/9/2020,834,8,27,Tamil Nadu,77841267
77,1,17,4/10/2020,911,9,44,Tamil Nadu,77841267
58,1,0,4/11/2020,969,10,44,Tamil Nadu,77841267
106,1,6,4/12/2020,1075,11,50,Tamil Nadu,77841267
98,0,8,4/13/2020,1173,11,58,Tamil Nadu,77841267
31,1,23,4/14/2020,1204,12,81,Tamil Nadu,77841267
38,2,37,4/15/2020,1242,14,118,Tamil Nadu,77841267
25,1,62,4/16/2020,1267,15,180,Tamil Nadu,77841267
56,0,103,4/17/2020,1323,15,283,Tamil Nadu,77841267
49,0,82,4/18/2020,1372,15,365,Tamil Nadu,77841267
105,0,46,4/19/2020,1477,15,411,Tamil Nadu,77841267
43,2,46,4/20/2020,1520,17,457,Tamil Nadu,77841267
76,1,178,4/21/2020,1596,18,635,Tamil Nadu,77841267
33,0,27,4/22/2020,1629,18,662,Tamil Nadu,77841267
54,2,90,4/23/2020,1683,20,752,Tamil Nadu,77841267
72,2,114,4/24/2020,1755,22,866,Tamil Nadu,77841267
66,1,94,4/25/2020,1821,23,960,Tamil Nadu,77841267
64,1,60,4/26/2020,1885,24,1020,Tamil Nadu,77841267
52,0,54,4/27/2020,1937,24,1074,Tamil Nadu,77841267
121,1,54,4/28/2020,2058,25,1128,Tamil Nadu,77841267
104,2,82,4/29/2020,2162,27,1210,Tamil Nadu,77841267
161,0,48,4/30/2020,2323,27,1258,Tamil Nadu,77841267
203,1,54,5/1/2020,2526,28,1312,Tamil Nadu,77841267
231,1,29,5/2/2020,2757,29,1341,Tamil Nadu,77841267
266,1,38,5/3/2020,3023,30,1379,Tamil Nadu,77841267
527,1,30,5/4/2020,3550,31,1409,Tamil Nadu,77841267
508,2,76,5/5/2020,4058,33,1485,Tamil Nadu,77841267
771,2,31,5/6/2020,4829,35,1516,Tamil Nadu,77841267
580,2,31,5/7/2020,5409,37,1547,Tamil Nadu,77841267
600,3,58,5/8/2020,6009,40,1605,Tamil Nadu,77841267
526,4,219,5/9/2020,6535,44,1824,Tamil Nadu,77841267
669,3,135,5/10/2020,7204,47,1959,Tamil Nadu,77841267
798,6,92,5/11/2020,8002,53,2051,Tamil Nadu,77841267
716,8,83,5/12/2020,8718,61,2134,Tamil Nadu,77841267
509,3,41,5/13/2020,9227,64,2175,Tamil Nadu,77841267
447,2,65,5/14/2020,9674,66,2240,Tamil Nadu,77841267
434,5,359,5/15/2020,10108,71,2599,Tamil Nadu,77841267
477,4,939,5/16/2020,10585,75,3538,Tamil Nadu,77841267
639,4,634,5/17/2020,11224,79,4172,Tamil Nadu,77841267
536,3,234,5/18/2020,11760,82,4406,Tamil Nadu,77841267
688,3,489,5/19/2020,12448,85,4895,Tamil Nadu,77841267
743,3,987,5/20/2020,13191,88,5882,Tamil Nadu,77841267
776,7,400,5/21/2020,13967,95,6282,Tamil Nadu,77841267
786,4,846,5/22/2020,14753,99,7128,Tamil Nadu,77841267
759,5,363,5/23/2020,15512,104,7491,Tamil Nadu,77841267
765,8,833,5/24/2020,16277,112,8324,Tamil Nadu,77841267
805,7,407,5/25/2020,17082,119,8731,Tamil Nadu,77841267
646,11,611,5/26/2020,17728,130,9342,Tamil Nadu,77841267
817,6,567,5/27/2020,18545,136,9909,Tamil Nadu,77841267
827,12,639,5/28/2020,19372,148,10548,Tamil Nadu,77841267
874,9,765,5/29/2020,20246,157,11313,Tamil Nadu,77841267
938,6,687,5/30/2020,21184,163,12000,Tamil Nadu,77841267
1149,13,757,5/31/2020,22333,176,12757,Tamil Nadu,77841267
1162,11,413,6/1/2020,23495,187,13170,Tamil Nadu,77841267
1091,13,536,6/2/2020,24586,200,13706,Tamil Nadu,77841267
1286,8,610,6/3/2020,25872,208,14316,Tamil Nadu,77841267
1384,15,585,6/4/2020,27256,223,14901,Tamil Nadu,77841267
1438,12,861,6/5/2020,28694,235,15762,Tamil Nadu,77841267
1458,19,633,6/6/2020,30152,254,16395,Tamil Nadu,77841267
1515,18,604,6/7/2020,31667,272,16999,Tamil Nadu,77841267
1562,17,528,6/8/2020,33229,289,17527,Tamil Nadu,77841267
1685,18,798,6/9/2020,34914,307,18325,Tamil Nadu,77841267
1927,19,1008,6/10/2020,36841,326,19333,Tamil Nadu,77841267
1875,23,1372,6/11/2020,38716,349,20705,Tamil Nadu,77841267
1982,18,1342,6/12/2020,40698,367,22047,Tamil Nadu,77841267
1989,30,1362,6/13/2020,42687,397,23409,Tamil Nadu,77841267
1974,38,1138,6/14/2020,44661,435,24547,Tamil Nadu,77841267
1843,44,797,6/15/2020,46504,479,25344,Tamil Nadu,77841267
1515,49,1438,6/16/2020,48019,528,26782,Tamil Nadu,77841267
2174,48,842,6/17/2020,50193,576,27624,Tamil Nadu,77841267
2141,49,1017,6/18/2020,52334,625,28641,Tamil Nadu,77841267
2115,41,1630,6/19/2020,54449,666,30271,Tamil Nadu,77841267
2396,38,1045,6/20/2020,56845,704,31316,Tamil Nadu,77841267
2532,53,1438,6/21/2020,59377,757,32754,Tamil Nadu,77841267
2710,37,1358,6/22/2020,62087,794,34112,Tamil Nadu,77841267
2516,39,1227,6/23/2020,64603,833,35339,Tamil Nadu,77841267
2865,33,2424,6/24/2020,67468,866,37763,Tamil Nadu,77841267
3509,45,2236,6/25/2020,70977,911,39999,Tamil Nadu,77841267
3645,46,1358,6/26/2020,74622,957,41357,Tamil Nadu,77841267
3713,68,2737,6/27/2020,78335,1025,44094,Tamil Nadu,77841267
3940,54,1443,6/28/2020,82275,1079,45537,Tamil Nadu,77841267
3949,62,2212,6/29/2020,86224,1141,47749,Tamil Nadu,77841267
3943,60,2325,6/30/2020,90167,1201,50074,Tamil Nadu,77841267
3882,63,2852,7/1/2020,94049,1264,52926,Tamil Nadu,77841267
4343,57,3095,7/2/2020,98392,1321,56021,Tamil Nadu,77841267
4329,64,2357,7/3/2020,102721,1385,58378,Tamil Nadu,77841267
4280,65,2214,7/4/2020,107001,1450,60592,Tamil Nadu,77841267
4150,60,2186,7/5/2020,111151,1510,62778,Tamil Nadu,77841267
3827,61,3793,7/6/2020,114978,1571,66571,Tamil Nadu,77841267
3616,65,4545,7/7/2020,118594,1636,71116,Tamil Nadu,77841267
3756,64,3051,7/8/2020,122350,1700,74167,Tamil Nadu,77841267
4231,65,3994,7/9/2020,126581,1765,78161,Tamil Nadu,77841267
3680,64,4163,7/10/2020,130261,1829,82324,Tamil Nadu,77841267
3965,69,3591,7/11/2020,134226,1898,85915,Tamil Nadu,77841267
4244,68,3617,7/12/2020,138470,1966,89532,Tamil Nadu,77841267
4328,66,3035,7/13/2020,142798,2032,92567,Tamil Nadu,77841267
4526,67,4743,7/14/2020,147324,2099,97310,Tamil Nadu,77841267
4496,68,5000,7/15/2020,151820,2167,102310,Tamil Nadu,77841267
4549,69,5106,7/16/2020,156369,2236,107416,Tamil Nadu,77841267
4538,79,3391,7/17/2020,160907,2315,110807,Tamil Nadu,77841267
4807,88,3049,7/18/2020,165714,2403,113856,Tamil Nadu,77841267
4979,78,4059,7/19/2020,170693,2481,117915,Tamil Nadu,77841267
4985,70,3861,7/20/2020,175678,2551,121776,Tamil Nadu,77841267
4965,75,4894,7/21/2020,180643,2626,126670,Tamil Nadu,77841267
5849,518,4913,7/22/2020,186492,3144,131583,Tamil Nadu,77841267
6472,88,5210,7/23/2020,192964,3232,136793,Tamil Nadu,77841267
6785,88,6504,7/24/2020,199749,3320,143297,Tamil Nadu,77841267
6988,89,7758,7/25/2020,206737,3409,151055,Tamil Nadu,77841267
6986,85,5471,7/26/2020,213723,3494,156526,Tamil Nadu,77841267
6993,77,5723,7/27/2020,220716,3571,162249,Tamil Nadu,77841267
6972,88,4707,7/28/2020,227688,3659,166956,Tamil Nadu,77841267
6426,82,5927,7/29/2020,234114,3741,172883,Tamil Nadu,77841267
5864,100,5295,7/30/2020,239978,3841,178178,Tamil Nadu,77841267
5881,94,5778,7/31/2020,245859,3935,183956,Tamil Nadu,77841267
5879,99,7010,8/1/2020,251738,4034,190966,Tamil Nadu,77841267
5875,98,5517,8/2/2020,257613,4132,196483,Tamil Nadu,77841267
5609,109,5800,8/3/2020,263222,4241,202283,Tamil Nadu,77841267
5063,108,6501,8/4/2020,268285,4349,208784,Tamil Nadu,77841267
5175,112,6031,8/5/2020,273460,4461,214815,Tamil Nadu,77841267
5684,110,6272,8/6/2020,279144,4571,221087,Tamil Nadu,77841267
5880,119,6488,8/7/2020,285024,4690,227575,Tamil Nadu,77841267
5883,118,5043,8/8/2020,290907,4808,232618,Tamil Nadu,77841267
5994,119,6020,8/9/2020,296901,4927,238638,Tamil Nadu,77841267
5914,114,6037,8/10/2020,302815,5041,244675,Tamil Nadu,77841267
5834,118,6005,8/11/2020,308649,5159,250680,Tamil Nadu,77841267
5871,119,5633,8/12/2020,314520,5278,256313,Tamil Nadu,77841267
5835,119,5146,8/13/2020,320355,5397,261459,Tamil Nadu,77841267
5890,117,5556,8/14/2020,326245,5514,267015,Tamil Nadu,77841267
5860,127,5236,8/15/2020,332105,5641,272251,Tamil Nadu,77841267
5950,125,6019,8/16/2020,338055,5766,278270,Tamil Nadu,77841267
5890,120,5667,8/17/2020,343945,5886,283937,Tamil Nadu,77841267
5709,121,5850,8/18/2020,349654,6007,289787,Tamil Nadu,77841267
5795,116,6384,8/19/2020,355449,6123,296171,Tamil Nadu,77841267
5986,116,5742,8/20/2020,361435,6239,301913,Tamil Nadu,77841267
5995,101,5764,8/21/2020,367430,6340,307677,Tamil Nadu,77841267
5980,80,5603,8/22/2020,373410,6420,313280,Tamil Nadu,77841267
5975,97,6047,8/23/2020,379385,6517,319327,Tamil Nadu,77841267
5967,97,6129,8/24/2020,385352,6614,325456,Tamil Nadu,77841267
5951,107,6998,8/25/2020,391303,6721,332454,Tamil Nadu,77841267
5958,118,5606,8/26/2020,397261,6839,338060,Tamil Nadu,77841267
5981,109,5870,8/27/2020,403242,6948,343930,Tamil Nadu,77841267
5996,102,5752,8/28/2020,409238,7050,349682,Tamil Nadu,77841267
6352,87,6045,8/29/2020,415590,7137,355727,Tamil Nadu,77841267
6495,94,6406,8/30/2020,422085,7231,362133,Tamil Nadu,77841267
5956,91,6008,8/31/2020,428041,7322,368141,Tamil Nadu,77841267
5928,96,6031,9/1/2020,433969,7418,374172,Tamil Nadu,77841267
5990,98,5891,9/2/2020,439959,7516,380063,Tamil Nadu,77841267
5892,92,6110,9/3/2020,445851,7608,386173,Tamil Nadu,77841267
5976,79,6334,9/4/2020,451827,7687,392507,Tamil Nadu,77841267
5870,64,5859,9/5/2020,457697,7751,398366,Tamil Nadu,77841267
5783,85,5820,9/6/2020,463480,7836,404186,Tamil Nadu,77841267
5776,89,5930,9/7/2020,469256,7925,410116,Tamil Nadu,77841267
5684,87,6599,9/8/2020,474940,8012,416715,Tamil Nadu,77841267
5584,78,6516,9/9/2020,480524,8090,423231,Tamil Nadu,77841267
5528,64,6185,9/10/2020,486052,8154,429416,Tamil Nadu,77841267
5519,77,6006,9/11/2020,491571,8231,435422,Tamil Nadu,77841267
5495,76,6227,9/12/2020,497066,8307,441649,Tamil Nadu,77841267
5693,74,5717,9/13/2020,502759,8381,447366,Tamil Nadu,77841267
5752,53,5799,9/14/2020,508511,8434,453165,Tamil Nadu,77841267
5697,68,5735,9/15/2020,514208,8502,458900,Tamil Nadu,77841267
5652,57,5768,9/16/2020,519860,8559,464668,Tamil Nadu,77841267
5560,59,5524,9/17/2020,525420,8618,470192,Tamil Nadu,77841267
5488,67,5525,9/18/2020,530908,8685,475717,Tamil Nadu,77841267
5569,66,5556,9/19/2020,536477,8751,481273,Tamil Nadu,77841267
5516,60,5206,9/20/2020,541993,8811,486479,Tamil Nadu,77841267
5344,60,5492,9/21/2020,547337,8871,491971,Tamil Nadu,77841267
5337,76,5406,9/22/2020,552674,8947,497377,Tamil Nadu,77841267
5325,63,5363,9/23/2020,557999,9010,502740,Tamil Nadu,77841267
5692,66,5470,9/24/2020,563691,9076,508210,Tamil Nadu,77841267
5679,72,5626,9/25/2020,569370,9148,513836,Tamil Nadu,77841267
5647,85,5612,9/26/2020,575017,9233,519448,Tamil Nadu,77841267
5791,80,5706,9/27/2020,580808,9313,525154,Tamil Nadu,77841267
5589,70,5554,9/28/2020,586397,9383,530708,Tamil Nadu,77841267
5546,70,5501,9/29/2020,591943,9453,536209,Tamil Nadu,77841267
5659,67,5610,9/30/2020,597602,9520,541819,Tamil Nadu,77841267
5688,66,5516,10/1/2020,603290,9586,547335,Tamil Nadu,77841267
5595,67,5603,10/2/2020,608885,9653,552938,Tamil Nadu,77841267
5622,65,5596,10/3/2020,614507,9718,558534,Tamil Nadu,77841267
5489,66,5558,10/4/2020,619996,9784,564092,Tamil Nadu,77841267
5395,62,5572,10/5/2020,625391,9846,569664,Tamil Nadu,77841267
5017,71,5548,10/6/2020,630408,9917,575212,Tamil Nadu,77841267
5447,67,5524,10/7/2020,635855,9984,580736,Tamil Nadu,77841267
5088,68,5718,10/8/2020,640943,10052,586454,Tamil Nadu,77841267
5185,68,5357,10/9/2020,646128,10120,591811,Tamil Nadu,77841267
5242,67,5222,10/10/2020,651370,10187,597033,Tamil Nadu,77841267
5015,65,5005,10/11/2020,656385,10252,602038,Tamil Nadu,77841267
4879,62,5165,10/12/2020,661264,10314,607203,Tamil Nadu,77841267
4666,57,5117,10/13/2020,665930,10371,612320,Tamil Nadu,77841267
4462,52,5083,10/14/2020,670392,10423,617403,Tamil Nadu,77841267
4410,49,5055,10/15/2020,674802,10472,622458,Tamil Nadu,77841267
4389,60,5245,10/16/2020,679191,10532,627703,Tamil Nadu,77841267
4295,54,5005,10/17/2020,683486,10586,632708,Tamil Nadu,77841267
3914,56,4929,10/18/2020,687400,10642,637637,Tamil Nadu,77841267
3536,52,4515,10/19/2020,690936,10694,642152,Tamil Nadu,77841267
3094,47,4403,10/20/2020,694030,10741,646555,Tamil Nadu,77841267
3086,39,4301,10/21/2020,697116,10780,650856,Tamil Nadu,77841267
3077,45,4314,10/22/2020,700193,10825,655170,Tamil Nadu,77841267
1,0,0,3/14/2020,1,0,0,Telangana,39362732
2,0,1,3/15/2020,3,0,1,Telangana,39362732
1,0,0,3/16/2020,4,0,1,Telangana,39362732
1,0,0,3/17/2020,5,0,1,Telangana,39362732
8,0,0,3/18/2020,13,0,1,Telangana,39362732
3,0,0,3/19/2020,16,0,1,Telangana,39362732
3,0,0,3/20/2020,19,0,1,Telangana,39362732
2,0,0,3/21/2020,21,0,1,Telangana,39362732
6,0,0,3/22/2020,27,0,1,Telangana,39362732
6,0,0,3/23/2020,33,0,1,Telangana,39362732
4,0,0,3/24/2020,37,0,1,Telangana,39362732
4,0,0,3/25/2020,41,0,1,Telangana,39362732
3,0,0,3/26/2020,44,0,1,Telangana,39362732
15,0,0,3/27/2020,59,0,1,Telangana,39362732
8,1,0,3/28/2020,67,1,1,Telangana,39362732
3,0,0,3/29/2020,70,1,1,Telangana,39362732
7,5,13,3/30/2020,77,6,14,Telangana,39362732
20,0,0,3/31/2020,97,6,14,Telangana,39362732
30,3,0,4/1/2020,127,9,14,Telangana,39362732
27,0,3,4/2/2020,154,9,17,Telangana,39362732
75,2,15,4/3/2020,229,11,32,Telangana,39362732
43,0,1,4/4/2020,272,11,33,Telangana,39362732
62,0,0,4/5/2020,334,11,33,Telangana,39362732
30,0,12,4/6/2020,364,11,45,Telangana,39362732
40,0,0,4/7/2020,404,11,45,Telangana,39362732
49,0,0,4/8/2020,453,11,45,Telangana,39362732
18,1,0,4/9/2020,471,12,45,Telangana,39362732
16,0,0,4/10/2020,487,12,45,Telangana,39362732
16,2,51,4/11/2020,503,14,96,Telangana,39362732
28,2,7,4/12/2020,531,16,103,Telangana,39362732
61,1,0,4/13/2020,592,17,103,Telangana,39362732
52,1,7,4/14/2020,644,18,110,Telangana,39362732
6,0,8,4/15/2020,650,18,118,Telangana,39362732
50,0,68,4/16/2020,700,18,186,Telangana,39362732
66,0,0,4/17/2020,766,18,186,Telangana,39362732
43,0,0,4/18/2020,809,18,186,Telangana,39362732
49,3,0,4/19/2020,858,21,186,Telangana,39362732
14,2,0,4/20/2020,872,23,186,Telangana,39362732
56,0,8,4/21/2020,928,23,194,Telangana,39362732
15,1,0,4/22/2020,943,24,194,Telangana,39362732
27,1,58,4/23/2020,970,25,252,Telangana,39362732
13,0,39,4/24/2020,983,25,291,Telangana,39362732
7,0,16,4/25/2020,990,25,307,Telangana,39362732
11,0,9,4/26/2020,1001,25,316,Telangana,39362732
2,0,16,4/27/2020,1003,25,332,Telangana,39362732
6,0,42,4/28/2020,1009,25,374,Telangana,39362732
7,0,35,4/29/2020,1016,25,409,Telangana,39362732
22,3,33,4/30/2020,1038,28,442,Telangana,39362732
6,0,22,5/1/2020,1044,28,464,Telangana,39362732
17,1,35,5/2/2020,1061,29,499,Telangana,39362732
21,0,46,5/3/2020,1082,29,545,Telangana,39362732
3,0,40,5/4/2020,1085,29,585,Telangana,39362732
11,0,43,5/5/2020,1096,29,628,Telangana,39362732
11,0,20,5/6/2020,1107,29,648,Telangana,39362732
15,0,45,5/7/2020,1122,29,693,Telangana,39362732
10,0,34,5/8/2020,1132,29,727,Telangana,39362732
31,1,24,5/9/2020,1163,30,751,Telangana,39362732
33,0,0,5/10/2020,1196,30,751,Telangana,39362732
79,0,50,5/11/2020,1275,30,801,Telangana,39362732
51,2,21,5/12/2020,1326,32,822,Telangana,39362732
41,2,117,5/13/2020,1367,34,939,Telangana,39362732
47,0,13,5/14/2020,1414,34,952,Telangana,39362732
40,0,7,5/15/2020,1454,34,959,Telangana,39362732
55,0,12,5/16/2020,1509,34,971,Telangana,39362732
42,0,21,5/17/2020,1551,34,992,Telangana,39362732
41,0,10,5/18/2020,1592,34,1002,Telangana,39362732
42,4,9,5/19/2020,1634,38,1011,Telangana,39362732
27,2,2,5/20/2020,1661,40,1013,Telangana,39362732
38,5,23,5/21/2020,1699,45,1036,Telangana,39362732
62,3,7,5/22/2020,1761,48,1043,Telangana,39362732
52,1,25,5/23/2020,1813,49,1068,Telangana,39362732
41,4,24,5/24/2020,1854,53,1092,Telangana,39362732
66,3,72,5/25/2020,1920,56,1164,Telangana,39362732
112,1,120,5/26/2020,2032,57,1284,Telangana,39362732
107,6,37,5/27/2020,2139,63,1321,Telangana,39362732
117,4,24,5/28/2020,2256,67,1345,Telangana,39362732
169,4,36,5/29/2020,2425,71,1381,Telangana,39362732
74,6,31,5/30/2020,2499,77,1412,Telangana,39362732
199,5,16,5/31/2020,2698,82,1428,Telangana,39362732
94,6,63,6/1/2020,2792,88,1491,Telangana,39362732
99,4,35,6/2/2020,2891,92,1526,Telangana,39362732
129,7,30,6/3/2020,3020,99,1556,Telangana,39362732
127,6,31,6/4/2020,3147,105,1587,Telangana,39362732
143,8,40,6/5/2020,3290,113,1627,Telangana,39362732
206,10,83,6/6/2020,3496,123,1710,Telangana,39362732
154,14,32,6/7/2020,3650,137,1742,Telangana,39362732
92,5,0,6/8/2020,3742,142,1742,Telangana,39362732
178,6,0,6/9/2020,3920,148,1742,Telangana,39362732
191,8,75,6/10/2020,4111,156,1817,Telangana,39362732
209,9,176,6/11/2020,4320,165,1993,Telangana,39362732
164,9,285,6/12/2020,4484,174,2278,Telangana,39362732
253,8,74,6/13/2020,4737,182,2352,Telangana,39362732
237,3,25,6/14/2020,4974,185,2377,Telangana,39362732
219,2,389,6/15/2020,5193,187,2766,Telangana,39362732
213,4,261,6/16/2020,5406,191,3027,Telangana,39362732
269,1,44,6/17/2020,5675,192,3071,Telangana,39362732
352,3,230,6/18/2020,6027,195,3301,Telangana,39362732
499,3,51,6/19/2020,6526,198,3352,Telangana,39362732
546,5,154,6/20/2020,7072,203,3506,Telangana,39362732
730,7,225,6/21/2020,7802,210,3731,Telangana,39362732
872,7,274,6/22/2020,8674,217,4005,Telangana,39362732
879,3,219,6/23/2020,9553,220,4224,Telangana,39362732
891,5,137,6/24/2020,10444,225,4361,Telangana,39362732
920,5,327,6/25/2020,11364,230,4688,Telangana,39362732
985,7,78,6/26/2020,12349,237,4766,Telangana,39362732
1087,6,162,6/27/2020,13436,243,4928,Telangana,39362732
983,4,244,6/28/2020,14419,247,5172,Telangana,39362732
975,6,410,6/29/2020,15394,253,5582,Telangana,39362732
945,7,1712,6/30/2020,16339,260,7294,Telangana,39362732
1018,7,788,7/1/2020,17357,267,8082,Telangana,39362732
1213,8,987,7/2/2020,18570,275,9069,Telangana,39362732
1892,8,1126,7/3/2020,20462,283,10195,Telangana,39362732
1850,5,1342,7/4/2020,22312,288,11537,Telangana,39362732
1590,7,1166,7/5/2020,23902,295,12703,Telangana,39362732
1831,11,2078,7/6/2020,25733,306,14781,Telangana,39362732
1879,7,1506,7/7/2020,27612,313,16287,Telangana,39362732
1924,11,992,7/8/2020,29536,324,17279,Telangana,39362732
1410,7,913,7/9/2020,30946,331,18192,Telangana,39362732
1278,8,1013,7/10/2020,32224,339,19205,Telangana,39362732
1178,9,1714,7/11/2020,33402,348,20919,Telangana,39362732
1269,8,1563,7/12/2020,34671,356,22482,Telangana,39362732
1550,9,1197,7/13/2020,36221,365,23679,Telangana,39362732
1524,10,1161,7/14/2020,37745,375,24840,Telangana,39362732
1597,11,1159,7/15/2020,39342,386,25999,Telangana,39362732
1676,10,1296,7/16/2020,41018,396,27295,Telangana,39362732
1478,7,1410,7/17/2020,42496,403,28705,Telangana,39362732
1284,6,1902,7/18/2020,43780,409,30607,Telangana,39362732
1296,6,1831,7/19/2020,45076,415,32438,Telangana,39362732
1198,7,1885,7/20/2020,46274,422,34323,Telangana,39362732
1430,7,2062,7/21/2020,47704,429,36385,Telangana,39362732
1555,9,1281,7/22/2020,49259,438,37666,Telangana,39362732
1567,9,1661,7/23/2020,50826,447,39327,Telangana,39362732
1640,8,1007,7/24/2020,52466,455,40334,Telangana,39362732
1593,8,998,7/25/2020,54059,463,41332,Telangana,39362732
0,0,0,7/26/2020,54059,463,41332,Telangana,39362732
1473,8,774,7/27/2020,55532,471,42106,Telangana,39362732
1610,9,803,7/28/2020,57142,480,42909,Telangana,39362732
1764,12,842,7/29/2020,58906,492,43751,Telangana,39362732
1811,13,821,7/30/2020,60717,505,44572,Telangana,39362732
1986,14,816,7/31/2020,62703,519,45388,Telangana,39362732
2083,11,1114,8/1/2020,64786,530,46502,Telangana,39362732
1891,10,1088,8/2/2020,66677,540,47590,Telangana,39362732
983,11,1019,8/3/2020,67660,551,48609,Telangana,39362732
1286,12,1066,8/4/2020,68946,563,49675,Telangana,39362732
2012,13,1139,8/5/2020,70958,576,50814,Telangana,39362732
2092,13,1289,8/6/2020,73050,589,52103,Telangana,39362732
2207,12,1136,8/7/2020,75257,601,53239,Telangana,39362732
2256,14,1091,8/8/2020,77513,615,54330,Telangana,39362732
1982,12,1669,8/9/2020,79495,627,55999,Telangana,39362732
1256,10,1587,8/10/2020,80751,637,57586,Telangana,39362732
1896,8,1788,8/11/2020,82647,645,59374,Telangana,39362732
1897,9,1920,8/12/2020,84544,654,61294,Telangana,39362732
1931,11,1780,8/13/2020,86475,665,63074,Telangana,39362732
1921,9,1210,8/14/2020,88396,674,64284,Telangana,39362732
1863,10,1912,8/15/2020,90259,684,66196,Telangana,39362732
1102,9,1930,8/16/2020,91361,693,68126,Telangana,39362732
894,10,2006,8/17/2020,92255,703,70132,Telangana,39362732
1682,8,2070,8/18/2020,93937,711,72202,Telangana,39362732
1763,8,1789,8/19/2020,95700,719,73991,Telangana,39362732
1724,10,1195,8/20/2020,97424,729,75186,Telangana,39362732
1457,8,1781,8/21/2020,98881,737,76967,Telangana,39362732
2474,7,1768,8/22/2020,101355,744,78735,Telangana,39362732
2384,11,1851,8/23/2020,103739,755,80586,Telangana,39362732
1842,6,1825,8/24/2020,105581,761,82411,Telangana,39362732
2579,9,1752,8/25/2020,108160,770,84163,Telangana,39362732
3018,10,1060,8/26/2020,111178,780,85223,Telangana,39362732
2795,8,872,8/27/2020,113973,788,86095,Telangana,39362732
2932,11,1580,8/28/2020,116905,799,87675,Telangana,39362732
2751,9,1675,8/29/2020,119656,808,89350,Telangana,39362732
2924,10,1638,8/30/2020,122580,818,90988,Telangana,39362732
1873,9,1849,8/31/2020,124453,827,92837,Telangana,39362732
2734,9,2325,9/1/2020,127187,836,95162,Telangana,39362732
2892,10,2240,9/2/2020,130079,846,97402,Telangana,39362732
2817,10,2611,9/3/2020,132896,856,100013,Telangana,39362732
2478,10,2011,9/4/2020,135374,866,102024,Telangana,39362732
2511,11,2579,9/5/2020,137885,877,104603,Telangana,39362732
2574,9,2927,9/6/2020,140459,886,107530,Telangana,39362732
1802,9,2711,9/7/2020,142261,895,110241,Telangana,39362732
2392,11,2346,9/8/2020,144653,906,112587,Telangana,39362732
2479,10,2485,9/9/2020,147132,916,115072,Telangana,39362732
2534,11,2071,9/10/2020,149666,927,117143,Telangana,39362732
2426,13,2324,9/11/2020,152092,940,119467,Telangana,39362732
2278,10,2458,9/12/2020,154370,950,121925,Telangana,39362732
2216,11,2603,9/13/2020,156586,961,124528,Telangana,39362732
1417,13,2479,9/14/2020,158003,974,127007,Telangana,39362732
2058,10,2180,9/15/2020,160061,984,129187,Telangana,39362732
2273,12,2260,9/16/2020,162334,996,131447,Telangana,39362732
2159,9,2108,9/17/2020,164493,1005,133555,Telangana,39362732
2043,11,1802,9/18/2020,166536,1016,135357,Telangana,39362732
2123,9,2151,9/19/2020,168659,1025,137508,Telangana,39362732
2137,8,2192,9/20/2020,170796,1033,139700,Telangana,39362732
1302,9,2230,9/21/2020,172098,1042,141930,Telangana,39362732
2166,10,2143,9/22/2020,174264,1052,144073,Telangana,39362732
2296,10,2062,9/23/2020,176560,1062,146135,Telangana,39362732
2176,8,2004,9/24/2020,178736,1070,148139,Telangana,39362732
2381,10,2021,9/25/2020,181117,1080,150160,Telangana,39362732
2239,11,2281,9/26/2020,183356,1091,152441,Telangana,39362732
1967,9,2058,9/27/2020,185323,1100,154499,Telangana,39362732
1378,7,1932,9/28/2020,186701,1107,156431,Telangana,39362732
2072,9,2259,9/29/2020,188773,1116,158690,Telangana,39362732
2103,11,2243,9/30/2020,190876,1127,160933,Telangana,39362732
2214,8,2474,10/1/2020,193090,1135,163407,Telangana,39362732
2009,10,2437,10/2/2020,195099,1145,165844,Telangana,39362732
1718,8,2002,10/3/2020,196817,1153,167846,Telangana,39362732
1949,10,2366,10/4/2020,198766,1163,170212,Telangana,39362732
1335,8,2176,10/5/2020,200101,1171,172388,Telangana,39362732
1983,10,2381,10/6/2020,202084,1181,174769,Telangana,39362732
2154,8,2239,10/7/2020,204238,1189,177008,Telangana,39362732
1896,12,2067,10/8/2020,206134,1201,179075,Telangana,39362732
1891,7,1878,10/9/2020,208025,1208,180953,Telangana,39362732
1811,9,2072,10/10/2020,209836,1217,183025,Telangana,39362732
1717,5,2103,10/11/2020,211553,1222,185128,Telangana,39362732
1021,6,2214,10/12/2020,212574,1228,187342,Telangana,39362732
1708,5,2009,10/13/2020,214282,1233,189351,Telangana,39362732
1446,8,1918,10/14/2020,215728,1241,191269,Telangana,39362732
1432,8,1949,10/15/2020,217160,1249,193218,Telangana,39362732
1554,7,1435,10/16/2020,218714,1256,194653,Telangana,39362732
1451,9,1983,10/17/2020,220165,1265,196636,Telangana,39362732
1436,6,2154,10/18/2020,221601,1271,198790,Telangana,39362732
948,4,1896,10/19/2020,222549,1275,200686,Telangana,39362732
1486,7,1891,10/20/2020,224035,1282,202577,Telangana,39362732
1579,5,1811,10/21/2020,225614,1287,204388,Telangana,39362732
1456,5,1717,10/22/2020,227070,1292,206105,Telangana,39362732
0,0,0,3/14/2020,0,0,0,Tripura,4169794
0,0,0,3/15/2020,0,0,0,Tripura,4169794
0,0,0,3/16/2020,0,0,0,Tripura,4169794
0,0,0,3/17/2020,0,0,0,Tripura,4169794
0,0,0,3/18/2020,0,0,0,Tripura,4169794
0,0,0,3/19/2020,0,0,0,Tripura,4169794
0,0,0,3/20/2020,0,0,0,Tripura,4169794
0,0,0,3/21/2020,0,0,0,Tripura,4169794
0,0,0,3/22/2020,0,0,0,Tripura,4169794
0,0,0,3/23/2020,0,0,0,Tripura,4169794
0,0,0,3/24/2020,0,0,0,Tripura,4169794
0,0,0,3/25/2020,0,0,0,Tripura,4169794
0,0,0,3/26/2020,0,0,0,Tripura,4169794
0,0,0,3/27/2020,0,0,0,Tripura,4169794
0,0,0,3/28/2020,0,0,0,Tripura,4169794
0,0,0,3/29/2020,0,0,0,Tripura,4169794
0,0,0,3/30/2020,0,0,0,Tripura,4169794
0,0,0,3/31/2020,0,0,0,Tripura,4169794
0,0,0,4/1/2020,0,0,0,Tripura,4169794
0,0,0,4/2/2020,0,0,0,Tripura,4169794
0,0,0,4/3/2020,0,0,0,Tripura,4169794
0,0,0,4/4/2020,0,0,0,Tripura,4169794
0,0,0,4/5/2020,0,0,0,Tripura,4169794
1,0,0,4/6/2020,1,0,0,Tripura,4169794
0,0,0,4/7/2020,1,0,0,Tripura,4169794
0,0,0,4/8/2020,1,0,0,Tripura,4169794
0,0,0,4/9/2020,1,0,0,Tripura,4169794
1,0,0,4/10/2020,2,0,0,Tripura,4169794
0,0,0,4/11/2020,2,0,0,Tripura,4169794
0,0,0,4/12/2020,2,0,0,Tripura,4169794
0,0,0,4/13/2020,2,0,0,Tripura,4169794
0,0,0,4/14/2020,2,0,0,Tripura,4169794
0,0,1,4/15/2020,2,0,1,Tripura,4169794
0,0,0,4/16/2020,2,0,1,Tripura,4169794
0,0,0,4/17/2020,2,0,1,Tripura,4169794
0,0,0,4/18/2020,2,0,1,Tripura,4169794
0,0,0,4/19/2020,2,0,1,Tripura,4169794
0,0,0,4/20/2020,2,0,1,Tripura,4169794
0,0,0,4/21/2020,2,0,1,Tripura,4169794
0,0,0,4/22/2020,2,0,1,Tripura,4169794
0,0,1,4/23/2020,2,0,2,Tripura,4169794
0,0,0,4/24/2020,2,0,2,Tripura,4169794
0,0,0,4/25/2020,2,0,2,Tripura,4169794
0,0,0,4/26/2020,2,0,2,Tripura,4169794
0,0,0,4/27/2020,2,0,2,Tripura,4169794
0,0,0,4/28/2020,2,0,2,Tripura,4169794
0,0,0,4/29/2020,2,0,2,Tripura,4169794
1,0,0,4/30/2020,3,0,2,Tripura,4169794
0,0,0,5/1/2020,3,0,2,Tripura,4169794
2,0,0,5/2/2020,5,0,2,Tripura,4169794
12,0,0,5/3/2020,17,0,2,Tripura,4169794
13,0,0,5/4/2020,30,0,2,Tripura,4169794
13,0,0,5/5/2020,43,0,2,Tripura,4169794
22,0,0,5/6/2020,65,0,2,Tripura,4169794
24,0,0,5/7/2020,89,0,2,Tripura,4169794
30,0,0,5/8/2020,119,0,2,Tripura,4169794
17,0,0,5/9/2020,136,0,2,Tripura,4169794
16,0,0,5/10/2020,152,0,2,Tripura,4169794
0,0,0,5/11/2020,152,0,2,Tripura,4169794
2,0,0,5/12/2020,154,0,2,Tripura,4169794
1,0,0,5/13/2020,155,0,2,Tripura,4169794
1,0,27,5/14/2020,156,0,29,Tripura,4169794
0,0,13,5/15/2020,156,0,42,Tripura,4169794
11,0,22,5/16/2020,167,0,64,Tripura,4169794
-2,0,21,5/17/2020,165,0,85,Tripura,4169794
0,0,4,5/18/2020,165,0,89,Tripura,4169794
8,0,27,5/19/2020,173,0,116,Tripura,4169794
0,0,0,5/20/2020,173,0,116,Tripura,4169794
2,0,32,5/21/2020,175,0,148,Tripura,4169794
0,0,4,5/22/2020,175,0,152,Tripura,4169794
16,0,0,5/23/2020,191,0,152,Tripura,4169794
3,0,13,5/24/2020,194,0,165,Tripura,4169794
4,0,0,5/25/2020,198,0,165,Tripura,4169794
34,0,0,5/26/2020,232,0,165,Tripura,4169794
10,0,0,5/27/2020,242,0,165,Tripura,4169794
2,0,2,5/28/2020,244,0,167,Tripura,4169794
10,0,0,5/29/2020,254,0,167,Tripura,4169794
17,0,5,5/30/2020,271,0,172,Tripura,4169794
45,0,1,5/31/2020,316,0,173,Tripura,4169794
107,0,0,6/1/2020,423,0,173,Tripura,4169794
48,0,0,6/2/2020,471,0,173,Tripura,4169794
151,0,0,6/3/2020,622,0,173,Tripura,4169794
24,0,0,6/4/2020,646,0,173,Tripura,4169794
48,0,0,6/5/2020,694,0,173,Tripura,4169794
55,0,0,6/6/2020,749,0,173,Tripura,4169794
53,0,19,6/7/2020,802,0,192,Tripura,4169794
38,0,0,6/8/2020,840,0,192,Tripura,4169794
26,1,0,6/9/2020,866,1,192,Tripura,4169794
31,0,47,6/10/2020,897,1,239,Tripura,4169794
25,0,39,6/11/2020,922,1,278,Tripura,4169794
41,0,0,6/12/2020,963,1,278,Tripura,4169794
83,0,37,6/13/2020,1046,1,315,Tripura,4169794
33,0,118,6/14/2020,1079,1,433,Tripura,4169794
10,0,0,6/15/2020,1089,1,433,Tripura,4169794
1,0,123,6/16/2020,1090,1,556,Tripura,4169794
43,0,0,6/17/2020,1133,1,556,Tripura,4169794
21,0,83,6/18/2020,1154,1,639,Tripura,4169794
27,0,18,6/19/2020,1181,1,657,Tripura,4169794
8,0,23,6/20/2020,1189,1,680,Tripura,4169794
35,0,79,6/21/2020,1224,1,759,Tripura,4169794
16,0,23,6/22/2020,1240,1,782,Tripura,4169794
23,0,25,6/23/2020,1263,1,807,Tripura,4169794
0,0,97,6/24/2020,1263,1,904,Tripura,4169794
32,0,122,6/25/2020,1295,1,1026,Tripura,4169794
35,0,36,6/26/2020,1330,1,1062,Tripura,4169794
9,0,16,6/27/2020,1339,1,1078,Tripura,4169794
12,0,8,6/28/2020,1351,1,1086,Tripura,4169794
34,0,6,6/29/2020,1385,1,1092,Tripura,4169794
8,0,0,6/30/2020,1393,1,1092,Tripura,4169794
8,0,1,7/1/2020,1401,1,1093,Tripura,4169794
39,0,53,7/2/2020,1440,1,1146,Tripura,4169794
93,0,53,7/3/2020,1533,1,1199,Tripura,4169794
25,0,3,7/4/2020,1558,1,1202,Tripura,4169794
23,0,4,7/5/2020,1581,1,1206,Tripura,4169794
111,0,13,7/6/2020,1692,1,1219,Tripura,4169794
24,0,29,7/7/2020,1716,1,1248,Tripura,4169794
57,0,76,7/8/2020,1773,1,1324,Tripura,4169794
16,0,14,7/9/2020,1789,1,1338,Tripura,4169794
142,0,34,7/10/2020,1931,1,1372,Tripura,4169794
31,1,3,7/11/2020,1962,2,1375,Tripura,4169794
105,0,46,7/12/2020,2067,2,1421,Tripura,4169794
26,0,54,7/13/2020,2093,2,1475,Tripura,4169794
90,0,63,7/14/2020,2183,2,1538,Tripura,4169794
98,1,66,7/15/2020,2281,3,1604,Tripura,4169794
98,0,33,7/16/2020,2379,3,1637,Tripura,4169794
118,0,47,7/17/2020,2497,3,1684,Tripura,4169794
171,2,51,7/18/2020,2668,5,1735,Tripura,4169794
223,0,24,7/19/2020,2891,5,1759,Tripura,4169794
202,2,86,7/20/2020,3093,7,1845,Tripura,4169794
252,1,81,7/21/2020,3345,8,1926,Tripura,4169794
126,1,107,7/22/2020,3471,9,2033,Tripura,4169794
206,1,39,7/23/2020,3677,10,2072,Tripura,4169794
100,1,59,7/24/2020,3777,11,2131,Tripura,4169794
105,0,79,7/25/2020,3882,11,2210,Tripura,4169794
37,2,152,7/26/2020,3919,13,2362,Tripura,4169794
147,4,105,7/27/2020,4066,17,2467,Tripura,4169794
221,4,154,7/28/2020,4287,21,2621,Tripura,4169794
216,0,57,7/29/2020,4503,21,2678,Tripura,4169794
219,0,284,7/30/2020,4722,21,2962,Tripura,4169794
274,0,365,7/31/2020,4996,21,3327,Tripura,4169794
252,2,136,8/1/2020,5248,23,3463,Tripura,4169794
141,4,142,8/2/2020,5389,27,3605,Tripura,4169794
0,0,0,8/3/2020,5389,27,3605,Tripura,4169794
131,1,70,8/4/2020,5520,28,3675,Tripura,4169794
122,2,50,8/5/2020,5642,30,3725,Tripura,4169794
98,1,68,8/6/2020,5740,31,3793,Tripura,4169794
128,5,67,8/7/2020,5868,36,3860,Tripura,4169794
146,1,224,8/8/2020,6014,37,4084,Tripura,4169794
147,4,92,8/9/2020,6161,41,4176,Tripura,4169794
62,1,267,8/10/2020,6223,42,4443,Tripura,4169794
164,1,213,8/11/2020,6387,43,4656,Tripura,4169794
110,0,182,8/12/2020,6497,43,4838,Tripura,4169794
121,1,74,8/13/2020,6618,44,4912,Tripura,4169794
164,2,103,8/14/2020,6782,46,5015,Tripura,4169794
167,4,73,8/15/2020,6949,50,5088,Tripura,4169794
127,5,63,8/16/2020,7076,55,5151,Tripura,4169794
143,4,135,8/17/2020,7219,59,5286,Tripura,4169794
205,3,118,8/18/2020,7424,62,5404,Tripura,4169794
236,3,93,8/19/2020,7660,65,5497,Tripura,4169794
190,0,68,8/20/2020,7850,65,5565,Tripura,4169794
256,4,86,8/21/2020,8106,69,5651,Tripura,4169794
280,1,410,8/22/2020,8386,70,6061,Tripura,4169794
331,2,121,8/23/2020,8717,72,6182,Tripura,4169794
200,1,159,8/24/2020,8917,73,6341,Tripura,4169794
293,6,73,8/25/2020,9210,79,6414,Tripura,4169794
329,4,160,8/26/2020,9539,83,6574,Tripura,4169794
385,2,123,8/27/2020,9924,85,6697,Tripura,4169794
509,4,142,8/28/2020,10433,89,6839,Tripura,4169794
443,5,198,8/29/2020,10876,94,7037,Tripura,4169794
447,4,195,8/30/2020,11323,98,7232,Tripura,4169794
321,5,201,8/31/2020,11644,103,7433,Tripura,4169794
509,10,221,9/1/2020,12153,113,7654,Tripura,4169794
566,5,193,9/2/2020,12719,118,7847,Tripura,4169794
590,8,186,9/3/2020,13309,126,8033,Tripura,4169794
524,3,179,9/4/2020,13833,129,8212,Tripura,4169794
691,7,271,9/5/2020,14524,136,8483,Tripura,4169794
603,8,262,9/6/2020,15127,144,8745,Tripura,4169794
399,5,303,9/7/2020,15526,149,9048,Tripura,4169794
628,3,294,9/8/2020,16154,152,9342,Tripura,4169794
582,9,311,9/9/2020,16736,161,9653,Tripura,4169794
535,6,340,9/10/2020,17271,167,9993,Tripura,4169794
559,5,262,9/11/2020,17830,172,10255,Tripura,4169794
470,10,479,9/12/2020,18300,182,10734,Tripura,4169794
629,12,398,9/13/2020,18929,194,11132,Tripura,4169794
255,6,404,9/14/2020,19184,200,11536,Tripura,4169794
531,7,389,9/15/2020,19715,207,11925,Tripura,4169794
454,10,510,9/16/2020,20169,217,12435,Tripura,4169794
527,5,521,9/17/2020,20696,222,12956,Tripura,4169794
273,6,603,9/18/2020,20969,228,13559,Tripura,4169794
535,7,583,9/19/2020,21504,235,14142,Tripura,4169794
525,4,645,9/20/2020,22029,239,14787,Tripura,4169794
243,6,654,9/21/2020,22272,245,15441,Tripura,4169794
559,3,419,9/22/2020,22831,248,15860,Tripura,4169794
504,2,603,9/23/2020,23335,250,16463,Tripura,4169794
451,7,492,9/24/2020,23786,257,16955,Tripura,4169794
341,5,509,9/25/2020,24127,262,17464,Tripura,4169794
278,3,505,9/26/2020,24405,265,17969,Tripura,4169794
320,2,400,9/27/2020,24725,267,18369,Tripura,4169794
193,3,567,9/28/2020,24918,270,18936,Tripura,4169794
432,3,244,9/29/2020,25350,273,19180,Tripura,4169794
381,1,489,9/30/2020,25731,274,19669,Tripura,4169794
332,6,400,10/1/2020,26063,280,20069,Tripura,4169794
296,3,504,10/2/2020,26359,283,20573,Tripura,4169794
190,3,301,10/3/2020,26549,286,20874,Tripura,4169794
322,4,513,10/4/2020,26871,290,21387,Tripura,4169794
159,6,466,10/5/2020,27030,296,21853,Tripura,4169794
275,2,255,10/6/2020,27305,298,22108,Tripura,4169794
237,0,546,10/7/2020,27542,298,22654,Tripura,4169794
214,3,389,10/8/2020,27756,301,23043,Tripura,4169794
223,7,408,10/9/2020,27979,308,23451,Tripura,4169794
171,2,327,10/10/2020,28150,310,23778,Tripura,4169794
199,2,285,10/11/2020,28349,312,24063,Tripura,4169794
109,1,317,10/12/2020,28458,313,24380,Tripura,4169794
217,1,220,10/13/2020,28675,314,24600,Tripura,4169794
181,1,418,10/14/2020,28856,315,25018,Tripura,4169794
172,1,353,10/15/2020,29028,316,25371,Tripura,4169794
162,4,371,10/16/2020,29190,320,25742,Tripura,4169794
134,3,270,10/17/2020,29324,323,26012,Tripura,4169794
141,3,187,10/18/2020,29465,326,26199,Tripura,4169794
85,2,328,10/19/2020,29550,328,26527,Tripura,4169794
135,0,198,10/20/2020,29685,328,26725,Tripura,4169794
112,1,265,10/21/2020,29797,329,26990,Tripura,4169794
125,2,239,10/22/2020,29922,331,27229,Tripura,4169794
12,0,4,3/14/2020,12,0,4,Uttar Pradesh,237882725
1,0,0,3/15/2020,13,0,4,Uttar Pradesh,237882725
0,0,0,3/16/2020,13,0,4,Uttar Pradesh,237882725
2,0,1,3/17/2020,15,0,5,Uttar Pradesh,237882725
2,0,0,3/18/2020,17,0,5,Uttar Pradesh,237882725
3,0,4,3/19/2020,20,0,9,Uttar Pradesh,237882725
4,0,0,3/20/2020,24,0,9,Uttar Pradesh,237882725
4,0,0,3/21/2020,28,0,9,Uttar Pradesh,237882725
2,0,0,3/22/2020,30,0,9,Uttar Pradesh,237882725
2,0,0,3/23/2020,32,0,9,Uttar Pradesh,237882725
3,0,2,3/24/2020,35,0,11,Uttar Pradesh,237882725
3,0,0,3/25/2020,38,0,11,Uttar Pradesh,237882725
4,0,0,3/26/2020,42,0,11,Uttar Pradesh,237882725
7,0,0,3/27/2020,49,0,11,Uttar Pradesh,237882725
16,0,0,3/28/2020,65,0,11,Uttar Pradesh,237882725
7,0,0,3/29/2020,72,0,11,Uttar Pradesh,237882725
24,0,6,3/30/2020,96,0,17,Uttar Pradesh,237882725
8,0,0,3/31/2020,104,0,17,Uttar Pradesh,237882725
13,2,0,4/1/2020,117,2,17,Uttar Pradesh,237882725
11,0,0,4/2/2020,128,2,17,Uttar Pradesh,237882725
46,0,0,4/3/2020,174,2,17,Uttar Pradesh,237882725
60,0,4,4/4/2020,234,2,21,Uttar Pradesh,237882725
44,1,0,4/5/2020,278,3,21,Uttar Pradesh,237882725
27,0,0,4/6/2020,305,3,21,Uttar Pradesh,237882725
27,0,0,4/7/2020,332,3,21,Uttar Pradesh,237882725
29,1,10,4/8/2020,361,4,31,Uttar Pradesh,237882725
49,0,0,4/9/2020,410,4,31,Uttar Pradesh,237882725
23,0,1,4/10/2020,433,4,32,Uttar Pradesh,237882725
19,1,13,4/11/2020,452,5,45,Uttar Pradesh,237882725
31,0,0,4/12/2020,483,5,45,Uttar Pradesh,237882725
75,0,4,4/13/2020,558,5,49,Uttar Pradesh,237882725
102,3,1,4/14/2020,660,8,50,Uttar Pradesh,237882725
75,3,7,4/15/2020,735,11,57,Uttar Pradesh,237882725
70,2,11,4/16/2020,805,13,68,Uttar Pradesh,237882725
44,1,14,4/17/2020,849,14,82,Uttar Pradesh,237882725
126,0,26,4/18/2020,975,14,108,Uttar Pradesh,237882725
125,3,19,4/19/2020,1100,17,127,Uttar Pradesh,237882725
84,1,13,4/20/2020,1184,18,140,Uttar Pradesh,237882725
153,3,22,4/21/2020,1337,21,162,Uttar Pradesh,237882725
112,0,11,4/22/2020,1449,21,173,Uttar Pradesh,237882725
61,3,33,4/23/2020,1510,24,206,Uttar Pradesh,237882725
111,1,20,4/24/2020,1621,25,226,Uttar Pradesh,237882725
172,2,35,4/25/2020,1793,27,261,Uttar Pradesh,237882725
80,3,66,4/26/2020,1873,30,327,Uttar Pradesh,237882725
113,1,72,4/27/2020,1986,31,399,Uttar Pradesh,237882725
67,3,63,4/28/2020,2053,34,462,Uttar Pradesh,237882725
81,5,48,4/29/2020,2134,39,510,Uttar Pradesh,237882725
77,1,41,4/30/2020,2211,40,551,Uttar Pradesh,237882725
117,2,103,5/1/2020,2328,42,654,Uttar Pradesh,237882725
159,1,44,5/2/2020,2487,43,698,Uttar Pradesh,237882725
158,0,56,5/3/2020,2645,43,754,Uttar Pradesh,237882725
121,7,48,5/4/2020,2766,50,802,Uttar Pradesh,237882725
114,6,185,5/5/2020,2880,56,987,Uttar Pradesh,237882725
118,4,143,5/6/2020,2998,60,1130,Uttar Pradesh,237882725
73,2,120,5/7/2020,3071,62,1250,Uttar Pradesh,237882725
143,4,137,5/8/2020,3214,66,1387,Uttar Pradesh,237882725
159,8,112,5/9/2020,3373,74,1499,Uttar Pradesh,237882725
94,5,154,5/10/2020,3467,79,1653,Uttar Pradesh,237882725
106,1,105,5/11/2020,3573,80,1758,Uttar Pradesh,237882725
91,2,115,5/12/2020,3664,82,1873,Uttar Pradesh,237882725
94,4,92,5/13/2020,3758,86,1965,Uttar Pradesh,237882725
144,2,107,5/14/2020,3902,88,2072,Uttar Pradesh,237882725
155,7,93,5/15/2020,4057,95,2165,Uttar Pradesh,237882725
201,9,276,5/16/2020,4258,104,2441,Uttar Pradesh,237882725
206,8,195,5/17/2020,4464,112,2636,Uttar Pradesh,237882725
141,6,147,5/18/2020,4605,118,2783,Uttar Pradesh,237882725
321,5,135,5/19/2020,4926,123,2918,Uttar Pradesh,237882725
249,4,148,5/20/2020,5175,127,3066,Uttar Pradesh,237882725
340,11,138,5/21/2020,5515,138,3204,Uttar Pradesh,237882725
220,14,120,5/22/2020,5735,152,3324,Uttar Pradesh,237882725
282,3,82,5/23/2020,6017,155,3406,Uttar Pradesh,237882725
251,6,132,5/24/2020,6268,161,3538,Uttar Pradesh,237882725
229,8,122,5/25/2020,6497,169,3660,Uttar Pradesh,237882725
227,8,164,5/26/2020,6724,177,3824,Uttar Pradesh,237882725
267,5,167,5/27/2020,6991,182,3991,Uttar Pradesh,237882725
179,15,224,5/28/2020,7170,197,4215,Uttar Pradesh,237882725
275,4,195,5/29/2020,7445,201,4410,Uttar Pradesh,237882725
256,12,241,5/30/2020,7701,213,4651,Uttar Pradesh,237882725
374,4,192,5/31/2020,8075,217,4843,Uttar Pradesh,237882725
286,5,187,6/1/2020,8361,222,5030,Uttar Pradesh,237882725
368,7,146,6/2/2020,8729,229,5176,Uttar Pradesh,237882725
141,1,81,6/3/2020,8870,230,5257,Uttar Pradesh,237882725
367,15,182,6/4/2020,9237,245,5439,Uttar Pradesh,237882725
496,12,209,6/5/2020,9733,257,5648,Uttar Pradesh,237882725
370,11,260,6/6/2020,10103,268,5908,Uttar Pradesh,237882725
433,7,277,6/7/2020,10536,275,6185,Uttar Pradesh,237882725
411,8,159,6/8/2020,10947,283,6344,Uttar Pradesh,237882725
388,18,325,6/9/2020,11335,301,6669,Uttar Pradesh,237882725
275,20,302,6/10/2020,11610,321,6971,Uttar Pradesh,237882725
478,24,321,6/11/2020,12088,345,7292,Uttar Pradesh,237882725
528,20,317,6/12/2020,12616,365,7609,Uttar Pradesh,237882725
502,20,266,6/13/2020,13118,385,7875,Uttar Pradesh,237882725
497,14,393,6/14/2020,13615,399,8268,Uttar Pradesh,237882725
476,18,342,6/15/2020,14091,417,8610,Uttar Pradesh,237882725
507,18,294,6/16/2020,14598,435,8904,Uttar Pradesh,237882725
583,30,335,6/17/2020,15181,465,9239,Uttar Pradesh,237882725
604,23,399,6/18/2020,15785,488,9638,Uttar Pradesh,237882725
809,19,357,6/19/2020,16594,507,9995,Uttar Pradesh,237882725
541,22,374,6/20/2020,17135,529,10369,Uttar Pradesh,237882725
596,21,626,6/21/2020,17731,550,10995,Uttar Pradesh,237882725
591,19,606,6/22/2020,18322,569,11601,Uttar Pradesh,237882725
571,19,515,6/23/2020,18893,588,12116,Uttar Pradesh,237882725
664,8,470,6/24/2020,19557,596,12586,Uttar Pradesh,237882725
636,15,533,6/25/2020,20193,611,13119,Uttar Pradesh,237882725
750,19,464,6/26/2020,20943,630,13583,Uttar Pradesh,237882725
606,19,632,6/27/2020,21549,649,14215,Uttar Pradesh,237882725
598,11,593,6/28/2020,22147,660,14808,Uttar Pradesh,237882725
681,12,698,6/29/2020,22828,672,15506,Uttar Pradesh,237882725
664,25,578,6/30/2020,23492,697,16084,Uttar Pradesh,237882725
564,21,545,7/1/2020,24056,718,16629,Uttar Pradesh,237882725
769,17,592,7/2/2020,24825,735,17221,Uttar Pradesh,237882725
972,14,376,7/3/2020,25797,749,17597,Uttar Pradesh,237882725
757,24,557,7/4/2020,26554,773,18154,Uttar Pradesh,237882725
1153,12,607,7/5/2020,27707,785,18761,Uttar Pradesh,237882725
929,24,348,7/6/2020,28636,809,19109,Uttar Pradesh,237882725
1332,18,518,7/7/2020,29968,827,19627,Uttar Pradesh,237882725
1188,18,704,7/8/2020,31156,845,20331,Uttar Pradesh,237882725
1206,17,796,7/9/2020,32362,862,21127,Uttar Pradesh,237882725
1338,27,660,7/10/2020,33700,889,21787,Uttar Pradesh,237882725
1392,24,902,7/11/2020,35092,913,22689,Uttar Pradesh,237882725
1384,21,645,7/12/2020,36476,934,23334,Uttar Pradesh,237882725
1654,21,869,7/13/2020,38130,955,24203,Uttar Pradesh,237882725
1594,28,778,7/14/2020,39724,983,24981,Uttar Pradesh,237882725
1659,29,762,7/15/2020,41383,1012,25743,Uttar Pradesh,237882725
2058,34,932,7/16/2020,43441,1046,26675,Uttar Pradesh,237882725
1722,38,959,7/17/2020,45163,1084,27634,Uttar Pradesh,237882725
1873,24,1030,7/18/2020,47036,1108,28664,Uttar Pradesh,237882725
2211,38,1181,7/19/2020,49247,1146,29845,Uttar Pradesh,237882725
1913,46,986,7/20/2020,51160,1192,30831,Uttar Pradesh,237882725
2128,37,1024,7/21/2020,53288,1229,31855,Uttar Pradesh,237882725
2300,34,1645,7/22/2020,55588,1263,33500,Uttar Pradesh,237882725
2516,35,2303,7/23/2020,58104,1298,35803,Uttar Pradesh,237882725
2667,50,1909,7/24/2020,60771,1348,37712,Uttar Pradesh,237882725
2971,39,2191,7/25/2020,63742,1387,39903,Uttar Pradesh,237882725
3246,39,1738,7/26/2020,66988,1426,41641,Uttar Pradesh,237882725
3505,30,1192,7/27/2020,70493,1456,42833,Uttar Pradesh,237882725
3458,41,1687,7/28/2020,73951,1497,44520,Uttar Pradesh,237882725
3383,33,1287,7/29/2020,77334,1530,45807,Uttar Pradesh,237882725
3705,57,996,7/30/2020,81039,1587,46803,Uttar Pradesh,237882725
4422,43,2060,7/31/2020,85461,1630,48863,Uttar Pradesh,237882725
3587,47,2471,8/1/2020,89048,1677,51334,Uttar Pradesh,237882725
3873,53,2023,8/2/2020,92921,1730,53357,Uttar Pradesh,237882725
4441,48,2036,8/3/2020,97362,1778,55393,Uttar Pradesh,237882725
2948,39,1878,8/4/2020,100310,1817,57271,Uttar Pradesh,237882725
4078,40,3287,8/5/2020,104388,1857,60558,Uttar Pradesh,237882725
4586,61,2844,8/6/2020,108974,1918,63402,Uttar Pradesh,237882725
4404,63,3432,8/7/2020,113378,1981,66834,Uttar Pradesh,237882725
4660,47,2999,8/8/2020,118038,2028,69833,Uttar Pradesh,237882725
4571,41,2817,8/9/2020,122609,2069,72650,Uttar Pradesh,237882725
4113,51,4074,8/10/2020,126722,2120,76724,Uttar Pradesh,237882725
5041,56,3865,8/11/2020,131763,2176,80589,Uttar Pradesh,237882725
4475,54,4072,8/12/2020,136238,2230,84661,Uttar Pradesh,237882725
4537,50,4125,8/13/2020,140775,2280,88786,Uttar Pradesh,237882725
4512,55,3740,8/14/2020,145287,2335,92526,Uttar Pradesh,237882725
4774,58,3705,8/15/2020,150061,2393,96231,Uttar Pradesh,237882725
4357,56,4201,8/16/2020,154418,2449,100432,Uttar Pradesh,237882725
3798,66,4376,8/17/2020,158216,2515,104808,Uttar Pradesh,237882725
4218,70,4799,8/18/2020,162434,2585,109607,Uttar Pradesh,237882725
5076,53,5620,8/19/2020,167510,2638,115227,Uttar Pradesh,237882725
4824,95,5863,8/20/2020,172334,2733,121090,Uttar Pradesh,237882725
4905,64,5567,8/21/2020,177239,2797,126657,Uttar Pradesh,237882725
5217,70,4638,8/22/2020,182456,2867,131295,Uttar Pradesh,237882725
5325,59,4318,8/23/2020,187781,2926,135613,Uttar Pradesh,237882725
4601,61,4494,8/24/2020,192382,2987,140107,Uttar Pradesh,237882725
5006,72,4647,8/25/2020,197388,3059,144754,Uttar Pradesh,237882725
5640,82,3808,8/26/2020,203028,3141,148562,Uttar Pradesh,237882725
5391,76,4331,8/27/2020,208419,3217,152893,Uttar Pradesh,237882725
5405,77,4986,8/28/2020,213824,3294,157879,Uttar Pradesh,237882725
5633,62,4862,8/29/2020,219457,3356,162741,Uttar Pradesh,237882725
6175,67,4802,8/30/2020,225632,3423,167543,Uttar Pradesh,237882725
4782,63,4597,8/31/2020,230414,3486,172140,Uttar Pradesh,237882725
5343,56,4537,9/1/2020,235757,3542,176677,Uttar Pradesh,237882725
5682,74,4687,9/2/2020,241439,3616,181364,Uttar Pradesh,237882725
5662,75,4448,9/3/2020,247101,3691,185812,Uttar Pradesh,237882725
6074,71,5006,9/4/2020,253175,3762,190818,Uttar Pradesh,237882725
6590,81,5141,9/5/2020,259765,3843,195959,Uttar Pradesh,237882725
6518,77,4779,9/6/2020,266283,3920,200738,Uttar Pradesh,237882725
5568,56,4993,9/7/2020,271851,3976,205731,Uttar Pradesh,237882725
6622,71,5439,9/8/2020,278473,4047,211170,Uttar Pradesh,237882725
6568,65,5731,9/9/2020,285041,4112,216901,Uttar Pradesh,237882725
6988,94,4605,9/10/2020,292029,4206,221506,Uttar Pradesh,237882725
7016,76,5936,9/11/2020,299045,4282,227442,Uttar Pradesh,237882725
6786,67,6085,9/12/2020,305831,4349,233527,Uttar Pradesh,237882725
6205,80,5958,9/13/2020,312036,4429,239485,Uttar Pradesh,237882725
5159,62,5932,9/14/2020,317195,4491,245417,Uttar Pradesh,237882725
6841,113,6680,9/15/2020,324036,4604,252097,Uttar Pradesh,237882725
6229,86,6476,9/16/2020,330265,4690,258573,Uttar Pradesh,237882725
6029,81,4715,9/17/2020,336294,4771,263288,Uttar Pradesh,237882725
6494,98,6806,9/18/2020,342788,4869,270094,Uttar Pradesh,237882725
5729,84,6596,9/19/2020,348517,4953,276690,Uttar Pradesh,237882725
5758,94,6584,9/20/2020,354275,5047,283274,Uttar Pradesh,237882725
4618,88,6320,9/21/2020,358893,5135,289594,Uttar Pradesh,237882725
5650,77,6589,9/22/2020,364543,5212,296183,Uttar Pradesh,237882725
5143,87,6506,9/23/2020,369686,5299,302689,Uttar Pradesh,237882725
4591,67,4922,9/24/2020,374277,5366,307611,Uttar Pradesh,237882725
4256,84,6075,9/25/2020,378533,5450,313686,Uttar Pradesh,237882725
4302,67,6546,9/26/2020,382835,5517,320232,Uttar Pradesh,237882725
4250,77,5656,9/27/2020,387085,5594,325888,Uttar Pradesh,237882725
3790,58,5382,9/28/2020,390875,5652,331270,Uttar Pradesh,237882725
3981,63,5711,9/29/2020,394856,5715,336981,Uttar Pradesh,237882725
4226,69,5434,9/30/2020,399082,5784,342415,Uttar Pradesh,237882725
4019,80,4444,10/1/2020,403101,5864,346859,Uttar Pradesh,237882725
3894,53,5107,10/2/2020,406995,5917,351966,Uttar Pradesh,237882725
3631,60,4860,10/3/2020,410626,5977,356826,Uttar Pradesh,237882725
3840,52,5226,10/4/2020,414466,6029,362052,Uttar Pradesh,237882725
2971,63,4269,10/5/2020,417437,6092,366321,Uttar Pradesh,237882725
3500,61,4432,10/6/2020,420937,6153,370753,Uttar Pradesh,237882725
3389,47,4219,10/7/2020,424326,6200,374972,Uttar Pradesh,237882725
3133,45,3690,10/8/2020,427459,6245,378662,Uttar Pradesh,237882725
3207,48,4424,10/9/2020,430666,6293,383086,Uttar Pradesh,237882725
3046,60,4063,10/10/2020,433712,6353,387149,Uttar Pradesh,237882725
3267,41,3417,10/11/2020,436979,6394,390566,Uttar Pradesh,237882725
2182,44,3342,10/12/2020,439161,6438,393908,Uttar Pradesh,237882725
2957,28,3662,10/13/2020,442118,6466,397570,Uttar Pradesh,237882725
2593,41,3736,10/14/2020,444711,6507,401306,Uttar Pradesh,237882725
2672,36,3239,10/15/2020,447383,6543,404545,Uttar Pradesh,237882725
2552,46,3538,10/16/2020,449935,6589,408083,Uttar Pradesh,237882725
2725,40,3528,10/17/2020,452660,6629,411611,Uttar Pradesh,237882725
2486,29,3981,10/18/2020,455146,6658,415592,Uttar Pradesh,237882725
1719,27,3093,10/19/2020,456865,6685,418685,Uttar Pradesh,237882725
2289,29,3339,10/20/2020,459154,6714,422024,Uttar Pradesh,237882725
2321,41,3332,10/21/2020,461475,6755,425356,Uttar Pradesh,237882725
2383,35,2581,10/22/2020,463858,6790,427937,Uttar Pradesh,237882725
0,0,0,3/14/2020,0,0,0,Uttarakhand,11250858
0,0,0,3/15/2020,0,0,0,Uttarakhand,11250858
1,0,0,3/16/2020,1,0,0,Uttarakhand,11250858
0,0,0,3/17/2020,1,0,0,Uttarakhand,11250858
1,0,0,3/18/2020,2,0,0,Uttarakhand,11250858
1,0,0,3/19/2020,3,0,0,Uttarakhand,11250858
0,0,0,3/20/2020,3,0,0,Uttarakhand,11250858
0,0,0,3/21/2020,3,0,0,Uttarakhand,11250858
0,0,0,3/22/2020,3,0,0,Uttarakhand,11250858
1,0,0,3/23/2020,4,0,0,Uttarakhand,11250858
0,0,0,3/24/2020,4,0,0,Uttarakhand,11250858
1,0,0,3/25/2020,5,0,0,Uttarakhand,11250858
0,0,0,3/26/2020,5,0,0,Uttarakhand,11250858
0,0,0,3/27/2020,5,0,0,Uttarakhand,11250858
1,0,1,3/28/2020,6,0,1,Uttarakhand,11250858
1,0,0,3/29/2020,7,0,1,Uttarakhand,11250858
0,0,1,3/30/2020,7,0,2,Uttarakhand,11250858
0,0,0,3/31/2020,7,0,2,Uttarakhand,11250858
0,0,0,4/1/2020,7,0,2,Uttarakhand,11250858
3,0,0,4/2/2020,10,0,2,Uttarakhand,11250858
6,0,0,4/3/2020,16,0,2,Uttarakhand,11250858
6,0,0,4/4/2020,22,0,2,Uttarakhand,11250858
4,0,2,4/5/2020,26,0,4,Uttarakhand,11250858
5,0,0,4/6/2020,31,0,4,Uttarakhand,11250858
0,0,0,4/7/2020,31,0,4,Uttarakhand,11250858
4,0,1,4/8/2020,35,0,5,Uttarakhand,11250858
0,0,0,4/9/2020,35,0,5,Uttarakhand,11250858
0,0,0,4/10/2020,35,0,5,Uttarakhand,11250858
0,0,0,4/11/2020,35,0,5,Uttarakhand,11250858
0,0,0,4/12/2020,35,0,5,Uttarakhand,11250858
0,0,2,4/13/2020,35,0,7,Uttarakhand,11250858
2,0,2,4/14/2020,37,0,9,Uttarakhand,11250858
0,0,0,4/15/2020,37,0,9,Uttarakhand,11250858
0,0,0,4/16/2020,37,0,9,Uttarakhand,11250858
3,0,0,4/17/2020,40,0,9,Uttarakhand,11250858
2,0,0,4/18/2020,42,0,9,Uttarakhand,11250858
2,0,2,4/19/2020,44,0,11,Uttarakhand,11250858
2,0,7,4/20/2020,46,0,18,Uttarakhand,11250858
0,0,1,4/21/2020,46,0,19,Uttarakhand,11250858
0,0,4,4/22/2020,46,0,23,Uttarakhand,11250858
1,0,1,4/23/2020,47,0,24,Uttarakhand,11250858
1,0,1,4/24/2020,48,0,25,Uttarakhand,11250858
0,0,1,4/25/2020,48,0,26,Uttarakhand,11250858
3,0,0,4/26/2020,51,0,26,Uttarakhand,11250858
0,0,0,4/27/2020,51,0,26,Uttarakhand,11250858
3,0,0,4/28/2020,54,0,26,Uttarakhand,11250858
1,0,2,4/29/2020,55,0,28,Uttarakhand,11250858
2,0,8,4/30/2020,57,0,36,Uttarakhand,11250858
0,1,1,5/1/2020,57,1,37,Uttarakhand,11250858
2,0,2,5/2/2020,59,1,39,Uttarakhand,11250858
1,0,0,5/3/2020,60,1,39,Uttarakhand,11250858
0,0,0,5/4/2020,60,1,39,Uttarakhand,11250858
1,0,0,5/5/2020,61,1,39,Uttarakhand,11250858
0,0,0,5/6/2020,61,1,39,Uttarakhand,11250858
0,0,0,5/7/2020,61,1,39,Uttarakhand,11250858
2,0,6,5/8/2020,63,1,45,Uttarakhand,11250858
4,0,1,5/9/2020,67,1,46,Uttarakhand,11250858
1,0,0,5/10/2020,68,1,46,Uttarakhand,11250858
0,0,0,5/11/2020,68,1,46,Uttarakhand,11250858
1,0,0,5/12/2020,69,1,46,Uttarakhand,11250858
3,0,0,5/13/2020,72,1,46,Uttarakhand,11250858
6,0,4,5/14/2020,78,1,50,Uttarakhand,11250858
4,0,1,5/15/2020,82,1,51,Uttarakhand,11250858
9,0,0,5/16/2020,91,1,51,Uttarakhand,11250858
1,0,1,5/17/2020,92,1,52,Uttarakhand,11250858
4,0,0,5/18/2020,96,1,52,Uttarakhand,11250858
15,0,0,5/19/2020,111,1,52,Uttarakhand,11250858
15,0,1,5/20/2020,126,1,53,Uttarakhand,11250858
19,0,0,5/21/2020,145,1,53,Uttarakhand,11250858
8,0,0,5/22/2020,153,1,53,Uttarakhand,11250858
91,0,2,5/23/2020,244,1,55,Uttarakhand,11250858
73,2,3,5/24/2020,317,3,58,Uttarakhand,11250858
32,1,0,5/25/2020,349,4,58,Uttarakhand,11250858
51,0,6,5/26/2020,400,4,64,Uttarakhand,11250858
69,0,15,5/27/2020,469,4,79,Uttarakhand,11250858
31,0,0,5/28/2020,500,4,79,Uttarakhand,11250858
216,0,23,5/29/2020,716,4,102,Uttarakhand,11250858
33,1,0,5/30/2020,749,5,102,Uttarakhand,11250858
158,0,0,5/31/2020,907,5,102,Uttarakhand,11250858
52,0,120,6/1/2020,959,5,222,Uttarakhand,11250858
84,2,30,6/2/2020,1043,7,252,Uttarakhand,11250858
42,1,7,6/3/2020,1085,8,259,Uttarakhand,11250858
68,2,38,6/4/2020,1153,10,297,Uttarakhand,11250858
62,1,47,6/5/2020,1215,11,344,Uttarakhand,11250858
88,0,78,6/6/2020,1303,11,422,Uttarakhand,11250858
52,2,106,6/7/2020,1355,13,528,Uttarakhand,11250858
56,0,186,6/8/2020,1411,13,714,Uttarakhand,11250858
126,0,41,6/9/2020,1537,13,755,Uttarakhand,11250858
25,2,76,6/10/2020,1562,15,831,Uttarakhand,11250858
93,1,55,6/11/2020,1655,16,886,Uttarakhand,11250858
69,5,61,6/12/2020,1724,21,947,Uttarakhand,11250858
61,2,130,6/13/2020,1785,23,1077,Uttarakhand,11250858
34,1,34,6/14/2020,1819,24,1111,Uttarakhand,11250858
26,0,78,6/15/2020,1845,24,1189,Uttarakhand,11250858
97,1,27,6/16/2020,1942,25,1216,Uttarakhand,11250858
81,1,38,6/17/2020,2023,26,1254,Uttarakhand,11250858
80,0,132,6/18/2020,2103,26,1386,Uttarakhand,11250858
74,0,47,6/19/2020,2177,26,1433,Uttarakhand,11250858
124,1,17,6/20/2020,2301,27,1450,Uttarakhand,11250858
43,0,50,6/21/2020,2344,27,1500,Uttarakhand,11250858
58,1,21,6/22/2020,2402,28,1521,Uttarakhand,11250858
133,2,81,6/23/2020,2535,30,1602,Uttarakhand,11250858
88,5,119,6/24/2020,2623,35,1721,Uttarakhand,11250858
68,1,37,6/25/2020,2691,36,1758,Uttarakhand,11250858
34,1,64,6/26/2020,2725,37,1822,Uttarakhand,11250858
66,0,87,6/27/2020,2791,37,1909,Uttarakhand,11250858
32,1,109,6/28/2020,2823,38,2018,Uttarakhand,11250858
8,1,93,6/29/2020,2831,39,2111,Uttarakhand,11250858
50,2,120,6/30/2020,2881,41,2231,Uttarakhand,11250858
66,0,86,7/1/2020,2947,41,2317,Uttarakhand,11250858
37,1,88,7/2/2020,2984,42,2405,Uttarakhand,11250858
64,0,76,7/3/2020,3048,42,2481,Uttarakhand,11250858
45,0,21,7/4/2020,3093,42,2502,Uttarakhand,11250858
31,0,22,7/5/2020,3124,42,2524,Uttarakhand,11250858
37,0,62,7/6/2020,3161,42,2586,Uttarakhand,11250858
69,1,35,7/7/2020,3230,43,2621,Uttarakhand,11250858
28,3,29,7/8/2020,3258,46,2650,Uttarakhand,11250858
47,0,22,7/9/2020,3305,46,2672,Uttarakhand,11250858
68,0,34,7/10/2020,3373,46,2706,Uttarakhand,11250858
44,0,12,7/11/2020,3417,46,2718,Uttarakhand,11250858
120,1,68,7/12/2020,3537,47,2786,Uttarakhand,11250858
71,2,70,7/13/2020,3608,49,2856,Uttarakhand,11250858
78,1,11,7/14/2020,3686,50,2867,Uttarakhand,11250858
99,0,81,7/15/2020,3785,50,2948,Uttarakhand,11250858
197,0,47,7/16/2020,3982,50,2995,Uttarakhand,11250858
120,1,26,7/17/2020,4102,51,3021,Uttarakhand,11250858
174,1,60,7/18/2020,4276,52,3081,Uttarakhand,11250858
239,0,35,7/19/2020,4515,52,3116,Uttarakhand,11250858
127,3,96,7/20/2020,4642,55,3212,Uttarakhand,11250858
207,0,85,7/21/2020,4849,55,3297,Uttarakhand,11250858
451,2,52,7/22/2020,5300,57,3349,Uttarakhand,11250858
145,3,50,7/23/2020,5445,60,3399,Uttarakhand,11250858
272,2,42,7/24/2020,5717,62,3441,Uttarakhand,11250858
244,1,54,7/25/2020,5961,63,3495,Uttarakhand,11250858
143,0,71,7/26/2020,6104,63,3566,Uttarakhand,11250858
224,3,109,7/27/2020,6328,66,3675,Uttarakhand,11250858
259,4,45,7/28/2020,6587,70,3720,Uttarakhand,11250858
279,2,91,7/29/2020,6866,72,3811,Uttarakhand,11250858
199,4,185,7/30/2020,7065,76,3996,Uttarakhand,11250858
118,4,172,7/31/2020,7183,80,4168,Uttarakhand,11250858
264,3,162,8/1/2020,7447,83,4330,Uttarakhand,11250858
146,3,107,8/2/2020,7593,86,4437,Uttarakhand,11250858
207,4,101,8/3/2020,7800,90,4538,Uttarakhand,11250858
208,5,309,8/4/2020,8008,95,4847,Uttarakhand,11250858
246,3,386,8/5/2020,8254,98,5233,Uttarakhand,11250858
369,4,194,8/6/2020,8623,102,5427,Uttarakhand,11250858
278,10,304,8/7/2020,8901,112,5731,Uttarakhand,11250858
501,5,232,8/8/2020,9402,117,5963,Uttarakhand,11250858
230,8,171,8/9/2020,9632,125,6134,Uttarakhand,11250858
389,9,167,8/10/2020,10021,134,6301,Uttarakhand,11250858
411,2,169,8/11/2020,10432,136,6470,Uttarakhand,11250858
454,4,217,8/12/2020,10886,140,6687,Uttarakhand,11250858
416,3,327,8/13/2020,11302,143,7014,Uttarakhand,11250858
313,4,488,8/14/2020,11615,147,7502,Uttarakhand,11250858
325,4,246,8/15/2020,11940,151,7748,Uttarakhand,11250858
235,1,352,8/16/2020,12175,152,8100,Uttarakhand,11250858
318,6,385,8/17/2020,12493,158,8485,Uttarakhand,11250858
468,6,239,8/18/2020,12961,164,8724,Uttarakhand,11250858
264,14,408,8/19/2020,13225,178,9132,Uttarakhand,11250858
411,9,301,8/20/2020,13636,187,9433,Uttarakhand,11250858
447,5,243,8/21/2020,14083,192,9676,Uttarakhand,11250858
483,3,345,8/22/2020,14566,195,10021,Uttarakhand,11250858
558,5,459,8/23/2020,15124,200,10480,Uttarakhand,11250858
405,7,432,8/24/2020,15529,207,10912,Uttarakhand,11250858
485,6,289,8/25/2020,16014,213,11201,Uttarakhand,11250858
535,6,323,8/26/2020,16549,219,11524,Uttarakhand,11250858
728,9,251,8/27/2020,17277,228,11775,Uttarakhand,11250858
588,11,349,8/28/2020,17865,239,12124,Uttarakhand,11250858
706,11,400,8/29/2020,18571,250,12524,Uttarakhand,11250858
664,7,480,8/30/2020,19235,257,13004,Uttarakhand,11250858
592,12,604,8/31/2020,19827,269,13608,Uttarakhand,11250858
571,11,404,9/1/2020,20398,280,14012,Uttarakhand,11250858
836,11,425,9/2/2020,21234,291,14437,Uttarakhand,11250858
946,9,508,9/3/2020,22180,300,14945,Uttarakhand,11250858
831,12,502,9/4/2020,23011,312,15447,Uttarakhand,11250858
950,18,535,9/5/2020,23961,330,15982,Uttarakhand,11250858
668,11,591,9/6/2020,24629,341,16573,Uttarakhand,11250858
807,7,473,9/7/2020,25436,348,17046,Uttarakhand,11250858
658,12,427,9/8/2020,26094,360,17473,Uttarakhand,11250858
1117,12,789,9/9/2020,27211,372,18262,Uttarakhand,11250858
1015,5,521,9/10/2020,28226,377,18783,Uttarakhand,11250858
995,11,645,9/11/2020,29221,388,19428,Uttarakhand,11250858
1115,14,603,9/12/2020,30336,402,20031,Uttarakhand,11250858
1637,12,1009,9/13/2020,31973,414,21040,Uttarakhand,11250858
1043,15,1037,9/14/2020,33016,429,22077,Uttarakhand,11250858
1391,9,1008,9/15/2020,34407,438,23085,Uttarakhand,11250858
1540,9,1192,9/16/2020,35947,447,24277,Uttarakhand,11250858
1192,13,533,9/17/2020,37139,460,24810,Uttarakhand,11250858
868,4,1285,9/18/2020,38007,464,26095,Uttarakhand,11250858
2078,14,878,9/19/2020,40085,478,26973,Uttarakhand,11250858
878,13,855,9/20/2020,40963,491,27828,Uttarakhand,11250858
814,10,1172,9/21/2020,41777,501,29000,Uttarakhand,11250858
874,11,1107,9/22/2020,42651,512,30107,Uttarakhand,11250858
1069,17,1016,9/23/2020,43720,529,31123,Uttarakhand,11250858
684,13,1031,9/24/2020,44404,542,32154,Uttarakhand,11250858
928,13,1488,9/25/2020,45332,555,33642,Uttarakhand,11250858
949,11,1007,9/26/2020,46281,566,34649,Uttarakhand,11250858
764,8,813,9/27/2020,47045,574,35462,Uttarakhand,11250858
457,6,1184,9/28/2020,47502,580,36646,Uttarakhand,11250858
493,11,1413,9/29/2020,47995,591,38059,Uttarakhand,11250858
1005,20,976,9/30/2020,49000,611,39035,Uttarakhand,11250858
248,14,801,10/1/2020,49248,625,39836,Uttarakhand,11250858
311,11,340,10/2/2020,49559,636,40176,Uttarakhand,11250858
503,12,919,10/3/2020,50062,648,41095,Uttarakhand,11250858
1419,4,392,10/4/2020,51481,652,41487,Uttarakhand,11250858
510,17,881,10/5/2020,51991,669,42368,Uttarakhand,11250858
338,8,600,10/6/2020,52329,677,42968,Uttarakhand,11250858
630,11,663,10/7/2020,52959,688,43631,Uttarakhand,11250858
400,14,904,10/8/2020,53359,702,44535,Uttarakhand,11250858
704,14,1239,10/9/2020,54063,716,45774,Uttarakhand,11250858
462,18,412,10/10/2020,54525,734,46186,Uttarakhand,11250858
526,13,456,10/11/2020,55051,747,46642,Uttarakhand,11250858
296,15,664,10/12/2020,55347,762,47306,Uttarakhand,11250858
294,20,665,10/13/2020,55641,782,47971,Uttarakhand,11250858
429,14,827,10/14/2020,56070,796,48798,Uttarakhand,11250858
423,18,833,10/15/2020,56493,814,49631,Uttarakhand,11250858
549,15,524,10/16/2020,57042,829,50155,Uttarakhand,11250858
606,95,665,10/17/2020,57648,924,50820,Uttarakhand,11250858
376,3,162,10/18/2020,58024,927,50982,Uttarakhand,11250858
336,6,504,10/19/2020,58360,933,51486,Uttarakhand,11250858
241,13,376,10/20/2020,58601,946,51862,Uttarakhand,11250858
505,14,770,10/21/2020,59106,960,52632,Uttarakhand,11250858
402,8,568,10/22/2020,59508,968,53200,Uttarakhand,11250858
0,0,0,3/14/2020,0,0,0,West Bengal,99609303
0,0,0,3/15/2020,0,0,0,West Bengal,99609303
0,0,0,3/16/2020,0,0,0,West Bengal,99609303
1,0,0,3/17/2020,1,0,0,West Bengal,99609303
0,0,0,3/18/2020,1,0,0,West Bengal,99609303
0,0,0,3/19/2020,1,0,0,West Bengal,99609303
1,0,0,3/20/2020,2,0,0,West Bengal,99609303
2,0,0,3/21/2020,4,0,0,West Bengal,99609303
3,0,0,3/22/2020,7,0,0,West Bengal,99609303
0,1,0,3/23/2020,7,1,0,West Bengal,99609303
2,0,0,3/24/2020,9,1,0,West Bengal,99609303
0,0,0,3/25/2020,9,1,0,West Bengal,99609303
1,0,0,3/26/2020,10,1,0,West Bengal,99609303
5,0,0,3/27/2020,15,1,0,West Bengal,99609303
3,0,0,3/28/2020,18,1,0,West Bengal,99609303
3,0,0,3/29/2020,21,1,0,West Bengal,99609303
1,1,0,3/30/2020,22,2,0,West Bengal,99609303
15,1,3,3/31/2020,37,3,3,West Bengal,99609303
0,0,0,4/1/2020,37,3,3,West Bengal,99609303
16,0,0,4/2/2020,53,3,3,West Bengal,99609303
0,0,0,4/3/2020,53,3,3,West Bengal,99609303
0,0,0,4/4/2020,53,3,3,West Bengal,99609303
27,0,7,4/5/2020,80,3,10,West Bengal,99609303
0,0,0,4/6/2020,80,3,10,West Bengal,99609303
11,0,3,4/7/2020,91,3,13,West Bengal,99609303
8,2,0,4/8/2020,99,5,13,West Bengal,99609303
4,0,3,4/9/2020,103,5,16,West Bengal,99609303
13,0,0,4/10/2020,116,5,16,West Bengal,99609303
10,0,0,4/11/2020,126,5,16,West Bengal,99609303
8,2,3,4/12/2020,134,7,19,West Bengal,99609303
18,0,10,4/13/2020,152,7,29,West Bengal,99609303
38,0,7,4/14/2020,190,7,36,West Bengal,99609303
23,0,1,4/15/2020,213,7,37,West Bengal,99609303
18,3,5,4/16/2020,231,10,42,West Bengal,99609303
24,0,9,4/17/2020,255,10,51,West Bengal,99609303
32,2,4,4/18/2020,287,12,55,West Bengal,99609303
23,0,7,4/19/2020,310,12,62,West Bengal,99609303
29,0,4,4/20/2020,339,12,66,West Bengal,99609303
53,3,7,4/21/2020,392,15,73,West Bengal,99609303
31,0,0,4/22/2020,423,15,73,West Bengal,99609303
33,0,6,4/23/2020,456,15,79,West Bengal,99609303
58,3,24,4/24/2020,514,18,103,West Bengal,99609303
57,0,0,4/25/2020,571,18,103,West Bengal,99609303
40,2,2,4/26/2020,611,20,105,West Bengal,99609303
38,0,0,4/27/2020,649,20,105,West Bengal,99609303
48,2,4,4/28/2020,697,22,109,West Bengal,99609303
28,0,10,4/29/2020,725,22,119,West Bengal,99609303
33,11,5,4/30/2020,758,33,124,West Bengal,99609303
37,8,15,5/1/2020,795,41,139,West Bengal,99609303
127,7,12,5/2/2020,922,48,151,West Bengal,99609303
276,74,-19,5/3/2020,1198,122,132,West Bengal,99609303
61,11,86,5/4/2020,1259,133,218,West Bengal,99609303
85,7,46,5/5/2020,1344,140,264,West Bengal,99609303
112,4,1,5/6/2020,1456,144,265,West Bengal,99609303
92,7,31,5/7/2020,1548,151,296,West Bengal,99609303
130,9,27,5/8/2020,1678,160,323,West Bengal,99609303
108,11,49,5/9/2020,1786,171,372,West Bengal,99609303
153,14,45,5/10/2020,1939,185,417,West Bengal,99609303
124,5,82,5/11/2020,2063,190,499,West Bengal,99609303
110,8,113,5/12/2020,2173,198,612,West Bengal,99609303
117,9,90,5/13/2020,2290,207,702,West Bengal,99609303
87,8,66,5/14/2020,2377,215,768,West Bengal,99609303
84,10,61,5/15/2020,2461,225,829,West Bengal,99609303
115,7,63,5/16/2020,2576,232,892,West Bengal,99609303
101,6,67,5/17/2020,2677,238,959,West Bengal,99609303
147,6,47,5/18/2020,2824,244,1006,West Bengal,99609303
137,6,68,5/19/2020,2961,250,1074,West Bengal,99609303
142,3,62,5/20/2020,3103,253,1136,West Bengal,99609303
94,6,57,5/21/2020,3197,259,1193,West Bengal,99609303
135,6,28,5/22/2020,3332,265,1221,West Bengal,99609303
127,4,60,5/23/2020,3459,269,1281,West Bengal,99609303
208,3,58,5/24/2020,3667,272,1339,West Bengal,99609303
149,6,75,5/25/2020,3816,278,1414,West Bengal,99609303
193,5,72,5/26/2020,4009,283,1486,West Bengal,99609303
183,6,92,5/27/2020,4192,289,1578,West Bengal,99609303
344,6,90,5/28/2020,4536,295,1668,West Bengal,99609303
277,7,107,5/29/2020,4813,302,1775,West Bengal,99609303
317,7,195,5/30/2020,5130,309,1970,West Bengal,99609303
371,8,187,5/31/2020,5501,317,2157,West Bengal,99609303
271,8,149,6/1/2020,5772,325,2306,West Bengal,99609303
396,10,104,6/2/2020,6168,335,2410,West Bengal,99609303
340,10,170,6/3/2020,6508,345,2580,West Bengal,99609303
368,10,188,6/4/2020,6876,355,2768,West Bengal,99609303
427,11,144,6/5/2020,7303,366,2912,West Bengal,99609303
435,17,207,6/6/2020,7738,383,3119,West Bengal,99609303
449,13,184,6/7/2020,8187,396,3303,West Bengal,99609303
426,9,162,6/8/2020,8613,405,3465,West Bengal,99609303
372,10,155,6/9/2020,8985,415,3620,West Bengal,99609303
343,17,159,6/10/2020,9328,432,3779,West Bengal,99609303
440,10,209,6/11/2020,9768,442,3988,West Bengal,99609303
476,9,218,6/12/2020,10244,451,4206,West Bengal,99609303
454,12,336,6/13/2020,10698,463,4542,West Bengal,99609303
389,12,518,6/14/2020,11087,475,5060,West Bengal,99609303
407,10,434,6/15/2020,11494,485,5494,West Bengal,99609303
415,10,534,6/16/2020,11909,495,6028,West Bengal,99609303
391,11,505,6/17/2020,12300,506,6533,West Bengal,99609303
435,12,468,6/18/2020,12735,518,7001,West Bengal,99609303
355,11,302,6/19/2020,13090,529,7303,West Bengal,99609303
441,11,562,6/20/2020,13531,540,7865,West Bengal,99609303
414,15,432,6/21/2020,13945,555,8297,West Bengal,99609303
413,14,390,6/22/2020,14358,569,8687,West Bengal,99609303
370,11,531,6/23/2020,14728,580,9218,West Bengal,99609303
445,11,484,6/24/2020,15173,591,9702,West Bengal,99609303
475,15,488,6/25/2020,15648,606,10190,West Bengal,99609303
542,10,345,6/26/2020,16190,616,10535,West Bengal,99609303
521,13,254,6/27/2020,16711,629,10789,West Bengal,99609303
572,10,404,6/28/2020,17283,639,11193,West Bengal,99609303
624,14,526,6/29/2020,17907,653,11719,West Bengal,99609303
652,15,411,6/30/2020,18559,668,12130,West Bengal,99609303
611,15,398,7/1/2020,19170,683,12528,West Bengal,99609303
649,16,509,7/2/2020,19819,699,13037,West Bengal,99609303
669,18,534,7/3/2020,20488,717,13571,West Bengal,99609303
743,19,595,7/4/2020,21231,736,14166,West Bengal,99609303
895,21,545,7/5/2020,22126,757,14711,West Bengal,99609303
861,22,524,7/6/2020,22987,779,15235,West Bengal,99609303
850,25,555,7/7/2020,23837,804,15790,West Bengal,99609303
986,23,501,7/8/2020,24823,827,16291,West Bengal,99609303
1088,27,535,7/9/2020,25911,854,16826,West Bengal,99609303
1198,26,522,7/10/2020,27109,880,17348,West Bengal,99609303
1344,26,611,7/11/2020,28453,906,17959,West Bengal,99609303
1560,26,622,7/12/2020,30013,932,18581,West Bengal,99609303
1435,24,632,7/13/2020,31448,956,19213,West Bengal,99609303
1390,24,718,7/14/2020,32838,980,19931,West Bengal,99609303
1589,20,749,7/15/2020,34427,1000,20680,West Bengal,99609303
1690,23,735,7/16/2020,36117,1023,21415,West Bengal,99609303
1894,26,838,7/17/2020,38011,1049,22253,West Bengal,99609303
2198,27,1286,7/18/2020,40209,1076,23539,West Bengal,99609303
2278,36,1344,7/19/2020,42487,1112,24883,West Bengal,99609303
2282,35,1535,7/20/2020,44769,1147,26418,West Bengal,99609303
2261,35,1617,7/21/2020,47030,1182,28035,West Bengal,99609303
2291,39,1615,7/22/2020,49321,1221,29650,West Bengal,99609303
2436,34,2006,7/23/2020,51757,1255,31656,West Bengal,99609303
2216,35,1873,7/24/2020,53973,1290,33529,West Bengal,99609303
2404,42,2125,7/25/2020,56377,1332,35654,West Bengal,99609303
2341,40,2097,7/26/2020,58718,1372,37751,West Bengal,99609303
2112,39,2166,7/27/2020,60830,1411,39917,West Bengal,99609303
2134,38,2105,7/28/2020,62964,1449,42022,West Bengal,99609303
2294,41,2094,7/29/2020,65258,1490,44116,West Bengal,99609303
2434,46,2140,7/30/2020,67692,1536,46256,West Bengal,99609303
2496,45,2118,7/31/2020,70188,1581,48374,West Bengal,99609303
2589,48,2143,8/1/2020,72777,1629,50517,West Bengal,99609303
2739,49,2213,8/2/2020,75516,1678,52730,West Bengal,99609303
2716,53,2088,8/3/2020,78232,1731,54818,West Bengal,99609303
2752,54,2066,8/4/2020,80984,1785,56884,West Bengal,99609303
2816,61,2078,8/5/2020,83800,1846,58962,West Bengal,99609303
2954,56,2061,8/6/2020,86754,1902,61023,West Bengal,99609303
2912,52,2037,8/7/2020,89666,1954,63060,West Bengal,99609303
2949,51,2064,8/8/2020,92615,2005,65124,West Bengal,99609303
2939,54,1996,8/9/2020,95554,2059,67120,West Bengal,99609303
2905,41,3208,8/10/2020,98459,2100,70328,West Bengal,99609303
2931,49,3067,8/11/2020,101390,2149,73395,West Bengal,99609303
2936,54,2725,8/12/2020,104326,2203,76120,West Bengal,99609303
2997,56,2497,8/13/2020,107323,2259,78617,West Bengal,99609303
3035,60,2572,8/14/2020,110358,2319,81189,West Bengal,99609303
3074,58,2647,8/15/2020,113432,2377,83836,West Bengal,99609303
3066,51,2935,8/16/2020,116498,2428,86771,West Bengal,99609303
3080,45,2932,8/17/2020,119578,2473,89703,West Bengal,99609303
3175,55,2987,8/18/2020,122753,2528,92690,West Bengal,99609303
3169,53,2973,8/19/2020,125922,2581,95663,West Bengal,99609303
3197,53,3126,8/20/2020,129119,2634,98789,West Bengal,99609303
3245,55,3082,8/21/2020,132364,2689,101871,West Bengal,99609303
3232,48,3088,8/22/2020,135596,2737,104959,West Bengal,99609303
3274,57,3048,8/23/2020,138870,2794,108007,West Bengal,99609303
2967,57,3285,8/24/2020,141837,2851,111292,West Bengal,99609303
2964,58,3251,8/25/2020,144801,2909,114543,West Bengal,99609303
2974,55,3314,8/26/2020,147775,2964,117857,West Bengal,99609303
2997,53,3189,8/27/2020,150772,3017,121046,West Bengal,99609303
2982,56,3286,8/28/2020,153754,3073,124332,West Bengal,99609303
3012,53,3312,8/29/2020,156766,3126,127644,West Bengal,99609303
3019,50,3308,8/30/2020,159785,3176,130952,West Bengal,99609303
2993,52,3318,8/31/2020,162778,3228,134270,West Bengal,99609303
2943,55,3346,9/1/2020,165721,3283,137616,West Bengal,99609303
2976,56,3297,9/2/2020,168697,3339,140913,West Bengal,99609303
2984,55,3335,9/3/2020,171681,3394,144248,West Bengal,99609303
2978,58,3305,9/4/2020,174659,3452,147553,West Bengal,99609303
3042,58,3248,9/5/2020,177701,3510,150801,West Bengal,99609303
3087,52,3207,9/6/2020,180788,3562,154008,West Bengal,99609303
3077,58,3021,9/7/2020,183865,3620,157029,West Bengal,99609303
3091,57,2996,9/8/2020,186956,3677,160025,West Bengal,99609303
3107,53,2967,9/9/2020,190063,3730,162992,West Bengal,99609303
3112,41,3035,9/10/2020,193175,3771,166027,West Bengal,99609303
3157,57,3016,9/11/2020,196332,3828,169043,West Bengal,99609303
3161,59,3042,9/12/2020,199493,3887,172085,West Bengal,99609303
3215,58,3054,9/13/2020,202708,3945,175139,West Bengal,99609303
3211,58,3084,9/14/2020,205919,4003,178223,West Bengal,99609303
3227,59,2919,9/15/2020,209146,4062,181142,West Bengal,99609303
3237,61,2971,9/16/2020,212383,4123,184113,West Bengal,99609303
3197,60,2948,9/17/2020,215580,4183,187061,West Bengal,99609303
3192,59,2960,9/18/2020,218772,4242,190021,West Bengal,99609303
3188,56,2993,9/19/2020,221960,4298,193014,West Bengal,99609303
3177,61,2958,9/20/2020,225137,4359,195972,West Bengal,99609303
3165,62,3011,9/21/2020,228302,4421,198983,West Bengal,99609303
3182,62,3047,9/22/2020,231484,4483,202030,West Bengal,99609303
3189,61,2998,9/23/2020,234673,4544,205028,West Bengal,99609303
3196,62,3014,9/24/2020,237869,4606,208042,West Bengal,99609303
3190,59,2978,9/25/2020,241059,4665,211020,West Bengal,99609303
3181,56,2955,9/26/2020,244240,4721,213975,West Bengal,99609303
3185,60,2946,9/27/2020,247425,4781,216921,West Bengal,99609303
3155,56,2923,9/28/2020,250580,4837,219844,West Bengal,99609303
3188,62,2961,9/29/2020,253768,4899,222805,West Bengal,99609303
3281,59,2954,9/30/2020,257049,4958,225759,West Bengal,99609303
3275,59,2996,10/1/2020,260324,5017,228755,West Bengal,99609303
3310,53,2944,10/2/2020,263634,5070,231699,West Bengal,99609303
3340,62,3013,10/3/2020,266974,5132,234712,West Bengal,99609303
3357,62,2986,10/4/2020,270331,5194,237698,West Bengal,99609303
3348,61,3009,10/5/2020,273679,5255,240707,West Bengal,99609303
3370,63,3036,10/6/2020,277049,5318,243743,West Bengal,99609303
3455,58,3024,10/7/2020,280504,5376,246767,West Bengal,99609303
3526,63,2970,10/8/2020,284030,5439,249737,West Bengal,99609303
3573,62,3069,10/9/2020,287603,5501,252806,West Bengal,99609303
3591,62,3032,10/10/2020,291194,5563,255838,West Bengal,99609303
3612,59,3110,10/11/2020,294806,5622,258948,West Bengal,99609303
3583,60,3155,10/12/2020,298389,5682,262103,West Bengal,99609303
3631,62,3185,10/13/2020,302020,5744,265288,West Bengal,99609303
3677,64,3096,10/14/2020,305697,5808,268384,West Bengal,99609303
3720,62,3179,10/15/2020,309417,5870,271563,West Bengal,99609303
3771,61,3194,10/16/2020,313188,5931,274757,West Bengal,99609303
3865,61,3183,10/17/2020,317053,5992,277940,West Bengal,99609303
3983,64,3113,10/18/2020,321036,6056,281053,West Bengal,99609303
3992,63,3272,10/19/2020,325028,6119,284325,West Bengal,99609303
4029,61,3382,10/20/2020,329057,6180,287707,West Bengal,99609303
4069,64,3596,10/21/2020,333126,6244,291303,West Bengal,99609303
4157,64,3608,10/22/2020,337283,6308,294911,West Bengal,99609303
54268,685,74262,10/22/2020,7759060,116750,6946345,India,1371360351
