Confirmed,Deceased,Recovered,Date,totalConfirmed,totalFatalities,totalRecovered,Region,Population
81,2,9,2020-03-14,81,2,9,India,1371360351
27,0,4,2020-03-15,108,2,13,India,1371360351
15,0,1,2020-03-16,123,2,14,India,1371360351
11,1,1,2020-03-17,134,3,15,India,1371360351
37,0,0,2020-03-18,171,3,15,India,1371360351
27,1,5,2020-03-19,198,4,20,India,1371360351
58,0,3,2020-03-20,256,4,23,India,1371360351
78,0,0,2020-03-21,334,4,23,India,1371360351
67,3,0,2020-03-22,401,7,23,India,1371360351
102,2,12,2020-03-23,503,9,35,India,1371360351
64,1,5,2020-03-24,567,10,40,India,1371360351
90,1,3,2020-03-25,657,11,43,India,1371360351
65,5,7,2020-03-26,722,16,50,India,1371360351
164,3,26,2020-03-27,886,19,76,India,1371360351
143,5,9,2020-03-28,1029,24,85,India,1371360351
110,3,5,2020-03-29,1139,27,90,India,1371360351
187,13,49,2020-03-30,1326,40,139,India,1371360351
309,6,15,2020-03-31,1635,46,154,India,1371360351
424,9,16,2020-04-01,2059,55,170,India,1371360351
486,14,22,2020-04-02,2545,69,192,India,1371360351
560,14,38,2020-04-03,3105,83,230,India,1371360351
579,13,56,2020-04-04,3684,96,286,India,1371360351
609,22,43,2020-04-05,4293,118,329,India,1371360351
484,16,65,2020-04-06,4777,134,394,India,1371360351
573,27,75,2020-04-07,5350,161,469,India,1371360351
565,20,96,2020-04-08,5915,181,565,India,1371360351
813,46,70,2020-04-09,6728,227,635,India,1371360351
871,22,151,2020-04-10,7599,249,786,India,1371360351
854,41,186,2020-04-11,8453,290,972,India,1371360351
758,42,114,2020-04-12,9211,332,1086,India,1371360351
1243,27,112,2020-04-13,10454,359,1198,India,1371360351
1031,37,167,2020-04-14,11485,396,1365,India,1371360351
886,27,144,2020-04-15,12371,423,1509,India,1371360351
1061,26,258,2020-04-16,13432,449,1767,India,1371360351
922,38,273,2020-04-17,14354,487,2040,India,1371360351
1371,35,426,2020-04-18,15725,522,2466,India,1371360351
1580,38,388,2020-04-19,17305,560,2854,India,1371360351
1239,33,419,2020-04-20,18544,593,3273,India,1371360351
1537,53,703,2020-04-21,20081,646,3976,India,1371360351
1292,36,394,2020-04-22,21373,682,4370,India,1371360351
1667,40,642,2020-04-23,23040,722,5012,India,1371360351
1408,59,484,2020-04-24,24448,781,5496,India,1371360351
1835,44,442,2020-04-25,26283,825,5938,India,1371360351
1607,56,585,2020-04-26,27890,881,6523,India,1371360351
1568,58,580,2020-04-27,29458,939,7103,India,1371360351
1902,69,636,2020-04-28,31360,1008,7739,India,1371360351
1705,71,690,2020-04-29,33065,1079,8429,India,1371360351
1802,75,630,2020-04-30,34867,1154,9059,India,1371360351
2396,77,962,2020-05-01,37263,1231,10021,India,1371360351
2564,92,831,2020-05-02,39827,1323,10852,India,1371360351
2952,140,911,2020-05-03,42779,1463,11763,India,1371360351
3656,103,1082,2020-05-04,46435,1566,12845,India,1371360351
2971,128,1295,2020-05-05,49406,1694,14140,India,1371360351
3602,91,1161,2020-05-06,53008,1785,15301,India,1371360351
3344,104,1475,2020-05-07,56352,1889,16776,India,1371360351
3339,97,1111,2020-05-08,59691,1986,17887,India,1371360351
3175,115,1414,2020-05-09,62866,2101,19301,India,1371360351
4311,112,1669,2020-05-10,67177,2213,20970,India,1371360351
3592,81,1579,2020-05-11,70769,2294,22549,India,1371360351
3562,120,1905,2020-05-12,74331,2414,24454,India,1371360351
3726,137,1963,2020-05-13,78057,2551,26417,India,1371360351
3991,97,1594,2020-05-14,82048,2648,28011,India,1371360351
3808,104,2234,2020-05-15,85856,2752,30245,India,1371360351
4794,120,4012,2020-05-16,90650,2872,34257,India,1371360351
5049,152,2538,2020-05-17,95699,3024,36795,India,1371360351
4628,131,2482,2020-05-18,100327,3155,39277,India,1371360351
5340,146,3032,2020-05-19,105667,3301,42309,India,1371360351
5438,134,3113,2020-05-20,111105,3435,45422,India,1371360351
5716,148,3131,2020-05-21,116821,3583,48553,India,1371360351
6319,142,3280,2020-05-22,123140,3725,51833,India,1371360351
6386,142,2576,2020-05-23,129526,3867,54409,India,1371360351
6672,156,3285,2020-05-24,136198,4023,57694,India,1371360351
6110,150,3012,2020-05-25,142308,4173,60706,India,1371360351
5579,173,3585,2020-05-26,147887,4346,64291,India,1371360351
6203,188,3434,2020-05-27,154090,4534,67725,India,1371360351
6935,176,3171,2020-05-28,161025,4710,70896,India,1371360351
7797,269,11735,2020-05-29,168822,4979,82631,India,1371360351
7994,205,4303,2020-05-30,176816,5184,86934,India,1371360351
8341,222,4928,2020-05-31,185157,5406,91862,India,1371360351
7584,201,3882,2020-06-01,192741,5607,95744,India,1371360351
8028,222,4531,2020-06-02,200769,5829,100275,India,1371360351
8980,259,3789,2020-06-03,209749,6088,104064,India,1371360351
9487,274,4390,2020-06-04,219236,6362,108454,India,1371360351
9345,286,4770,2020-06-05,228581,6648,113224,India,1371360351
9826,297,5433,2020-06-06,238407,6945,118657,India,1371360351
10464,261,5191,2020-06-07,248871,7206,123848,India,1371360351
9309,271,5171,2020-06-08,258180,7477,129019,India,1371360351
9107,272,5634,2020-06-09,267287,7749,134653,India,1371360351
10640,358,6275,2020-06-10,277927,8107,140928,India,1371360351
11431,394,6044,2020-06-11,289358,8501,146972,India,1371360351
11922,388,7263,2020-06-12,301280,8889,154235,India,1371360351
12370,309,8092,2020-06-13,313650,9198,162327,India,1371360351
11953,324,7358,2020-06-14,325603,9522,169685,India,1371360351
10496,396,10639,2020-06-15,336099,9918,180324,India,1371360351
10374,2004,7226,2020-06-16,346473,11922,187550,India,1371360351
12519,341,6890,2020-06-17,358992,12263,194440,India,1371360351
13399,343,10741,2020-06-18,372391,12606,205181,India,1371360351
14414,364,9029,2020-06-19,386805,12970,214210,India,1371360351
15580,308,13974,2020-06-20,402385,13278,228184,India,1371360351
15289,426,9075,2020-06-21,417674,13704,237259,India,1371360351
14855,312,10879,2020-06-22,432529,14016,248138,India,1371360351
15473,468,10462,2020-06-23,448002,14484,258600,India,1371360351
16742,424,13089,2020-06-24,464744,14908,271689,India,1371360351
17853,401,13983,2020-06-25,482597,15309,285672,India,1371360351
18625,381,10246,2020-06-26,501222,15690,295918,India,1371360351
20242,414,14229,2020-06-27,521464,16104,310147,India,1371360351
19794,384,11631,2020-06-28,541258,16488,321778,India,1371360351
18893,417,13497,2020-06-29,560151,16905,335275,India,1371360351
18537,506,12565,2020-06-30,578688,17411,347840,India,1371360351
19518,438,12064,2020-07-01,598206,17849,359904,India,1371360351
22030,378,19999,2020-07-02,620236,18227,379903,India,1371360351
23519,444,14417,2020-07-03,643755,18671,394320,India,1371360351
25050,611,14746,2020-07-04,668805,19282,409066,India,1371360351
24312,421,15829,2020-07-05,693117,19703,424895,India,1371360351
22216,473,15315,2020-07-06,715333,20176,440210,India,1371360351
23026,479,16836,2020-07-07,738359,20655,457046,India,1371360351
25577,492,19508,2020-07-08,763936,21147,476554,India,1371360351
26423,479,19408,2020-07-09,790359,21626,495962,India,1371360351
27986,520,20289,2020-07-10,818345,22146,516251,India,1371360351
28502,543,19981,2020-07-11,846847,22689,536232,India,1371360351
29498,500,18198,2020-07-12,876345,23189,554430,India,1371360351
28844,541,17683,2020-07-13,905189,23730,572113,India,1371360351
30096,587,20977,2020-07-14,935285,24317,593090,India,1371360351
33262,614,20646,2020-07-15,968547,24931,613736,India,1371360351
35707,680,22867,2020-07-16,1004254,25611,636603,India,1371360351
35574,676,17476,2020-07-17,1039828,26287,654079,India,1371360351
37779,543,23583,2020-07-18,1077607,26830,677662,India,1371360351
40398,675,22730,2020-07-19,1118005,27505,700392,India,1371360351
36806,596,24303,2020-07-20,1154811,28101,724695,India,1371360351
39170,671,27589,2020-07-21,1193981,28772,752284,India,1371360351
45601,1130,31875,2020-07-22,1239582,29902,784159,India,1371360351
48443,755,33326,2020-07-23,1288025,30657,817485,India,1371360351
48888,763,32514,2020-07-24,1336913,31420,849999,India,1371360351
50072,703,37125,2020-07-25,1386985,32123,887124,India,1371360351
48932,704,31512,2020-07-26,1435917,32827,918636,India,1371360351
46484,642,34354,2020-07-27,1482401,33469,952990,India,1371360351
49631,774,35683,2020-07-28,1532032,34243,988673,India,1371360351
52479,775,32886,2020-07-29,1584511,35018,1021559,India,1371360351
54968,784,37425,2020-07-30,1639479,35802,1058984,India,1371360351
57486,764,36554,2020-07-31,1696965,36566,1095538,India,1371360351
55117,854,51368,2020-08-01,1752082,37420,1146906,India,1371360351
52672,760,40355,2020-08-02,1804754,38180,1187261,India,1371360351
50488,806,43070,2020-08-03,1855242,38986,1230331,India,1371360351
51282,849,51220,2020-08-04,1906524,39835,1281551,India,1371360351
56626,919,45583,2020-08-05,1963150,40754,1327134,India,1371360351
62170,899,50141,2020-08-06,2025320,41653,1377275,India,1371360351
61455,936,50387,2020-08-07,2086775,42589,1427662,India,1371360351
65156,875,52135,2020-08-08,2151931,43464,1479797,India,1371360351
62117,1013,54474,2020-08-09,2214048,44477,1534271,India,1371360351
53016,887,47362,2020-08-10,2267064,45364,1581633,India,1371360351
61252,835,56461,2020-08-11,2328316,46199,1638094,India,1371360351
67066,950,57759,2020-08-12,2395382,47149,1695853,India,1371360351
64141,1006,54776,2020-08-13,2459523,48155,1750629,India,1371360351
65610,989,56920,2020-08-14,2525133,49144,1807549,India,1371360351
63986,952,53116,2020-08-15,2589119,50096,1860665,India,1371360351
58096,952,57404,2020-08-16,2647215,51048,1918069,India,1371360351
54298,880,58172,2020-08-17,2701513,51928,1976241,India,1371360351
64999,1099,60455,2020-08-18,2766512,53027,2036696,India,1371360351
69196,979,59365,2020-08-19,2835708,54006,2096061,India,1371360351
68518,981,61873,2020-08-20,2904226,54987,2157934,India,1371360351
68519,953,62858,2020-08-21,2972745,55940,2220792,India,1371360351
70067,918,59101,2020-08-22,3042812,56858,2279893,India,1371360351
61749,846,56896,2020-08-23,3104561,57704,2336789,India,1371360351
59696,854,66305,2020-08-24,3164257,58558,2403094,India,1371360351
66873,1066,64151,2020-08-25,3231130,59624,2467245,India,1371360351
75995,1017,56191,2020-08-26,3307125,60641,2523436,India,1371360351
76827,1066,59620,2020-08-27,3383952,61707,2583056,India,1371360351
76657,1019,64475,2020-08-28,3460609,62726,2647531,India,1371360351
78479,943,64982,2020-08-29,3539088,63669,2712513,India,1371360351
79461,960,60422,2020-08-30,3618549,64629,2772935,India,1371360351
68766,816,64435,2020-08-31,3687315,65445,2837370,India,1371360351
78168,892,62145,2020-09-01,3765483,66337,2899515,India,1371360351
82860,913,67874,2020-09-02,3848343,67250,2967389,India,1371360351
84156,979,67491,2020-09-03,3932499,68229,3034880,India,1371360351
87115,950,69625,2020-09-04,4019614,69179,3104505,India,1371360351
90600,916,73161,2020-09-05,4110214,70095,3177666,India,1371360351
91725,1005,69630,2020-09-06,4201939,71100,3247296,India,1371360351
75015,1129,74116,2020-09-07,4276954,72229,3321412,India,1371360351
89855,1107,74608,2020-09-08,4366809,73336,3396020,India,1371360351
95536,1168,73062,2020-09-09,4462345,74504,3469082,India,1371360351
96762,1213,70904,2020-09-10,4559107,75717,3539986,India,1371360351
97655,1202,81456,2020-09-11,4656762,76919,3621442,India,1371360351
94414,1111,77862,2020-09-12,4751176,78030,3699304,India,1371360351
93220,1140,77748,2020-09-13,4844396,79170,3777052,India,1371360351
81913,1054,79213,2020-09-14,4926309,80224,3856265,India,1371360351
91098,1281,82849,2020-09-15,5017407,81505,3939114,India,1371360351
97860,1140,82924,2020-09-16,5115267,82645,4022038,India,1371360351
96787,1175,87788,2020-09-17,5212054,83820,4109826,India,1371360351
92973,1221,95515,2020-09-18,5305027,85041,4205341,India,1371360351
92574,1149,94389,2020-09-19,5397601,86190,4299730,India,1371360351
87395,1135,92926,2020-09-20,5484996,87325,4392656,India,1371360351
74493,1056,102070,2020-09-21,5559489,88381,4494726,India,1371360351
83362,1085,89657,2020-09-22,5642851,89466,4584383,India,1371360351
86703,1123,87459,2020-09-23,5729554,90589,4671842,India,1371360351
85921,1144,81142,2020-09-24,5815475,91733,4752984,India,1371360351
85717,1093,93331,2020-09-25,5901192,92826,4846315,India,1371360351
88759,1124,92365,2020-09-26,5989951,93950,4938680,India,1371360351
82770,1040,74691,2020-09-27,6072721,94990,5013371,India,1371360351
69669,775,85198,2020-09-28,6142390,95765,5098569,India,1371360351
80500,1178,86150,2020-09-29,6222890,96943,5184719,India,1371360351
86748,1179,85274,2020-09-30,6309638,98122,5269993,India,1371360351
81784,1099,78731,2020-10-01,6391422,99221,5348724,India,1371360351
79883,1068,76339,2020-10-02,6471305,100289,5425063,India,1371360351
75479,937,81655,2020-10-03,6546784,101226,5506718,India,1371360351
74770,903,76713,2020-10-04,6621554,102129,5583431,India,1371360351
60130,886,75855,2020-10-05,6681684,103015,5659286,India,1371360351
71869,990,81945,2020-10-06,6753553,104005,5741231,India,1371360351
78809,963,83209,2020-10-07,6832362,104968,5824440,India,1371360351
70797,967,78745,2020-10-08,6903159,105935,5903185,India,1371360351
73305,929,82628,2020-10-09,6976464,106864,5985813,India,1371360351
74418,921,89024,2020-10-10,7050882,107785,6074837,India,1371360351
67789,813,71565,2020-10-11,7118671,108598,6146402,India,1371360351
54262,710,78365,2020-10-12,7172933,109308,6224767,India,1371360351
63717,727,74079,2020-10-13,7236650,110035,6298846,India,1371360351
67811,690,81582,2020-10-14,7304461,110725,6380428,India,1371360351
63441,882,70792,2020-10-15,7367902,111607,6451220,India,1371360351
62304,840,70568,2020-10-16,7430206,112447,6521788,India,1371360351
61893,1032,72583,2020-10-17,7492099,113479,6594371,India,1371360351
56519,582,66418,2020-10-18,7548618,114061,6660789,India,1371360351
45506,589,69800,2020-10-19,7594124,114650,6730589,India,1371360351
54404,714,61933,2020-10-20,7648528,115364,6792522,India,1371360351
56264,701,79561,2020-10-21,7704792,116065,6872083,India,1371360351
0,0,0,2020-03-14,0,0,0,Andaman and Nicobar Islands,417036
0,0,0,2020-03-15,0,0,0,Andaman and Nicobar Islands,417036
0,0,0,2020-03-16,0,0,0,Andaman and Nicobar Islands,417036
0,0,0,2020-03-17,0,0,0,Andaman and Nicobar Islands,417036
0,0,0,2020-03-18,0,0,0,Andaman and Nicobar Islands,417036
0,0,0,2020-03-19,0,0,0,Andaman and Nicobar Islands,417036
0,0,0,2020-03-20,0,0,0,Andaman and Nicobar Islands,417036
0,0,0,2020-03-21,0,0,0,Andaman and Nicobar Islands,417036
0,0,0,2020-03-22,0,0,0,Andaman and Nicobar Islands,417036
0,0,0,2020-03-23,0,0,0,Andaman and Nicobar Islands,417036
0,0,0,2020-03-24,0,0,0,Andaman and Nicobar Islands,417036
0,0,0,2020-03-25,0,0,0,Andaman and Nicobar Islands,417036
1,0,0,2020-03-26,1,0,0,Andaman and Nicobar Islands,417036
5,0,0,2020-03-27,6,0,0,Andaman and Nicobar Islands,417036
3,0,0,2020-03-28,9,0,0,Andaman and Nicobar Islands,417036
0,0,0,2020-03-29,9,0,0,Andaman and Nicobar Islands,417036
1,0,0,2020-03-30,10,0,0,Andaman and Nicobar Islands,417036
0,0,0,2020-03-31,10,0,0,Andaman and Nicobar Islands,417036
0,0,0,2020-04-01,10,0,0,Andaman and Nicobar Islands,417036
0,0,0,2020-04-02,10,0,0,Andaman and Nicobar Islands,417036
0,0,0,2020-04-03,10,0,0,Andaman and Nicobar Islands,417036
0,0,0,2020-04-04,10,0,0,Andaman and Nicobar Islands,417036
0,0,0,2020-04-05,10,0,0,Andaman and Nicobar Islands,417036
0,0,0,2020-04-06,10,0,0,Andaman and Nicobar Islands,417036
0,0,0,2020-04-07,10,0,0,Andaman and Nicobar Islands,417036
1,0,0,2020-04-08,11,0,0,Andaman and Nicobar Islands,417036
0,0,10,2020-04-09,11,0,10,Andaman and Nicobar Islands,417036
0,0,0,2020-04-10,11,0,10,Andaman and Nicobar Islands,417036
0,0,0,2020-04-11,11,0,10,Andaman and Nicobar Islands,417036
0,0,0,2020-04-12,11,0,10,Andaman and Nicobar Islands,417036
0,0,0,2020-04-13,11,0,10,Andaman and Nicobar Islands,417036
0,0,0,2020-04-14,11,0,10,Andaman and Nicobar Islands,417036
0,0,0,2020-04-15,11,0,10,Andaman and Nicobar Islands,417036
0,0,1,2020-04-16,11,0,11,Andaman and Nicobar Islands,417036
1,0,0,2020-04-17,12,0,11,Andaman and Nicobar Islands,417036
2,0,0,2020-04-18,14,0,11,Andaman and Nicobar Islands,417036
1,0,0,2020-04-19,15,0,11,Andaman and Nicobar Islands,417036
1,0,0,2020-04-20,16,0,11,Andaman and Nicobar Islands,417036
1,0,0,2020-04-21,17,0,11,Andaman and Nicobar Islands,417036
1,0,0,2020-04-22,18,0,11,Andaman and Nicobar Islands,417036
4,0,0,2020-04-23,22,0,11,Andaman and Nicobar Islands,417036
7,0,0,2020-04-24,29,0,11,Andaman and Nicobar Islands,417036
4,0,0,2020-04-25,33,0,11,Andaman and Nicobar Islands,417036
0,0,0,2020-04-26,33,0,11,Andaman and Nicobar Islands,417036
0,0,0,2020-04-27,33,0,11,Andaman and Nicobar Islands,417036
0,0,4,2020-04-28,33,0,15,Andaman and Nicobar Islands,417036
0,0,0,2020-04-29,33,0,15,Andaman and Nicobar Islands,417036
0,0,1,2020-04-30,33,0,16,Andaman and Nicobar Islands,417036
0,0,0,2020-05-01,33,0,16,Andaman and Nicobar Islands,417036
0,0,10,2020-05-02,33,0,26,Andaman and Nicobar Islands,417036
0,0,6,2020-05-03,33,0,32,Andaman and Nicobar Islands,417036
0,0,0,2020-05-04,33,0,32,Andaman and Nicobar Islands,417036
0,0,0,2020-05-05,33,0,32,Andaman and Nicobar Islands,417036
0,0,0,2020-05-06,33,0,32,Andaman and Nicobar Islands,417036
0,0,1,2020-05-07,33,0,33,Andaman and Nicobar Islands,417036
0,0,0,2020-05-08,33,0,33,Andaman and Nicobar Islands,417036
0,0,0,2020-05-09,33,0,33,Andaman and Nicobar Islands,417036
0,0,0,2020-05-10,33,0,33,Andaman and Nicobar Islands,417036
0,0,0,2020-05-11,33,0,33,Andaman and Nicobar Islands,417036
0,0,0,2020-05-12,33,0,33,Andaman and Nicobar Islands,417036
0,0,0,2020-05-13,33,0,33,Andaman and Nicobar Islands,417036
0,0,0,2020-05-14,33,0,33,Andaman and Nicobar Islands,417036
0,0,0,2020-05-15,33,0,33,Andaman and Nicobar Islands,417036
0,0,0,2020-05-16,33,0,33,Andaman and Nicobar Islands,417036
0,0,0,2020-05-17,33,0,33,Andaman and Nicobar Islands,417036
0,0,0,2020-05-18,33,0,33,Andaman and Nicobar Islands,417036
0,0,0,2020-05-19,33,0,33,Andaman and Nicobar Islands,417036
0,0,0,2020-05-20,33,0,33,Andaman and Nicobar Islands,417036
0,0,0,2020-05-21,33,0,33,Andaman and Nicobar Islands,417036
0,0,0,2020-05-22,33,0,33,Andaman and Nicobar Islands,417036
0,0,0,2020-05-23,33,0,33,Andaman and Nicobar Islands,417036
0,0,0,2020-05-24,33,0,33,Andaman and Nicobar Islands,417036
0,0,0,2020-05-25,33,0,33,Andaman and Nicobar Islands,417036
0,0,0,2020-05-26,33,0,33,Andaman and Nicobar Islands,417036
0,0,0,2020-05-27,33,0,33,Andaman and Nicobar Islands,417036
0,0,0,2020-05-28,33,0,33,Andaman and Nicobar Islands,417036
0,0,0,2020-05-29,33,0,33,Andaman and Nicobar Islands,417036
0,0,0,2020-05-30,33,0,33,Andaman and Nicobar Islands,417036
0,0,0,2020-05-31,33,0,33,Andaman and Nicobar Islands,417036
0,0,0,2020-06-01,33,0,33,Andaman and Nicobar Islands,417036
0,0,0,2020-06-02,33,0,33,Andaman and Nicobar Islands,417036
0,0,0,2020-06-03,33,0,33,Andaman and Nicobar Islands,417036
0,0,0,2020-06-04,33,0,33,Andaman and Nicobar Islands,417036
0,0,0,2020-06-05,33,0,33,Andaman and Nicobar Islands,417036
0,0,0,2020-06-06,33,0,33,Andaman and Nicobar Islands,417036
0,0,0,2020-06-07,33,0,33,Andaman and Nicobar Islands,417036
0,0,0,2020-06-08,33,0,33,Andaman and Nicobar Islands,417036
1,0,0,2020-06-09,34,0,33,Andaman and Nicobar Islands,417036
1,0,0,2020-06-10,35,0,33,Andaman and Nicobar Islands,417036
3,0,0,2020-06-11,38,0,33,Andaman and Nicobar Islands,417036
0,0,0,2020-06-12,38,0,33,Andaman and Nicobar Islands,417036
0,0,0,2020-06-13,38,0,33,Andaman and Nicobar Islands,417036
2,0,0,2020-06-14,40,0,33,Andaman and Nicobar Islands,417036
1,0,0,2020-06-15,41,0,33,Andaman and Nicobar Islands,417036
3,0,0,2020-06-16,44,0,33,Andaman and Nicobar Islands,417036
0,0,0,2020-06-17,44,0,33,Andaman and Nicobar Islands,417036
1,0,2,2020-06-18,45,0,35,Andaman and Nicobar Islands,417036
2,0,0,2020-06-19,47,0,35,Andaman and Nicobar Islands,417036
0,0,0,2020-06-20,47,0,35,Andaman and Nicobar Islands,417036
1,0,2,2020-06-21,48,0,37,Andaman and Nicobar Islands,417036
0,0,0,2020-06-22,48,0,37,Andaman and Nicobar Islands,417036
2,0,3,2020-06-23,50,0,40,Andaman and Nicobar Islands,417036
6,0,1,2020-06-24,56,0,41,Andaman and Nicobar Islands,417036
2,0,0,2020-06-25,58,0,41,Andaman and Nicobar Islands,417036
14,0,2,2020-06-26,72,0,43,Andaman and Nicobar Islands,417036
0,0,0,2020-06-27,72,0,43,Andaman and Nicobar Islands,417036
11,0,2,2020-06-28,83,0,45,Andaman and Nicobar Islands,417036
7,0,0,2020-06-29,90,0,45,Andaman and Nicobar Islands,417036
7,0,0,2020-06-30,97,0,45,Andaman and Nicobar Islands,417036
3,0,5,2020-07-01,100,0,50,Andaman and Nicobar Islands,417036
9,0,1,2020-07-02,109,0,51,Andaman and Nicobar Islands,417036
7,0,3,2020-07-03,116,0,54,Andaman and Nicobar Islands,417036
3,0,12,2020-07-04,119,0,66,Andaman and Nicobar Islands,417036
6,0,6,2020-07-05,125,0,72,Andaman and Nicobar Islands,417036
16,0,2,2020-07-06,141,0,74,Andaman and Nicobar Islands,417036
6,0,0,2020-07-07,147,0,74,Andaman and Nicobar Islands,417036
2,0,0,2020-07-08,149,0,74,Andaman and Nicobar Islands,417036
7,0,9,2020-07-09,156,0,83,Andaman and Nicobar Islands,417036
0,0,9,2020-07-10,156,0,92,Andaman and Nicobar Islands,417036
0,0,0,2020-07-11,156,0,92,Andaman and Nicobar Islands,417036
7,0,8,2020-07-12,163,0,100,Andaman and Nicobar Islands,417036
3,0,9,2020-07-13,166,0,109,Andaman and Nicobar Islands,417036
5,0,20,2020-07-14,171,0,129,Andaman and Nicobar Islands,417036
5,0,1,2020-07-15,176,0,130,Andaman and Nicobar Islands,417036
4,0,3,2020-07-16,180,0,133,Andaman and Nicobar Islands,417036
0,0,0,2020-07-17,180,0,133,Andaman and Nicobar Islands,417036
4,0,3,2020-07-18,184,0,136,Andaman and Nicobar Islands,417036
15,0,0,2020-07-19,199,0,136,Andaman and Nicobar Islands,417036
4,0,6,2020-07-20,203,0,142,Andaman and Nicobar Islands,417036
5,0,8,2020-07-21,208,0,150,Andaman and Nicobar Islands,417036
9,0,4,2020-07-22,217,0,154,Andaman and Nicobar Islands,417036
19,0,7,2020-07-23,236,0,161,Andaman and Nicobar Islands,417036
19,0,4,2020-07-24,255,0,165,Andaman and Nicobar Islands,417036
31,0,2,2020-07-25,286,0,167,Andaman and Nicobar Islands,417036
28,0,4,2020-07-26,314,0,171,Andaman and Nicobar Islands,417036
20,1,12,2020-07-27,334,1,183,Andaman and Nicobar Islands,417036
25,0,4,2020-07-28,359,1,187,Andaman and Nicobar Islands,417036
65,1,5,2020-07-29,424,2,192,Andaman and Nicobar Islands,417036
42,1,0,2020-07-30,466,3,192,Andaman and Nicobar Islands,417036
78,2,13,2020-07-31,544,5,205,Andaman and Nicobar Islands,417036
88,2,12,2020-08-01,632,7,217,Andaman and Nicobar Islands,417036
98,1,16,2020-08-02,730,8,233,Andaman and Nicobar Islands,417036
96,2,21,2020-08-03,826,10,254,Andaman and Nicobar Islands,417036
98,2,14,2020-08-04,924,12,268,Andaman and Nicobar Islands,417036
99,2,49,2020-08-05,1023,14,317,Andaman and Nicobar Islands,417036
96,2,29,2020-08-06,1119,16,346,Andaman and Nicobar Islands,417036
99,3,70,2020-08-07,1218,19,416,Andaman and Nicobar Islands,417036
129,1,75,2020-08-08,1347,20,491,Andaman and Nicobar Islands,417036
139,0,148,2020-08-09,1486,20,639,Andaman and Nicobar Islands,417036
135,0,61,2020-08-10,1621,20,700,Andaman and Nicobar Islands,417036
139,1,40,2020-08-11,1760,21,740,Andaman and Nicobar Islands,417036
136,0,80,2020-08-12,1896,21,820,Andaman and Nicobar Islands,417036
137,1,95,2020-08-13,2033,22,915,Andaman and Nicobar Islands,417036
149,2,108,2020-08-14,2182,24,1023,Andaman and Nicobar Islands,417036
120,0,96,2020-08-15,2302,24,1119,Andaman and Nicobar Islands,417036
93,4,98,2020-08-16,2395,28,1217,Andaman and Nicobar Islands,417036
46,1,99,2020-08-17,2441,29,1316,Andaman and Nicobar Islands,417036
84,1,96,2020-08-18,2525,30,1412,Andaman and Nicobar Islands,417036
75,0,108,2020-08-19,2600,30,1520,Andaman and Nicobar Islands,417036
76,1,109,2020-08-20,2676,31,1629,Andaman and Nicobar Islands,417036
67,1,106,2020-08-21,2743,32,1735,Andaman and Nicobar Islands,417036
61,0,109,2020-08-22,2804,32,1844,Andaman and Nicobar Islands,417036
52,1,110,2020-08-23,2856,33,1954,Andaman and Nicobar Islands,417036
44,2,129,2020-08-24,2900,35,2083,Andaman and Nicobar Islands,417036
41,2,139,2020-08-25,2941,37,2222,Andaman and Nicobar Islands,417036
40,4,78,2020-08-26,2981,41,2300,Andaman and Nicobar Islands,417036
33,1,65,2020-08-27,3014,42,2365,Andaman and Nicobar Islands,417036
32,0,70,2020-08-28,3046,42,2435,Andaman and Nicobar Islands,417036
31,2,75,2020-08-29,3077,44,2510,Andaman and Nicobar Islands,417036
23,1,67,2020-08-30,3100,45,2577,Andaman and Nicobar Islands,417036
28,1,61,2020-08-31,3128,46,2638,Andaman and Nicobar Islands,417036
28,0,67,2020-09-01,3156,46,2705,Andaman and Nicobar Islands,417036
26,1,44,2020-09-02,3182,47,2749,Andaman and Nicobar Islands,417036
37,1,65,2020-09-03,3219,48,2814,Andaman and Nicobar Islands,417036
34,1,40,2020-09-04,3253,49,2854,Andaman and Nicobar Islands,417036
35,1,41,2020-09-05,3288,50,2895,Andaman and Nicobar Islands,417036
40,0,47,2020-09-06,3328,50,2942,Andaman and Nicobar Islands,417036
27,0,46,2020-09-07,3355,50,2988,Andaman and Nicobar Islands,417036
33,0,38,2020-09-08,3388,50,3026,Andaman and Nicobar Islands,417036
34,1,43,2020-09-09,3422,51,3069,Andaman and Nicobar Islands,417036
39,0,43,2020-09-10,3461,51,3112,Andaman and Nicobar Islands,417036
29,0,36,2020-09-11,3490,51,3148,Andaman and Nicobar Islands,417036
27,0,45,2020-09-12,3517,51,3193,Andaman and Nicobar Islands,417036
25,0,41,2020-09-13,3542,51,3234,Andaman and Nicobar Islands,417036
11,1,35,2020-09-14,3553,52,3269,Andaman and Nicobar Islands,417036
17,0,40,2020-09-15,3570,52,3309,Andaman and Nicobar Islands,417036
19,0,27,2020-09-16,3589,52,3336,Andaman and Nicobar Islands,417036
11,0,33,2020-09-17,3600,52,3369,Andaman and Nicobar Islands,417036
27,0,36,2020-09-18,3627,52,3405,Andaman and Nicobar Islands,417036
13,0,22,2020-09-19,3640,52,3427,Andaman and Nicobar Islands,417036
7,0,15,2020-09-20,3647,52,3442,Andaman and Nicobar Islands,417036
22,0,18,2020-09-21,3669,52,3460,Andaman and Nicobar Islands,417036
18,0,10,2020-09-22,3687,52,3470,Andaman and Nicobar Islands,417036
21,0,15,2020-09-23,3708,52,3485,Andaman and Nicobar Islands,417036
32,0,9,2020-09-24,3740,52,3494,Andaman and Nicobar Islands,417036
15,0,25,2020-09-25,3755,52,3519,Andaman and Nicobar Islands,417036
15,0,23,2020-09-26,3770,52,3542,Andaman and Nicobar Islands,417036
20,1,2,2020-09-27,3790,53,3544,Andaman and Nicobar Islands,417036
9,0,29,2020-09-28,3799,53,3573,Andaman and Nicobar Islands,417036
18,0,5,2020-09-29,3817,53,3578,Andaman and Nicobar Islands,417036
14,0,21,2020-09-30,3831,53,3599,Andaman and Nicobar Islands,417036
13,0,15,2020-10-01,3844,53,3614,Andaman and Nicobar Islands,417036
10,0,8,2020-10-02,3854,53,3622,Andaman and Nicobar Islands,417036
10,0,11,2020-10-03,3864,53,3633,Andaman and Nicobar Islands,417036
16,0,7,2020-10-04,3880,53,3640,Andaman and Nicobar Islands,417036
15,1,10,2020-10-05,3895,54,3650,Andaman and Nicobar Islands,417036
13,0,19,2020-10-06,3908,54,3669,Andaman and Nicobar Islands,417036
23,0,18,2020-10-07,3931,54,3687,Andaman and Nicobar Islands,417036
17,1,11,2020-10-08,3948,55,3698,Andaman and Nicobar Islands,417036
24,0,17,2020-10-09,3972,55,3715,Andaman and Nicobar Islands,417036
16,0,20,2020-10-10,3988,55,3735,Andaman and Nicobar Islands,417036
13,0,20,2020-10-11,4001,55,3755,Andaman and Nicobar Islands,417036
18,0,6,2020-10-12,4019,55,3761,Andaman and Nicobar Islands,417036
13,0,12,2020-10-13,4032,55,3773,Andaman and Nicobar Islands,417036
10,0,14,2020-10-14,4042,55,3787,Andaman and Nicobar Islands,417036
16,0,21,2020-10-15,4058,55,3808,Andaman and Nicobar Islands,417036
10,1,14,2020-10-16,4068,56,3822,Andaman and Nicobar Islands,417036
11,0,17,2020-10-17,4079,56,3839,Andaman and Nicobar Islands,417036
25,0,20,2020-10-18,4104,56,3859,Andaman and Nicobar Islands,417036
18,0,24,2020-10-19,4122,56,3883,Andaman and Nicobar Islands,417036
15,0,10,2020-10-20,4137,56,3893,Andaman and Nicobar Islands,417036
27,0,11,2020-10-21,4164,56,3904,Andaman and Nicobar Islands,417036
16,1,24,2020-10-22,4180,57,3928,Andaman and Nicobar Islands,417036
1,0,0,2020-03-14,1,0,0,Andhra Pradesh,53903393
0,0,0,2020-03-15,1,0,0,Andhra Pradesh,53903393
0,0,0,2020-03-16,1,0,0,Andhra Pradesh,53903393
0,0,0,2020-03-17,1,0,0,Andhra Pradesh,53903393
0,0,0,2020-03-18,1,0,0,Andhra Pradesh,53903393
2,0,0,2020-03-19,3,0,0,Andhra Pradesh,53903393
0,0,0,2020-03-20,3,0,0,Andhra Pradesh,53903393
2,0,0,2020-03-21,5,0,0,Andhra Pradesh,53903393
1,0,0,2020-03-22,6,0,0,Andhra Pradesh,53903393
1,0,0,2020-03-23,7,0,0,Andhra Pradesh,53903393
1,0,0,2020-03-24,8,0,0,Andhra Pradesh,53903393
2,0,1,2020-03-25,10,0,1,Andhra Pradesh,53903393
1,0,0,2020-03-26,11,0,1,Andhra Pradesh,53903393
2,0,0,2020-03-27,13,0,1,Andhra Pradesh,53903393
6,0,0,2020-03-28,19,0,1,Andhra Pradesh,53903393
2,0,0,2020-03-29,21,0,1,Andhra Pradesh,53903393
2,0,0,2020-03-30,23,0,1,Andhra Pradesh,53903393
21,0,0,2020-03-31,44,0,1,Andhra Pradesh,53903393
67,0,1,2020-04-01,111,0,2,Andhra Pradesh,53903393
38,0,0,2020-04-02,149,0,2,Andhra Pradesh,53903393
15,1,0,2020-04-03,164,1,2,Andhra Pradesh,53903393
28,0,0,2020-04-04,192,1,2,Andhra Pradesh,53903393
64,0,3,2020-04-05,256,1,5,Andhra Pradesh,53903393
47,2,0,2020-04-06,303,3,5,Andhra Pradesh,53903393
11,1,0,2020-04-07,314,4,5,Andhra Pradesh,53903393
34,0,1,2020-04-08,348,4,6,Andhra Pradesh,53903393
15,2,4,2020-04-09,363,6,10,Andhra Pradesh,53903393
18,0,0,2020-04-10,381,6,10,Andhra Pradesh,53903393
24,0,0,2020-04-11,405,6,10,Andhra Pradesh,53903393
15,1,2,2020-04-12,420,7,12,Andhra Pradesh,53903393
19,0,0,2020-04-13,439,7,12,Andhra Pradesh,53903393
45,4,4,2020-04-14,484,11,16,Andhra Pradesh,53903393
41,3,4,2020-04-15,525,14,20,Andhra Pradesh,53903393
9,0,0,2020-04-16,534,14,20,Andhra Pradesh,53903393
38,0,15,2020-04-17,572,14,35,Andhra Pradesh,53903393
31,2,7,2020-04-18,603,16,42,Andhra Pradesh,53903393
44,1,23,2020-04-19,647,17,65,Andhra Pradesh,53903393
75,3,27,2020-04-20,722,20,92,Andhra Pradesh,53903393
35,2,4,2020-04-21,757,22,96,Andhra Pradesh,53903393
56,2,24,2020-04-22,813,24,120,Andhra Pradesh,53903393
80,3,21,2020-04-23,893,27,141,Andhra Pradesh,53903393
62,2,4,2020-04-24,955,29,145,Andhra Pradesh,53903393
61,2,26,2020-04-25,1016,31,171,Andhra Pradesh,53903393
81,0,60,2020-04-26,1097,31,231,Andhra Pradesh,53903393
80,0,4,2020-04-27,1177,31,235,Andhra Pradesh,53903393
82,0,23,2020-04-28,1259,31,258,Andhra Pradesh,53903393
73,0,29,2020-04-29,1332,31,287,Andhra Pradesh,53903393
71,0,34,2020-04-30,1403,31,321,Andhra Pradesh,53903393
60,2,82,2020-05-01,1463,33,403,Andhra Pradesh,53903393
62,0,38,2020-05-02,1525,33,441,Andhra Pradesh,53903393
58,0,47,2020-05-03,1583,33,488,Andhra Pradesh,53903393
67,0,36,2020-05-04,1650,33,524,Andhra Pradesh,53903393
67,1,65,2020-05-05,1717,34,589,Andhra Pradesh,53903393
60,2,140,2020-05-06,1777,36,729,Andhra Pradesh,53903393
56,2,51,2020-05-07,1833,38,780,Andhra Pradesh,53903393
54,3,62,2020-05-08,1887,41,842,Andhra Pradesh,53903393
43,3,45,2020-05-09,1930,44,887,Andhra Pradesh,53903393
50,1,38,2020-05-10,1980,45,925,Andhra Pradesh,53903393
38,0,73,2020-05-11,2018,45,998,Andhra Pradesh,53903393
71,1,58,2020-05-12,2089,46,1056,Andhra Pradesh,53903393
48,1,86,2020-05-13,2137,47,1142,Andhra Pradesh,53903393
68,1,50,2020-05-14,2205,48,1192,Andhra Pradesh,53903393
102,0,60,2020-05-15,2307,48,1252,Andhra Pradesh,53903393
48,1,101,2020-05-16,2355,49,1353,Andhra Pradesh,53903393
25,1,103,2020-05-17,2380,50,1456,Andhra Pradesh,53903393
52,0,96,2020-05-18,2432,50,1552,Andhra Pradesh,53903393
57,2,69,2020-05-19,2489,52,1621,Andhra Pradesh,53903393
71,1,43,2020-05-20,2560,53,1664,Andhra Pradesh,53903393
45,1,41,2020-05-21,2605,54,1705,Andhra Pradesh,53903393
62,1,26,2020-05-22,2667,55,1731,Andhra Pradesh,53903393
47,1,48,2020-05-23,2714,56,1779,Andhra Pradesh,53903393
66,0,62,2020-05-24,2780,56,1841,Andhra Pradesh,53903393
106,0,51,2020-05-25,2886,56,1892,Andhra Pradesh,53903393
97,1,125,2020-05-26,2983,57,2017,Andhra Pradesh,53903393
134,1,48,2020-05-27,3117,58,2065,Andhra Pradesh,53903393
128,1,68,2020-05-28,3245,59,2133,Andhra Pradesh,53903393
85,1,101,2020-05-29,3330,60,2234,Andhra Pradesh,53903393
131,0,55,2020-05-30,3461,60,2289,Andhra Pradesh,53903393
110,2,51,2020-05-31,3571,62,2340,Andhra Pradesh,53903393
105,2,34,2020-06-01,3676,64,2374,Andhra Pradesh,53903393
115,0,40,2020-06-02,3791,64,2414,Andhra Pradesh,53903393
180,4,50,2020-06-03,3971,68,2464,Andhra Pradesh,53903393
141,3,65,2020-06-04,4112,71,2529,Andhra Pradesh,53903393
138,2,36,2020-06-05,4250,73,2565,Andhra Pradesh,53903393
210,0,75,2020-06-06,4460,73,2640,Andhra Pradesh,53903393
199,2,29,2020-06-07,4659,75,2669,Andhra Pradesh,53903393
154,0,42,2020-06-08,4813,75,2711,Andhra Pradesh,53903393
69,2,48,2020-06-09,4882,77,2759,Andhra Pradesh,53903393
365,1,110,2020-06-10,5247,78,2869,Andhra Pradesh,53903393
182,2,99,2020-06-11,5429,80,2968,Andhra Pradesh,53903393
207,0,123,2020-06-12,5636,80,3091,Andhra Pradesh,53903393
222,2,94,2020-06-13,5858,82,3185,Andhra Pradesh,53903393
294,2,131,2020-06-14,6152,84,3316,Andhra Pradesh,53903393
304,2,69,2020-06-15,6456,86,3385,Andhra Pradesh,53903393
264,2,128,2020-06-16,6720,88,3513,Andhra Pradesh,53903393
351,2,128,2020-06-17,7071,90,3641,Andhra Pradesh,53903393
425,2,131,2020-06-18,7496,92,3772,Andhra Pradesh,53903393
465,4,133,2020-06-19,7961,96,3905,Andhra Pradesh,53903393
491,5,206,2020-06-20,8452,101,4111,Andhra Pradesh,53903393
477,5,196,2020-06-21,8929,106,4307,Andhra Pradesh,53903393
443,5,128,2020-06-22,9372,111,4435,Andhra Pradesh,53903393
462,8,157,2020-06-23,9834,119,4592,Andhra Pradesh,53903393
497,10,187,2020-06-24,10331,129,4779,Andhra Pradesh,53903393
553,7,209,2020-06-25,10884,136,4988,Andhra Pradesh,53903393
605,10,208,2020-06-26,11489,146,5196,Andhra Pradesh,53903393
796,11,284,2020-06-27,12285,157,5480,Andhra Pradesh,53903393
813,12,428,2020-06-28,13098,169,5908,Andhra Pradesh,53903393
793,11,324,2020-06-29,13891,180,6232,Andhra Pradesh,53903393
704,7,279,2020-06-30,14595,187,6511,Andhra Pradesh,53903393
657,6,477,2020-07-01,15252,193,6988,Andhra Pradesh,53903393
845,5,325,2020-07-02,16097,198,7313,Andhra Pradesh,53903393
837,8,319,2020-07-03,16934,206,7632,Andhra Pradesh,53903393
765,12,376,2020-07-04,17699,218,8008,Andhra Pradesh,53903393
998,14,414,2020-07-05,18697,232,8422,Andhra Pradesh,53903393
1322,7,498,2020-07-06,20019,239,8920,Andhra Pradesh,53903393
1178,13,825,2020-07-07,21197,252,9745,Andhra Pradesh,53903393
1062,12,1356,2020-07-08,22259,264,11101,Andhra Pradesh,53903393
1555,13,1053,2020-07-09,23814,277,12154,Andhra Pradesh,53903393
1608,15,1040,2020-07-10,25422,292,13194,Andhra Pradesh,53903393
1813,17,1199,2020-07-11,27235,309,14393,Andhra Pradesh,53903393
1933,19,1019,2020-07-12,29168,328,15412,Andhra Pradesh,53903393
1935,37,1052,2020-07-13,31103,365,16464,Andhra Pradesh,53903393
1916,43,1003,2020-07-14,33019,408,17467,Andhra Pradesh,53903393
2432,44,911,2020-07-15,35451,452,18378,Andhra Pradesh,53903393
2593,40,1015,2020-07-16,38044,492,19393,Andhra Pradesh,53903393
2602,42,905,2020-07-17,40646,534,20298,Andhra Pradesh,53903393
3963,52,1465,2020-07-18,44609,586,21763,Andhra Pradesh,53903393
5041,56,1127,2020-07-19,49650,642,22890,Andhra Pradesh,53903393
4074,54,1338,2020-07-20,53724,696,24228,Andhra Pradesh,53903393
4944,62,1346,2020-07-21,58668,758,25574,Andhra Pradesh,53903393
6045,65,6553,2020-07-22,64713,823,32127,Andhra Pradesh,53903393
7998,61,5428,2020-07-23,72711,884,37555,Andhra Pradesh,53903393
8147,49,2380,2020-07-24,80858,933,39935,Andhra Pradesh,53903393
7813,52,3320,2020-07-25,88671,985,43255,Andhra Pradesh,53903393
7627,56,3046,2020-07-26,96298,1041,46301,Andhra Pradesh,53903393
6051,49,3257,2020-07-27,102349,1090,49558,Andhra Pradesh,53903393
7948,58,3064,2020-07-28,110297,1148,52622,Andhra Pradesh,53903393
10093,65,2784,2020-07-29,120390,1213,55406,Andhra Pradesh,53903393
10167,68,4618,2020-07-30,130557,1281,60024,Andhra Pradesh,53903393
10376,68,3840,2020-07-31,140933,1349,63864,Andhra Pradesh,53903393
9276,58,12750,2020-08-01,150209,1407,76614,Andhra Pradesh,53903393
8555,67,6272,2020-08-02,158764,1474,82886,Andhra Pradesh,53903393
7822,63,5786,2020-08-03,166586,1537,88672,Andhra Pradesh,53903393
9747,67,6953,2020-08-04,176333,1604,95625,Andhra Pradesh,53903393
10128,77,8729,2020-08-05,186461,1681,104354,Andhra Pradesh,53903393
10328,72,8516,2020-08-06,196789,1753,112870,Andhra Pradesh,53903393
10171,89,7594,2020-08-07,206960,1842,120464,Andhra Pradesh,53903393
10080,97,9151,2020-08-08,217040,1939,129615,Andhra Pradesh,53903393
10820,97,9097,2020-08-09,227860,2036,138712,Andhra Pradesh,53903393
7665,80,6924,2020-08-10,235525,2116,145636,Andhra Pradesh,53903393
9024,87,9113,2020-08-11,244549,2203,154749,Andhra Pradesh,53903393
9597,93,6676,2020-08-12,254146,2296,161425,Andhra Pradesh,53903393
9996,82,9499,2020-08-13,264142,2378,170924,Andhra Pradesh,53903393
8943,97,9779,2020-08-14,273085,2475,180703,Andhra Pradesh,53903393
8732,87,10414,2020-08-15,281817,2562,191117,Andhra Pradesh,53903393
8012,88,10117,2020-08-16,289829,2650,201234,Andhra Pradesh,53903393
6780,82,7866,2020-08-17,296609,2732,209100,Andhra Pradesh,53903393
9652,88,9211,2020-08-18,306261,2820,218311,Andhra Pradesh,53903393
9742,86,8061,2020-08-19,316003,2906,226372,Andhra Pradesh,53903393
9393,95,8846,2020-08-20,325396,3001,235218,Andhra Pradesh,53903393
9544,91,8827,2020-08-21,334940,3092,244045,Andhra Pradesh,53903393
10276,97,8593,2020-08-22,345216,3189,252638,Andhra Pradesh,53903393
7895,93,7449,2020-08-23,353111,3282,260087,Andhra Pradesh,53903393
8601,86,8741,2020-08-24,361712,3368,268828,Andhra Pradesh,53903393
9927,92,9419,2020-08-25,371639,3460,278247,Andhra Pradesh,53903393
10830,81,8473,2020-08-26,382469,3541,286720,Andhra Pradesh,53903393
10621,92,8528,2020-08-27,393090,3633,295248,Andhra Pradesh,53903393
10526,81,8463,2020-08-28,403616,3714,303711,Andhra Pradesh,53903393
10548,82,8976,2020-08-29,414164,3796,312687,Andhra Pradesh,53903393
10603,88,9067,2020-08-30,424767,3884,321754,Andhra Pradesh,53903393
10004,85,8772,2020-08-31,434771,3969,330526,Andhra Pradesh,53903393
10368,84,9350,2020-09-01,445139,4053,339876,Andhra Pradesh,53903393
10392,72,8454,2020-09-02,455531,4125,348330,Andhra Pradesh,53903393
10199,75,9499,2020-09-03,465730,4200,357829,Andhra Pradesh,53903393
10776,76,12334,2020-09-04,476506,4276,370163,Andhra Pradesh,53903393
10825,71,11941,2020-09-05,487331,4347,382104,Andhra Pradesh,53903393
10794,70,11915,2020-09-06,498125,4417,394019,Andhra Pradesh,53903393
8368,70,10055,2020-09-07,506493,4487,404074,Andhra Pradesh,53903393
10601,73,11691,2020-09-08,517094,4560,415765,Andhra Pradesh,53903393
10418,74,9842,2020-09-09,527512,4634,425607,Andhra Pradesh,53903393
10175,68,10040,2020-09-10,537687,4702,435647,Andhra Pradesh,53903393
9999,77,11069,2020-09-11,547686,4779,446716,Andhra Pradesh,53903393
9901,67,10292,2020-09-12,557587,4846,457008,Andhra Pradesh,53903393
9536,66,10131,2020-09-13,567123,4912,467139,Andhra Pradesh,53903393
7956,60,9764,2020-09-14,575079,4972,476903,Andhra Pradesh,53903393
8846,69,9628,2020-09-15,583925,5041,486531,Andhra Pradesh,53903393
8835,64,10845,2020-09-16,592760,5105,497376,Andhra Pradesh,53903393
8702,72,10712,2020-09-17,601462,5177,508088,Andhra Pradesh,53903393
8096,67,11803,2020-09-18,609558,5244,519891,Andhra Pradesh,53903393
8218,58,10820,2020-09-19,617776,5302,530711,Andhra Pradesh,53903393
7738,57,10608,2020-09-20,625514,5359,541319,Andhra Pradesh,53903393
6235,51,10502,2020-09-21,631749,5410,551821,Andhra Pradesh,53903393
7553,51,10555,2020-09-22,639302,5461,562376,Andhra Pradesh,53903393
7228,45,8291,2020-09-23,646530,5506,570667,Andhra Pradesh,53903393
7855,52,8807,2020-09-24,654385,5558,579474,Andhra Pradesh,53903393
7073,48,8695,2020-09-25,661458,5606,588169,Andhra Pradesh,53903393
7293,57,9125,2020-09-26,668751,5663,597294,Andhra Pradesh,53903393
6923,45,7796,2020-09-27,675674,5708,605090,Andhra Pradesh,53903393
5487,37,7210,2020-09-28,681161,5745,612300,Andhra Pradesh,53903393
6190,35,9836,2020-09-29,687351,5780,622136,Andhra Pradesh,53903393
6133,48,7075,2020-09-30,693484,5828,629211,Andhra Pradesh,53903393
6751,41,7297,2020-10-01,700235,5869,636508,Andhra Pradesh,53903393
6555,31,7485,2020-10-02,706790,5900,643993,Andhra Pradesh,53903393
6224,41,7798,2020-10-03,713014,5941,651791,Andhra Pradesh,53903393
6242,40,7084,2020-10-04,719256,5981,658875,Andhra Pradesh,53903393
4256,38,7558,2020-10-05,723512,6019,666433,Andhra Pradesh,53903393
5795,33,6046,2020-10-06,729307,6052,672479,Andhra Pradesh,53903393
5120,34,6349,2020-10-07,734427,6086,678828,Andhra Pradesh,53903393
5292,42,6102,2020-10-08,739719,6128,684930,Andhra Pradesh,53903393
5145,31,6110,2020-10-09,744864,6159,691040,Andhra Pradesh,53903393
5653,35,6659,2020-10-10,750517,6194,697699,Andhra Pradesh,53903393
5210,30,5509,2020-10-11,755727,6224,703208,Andhra Pradesh,53903393
3224,32,5504,2020-10-12,758951,6256,708712,Andhra Pradesh,53903393
4622,35,5715,2020-10-13,763573,6291,714427,Andhra Pradesh,53903393
3892,28,5050,2020-10-14,767465,6319,719477,Andhra Pradesh,53903393
4038,38,5622,2020-10-15,771503,6357,725099,Andhra Pradesh,53903393
3967,25,5010,2020-10-16,775470,6382,730109,Andhra Pradesh,53903393
3676,24,5529,2020-10-17,779146,6406,735638,Andhra Pradesh,53903393
3986,23,4591,2020-10-18,783132,6429,740229,Andhra Pradesh,53903393
2918,24,4303,2020-10-19,786050,6453,744532,Andhra Pradesh,53903393
3503,28,5144,2020-10-20,789553,6481,749676,Andhra Pradesh,53903393
3746,27,4739,2020-10-21,793299,6508,754415,Andhra Pradesh,53903393
3620,16,3723,2020-10-22,796919,6524,758138,Andhra Pradesh,53903393
0,0,0,2020-03-14,0,0,0,Arunachal Pradesh,1570458
0,0,0,2020-03-15,0,0,0,Arunachal Pradesh,1570458
0,0,0,2020-03-16,0,0,0,Arunachal Pradesh,1570458
0,0,0,2020-03-17,0,0,0,Arunachal Pradesh,1570458
0,0,0,2020-03-18,0,0,0,Arunachal Pradesh,1570458
0,0,0,2020-03-19,0,0,0,Arunachal Pradesh,1570458
0,0,0,2020-03-20,0,0,0,Arunachal Pradesh,1570458
0,0,0,2020-03-21,0,0,0,Arunachal Pradesh,1570458
0,0,0,2020-03-22,0,0,0,Arunachal Pradesh,1570458
0,0,0,2020-03-23,0,0,0,Arunachal Pradesh,1570458
0,0,0,2020-03-24,0,0,0,Arunachal Pradesh,1570458
0,0,0,2020-03-25,0,0,0,Arunachal Pradesh,1570458
0,0,0,2020-03-26,0,0,0,Arunachal Pradesh,1570458
0,0,0,2020-03-27,0,0,0,Arunachal Pradesh,1570458
0,0,0,2020-03-28,0,0,0,Arunachal Pradesh,1570458
0,0,0,2020-03-29,0,0,0,Arunachal Pradesh,1570458
0,0,0,2020-03-30,0,0,0,Arunachal Pradesh,1570458
0,0,0,2020-03-31,0,0,0,Arunachal Pradesh,1570458
0,0,0,2020-04-01,0,0,0,Arunachal Pradesh,1570458
1,0,0,2020-04-02,1,0,0,Arunachal Pradesh,1570458
0,0,0,2020-04-03,1,0,0,Arunachal Pradesh,1570458
0,0,0,2020-04-04,1,0,0,Arunachal Pradesh,1570458
0,0,0,2020-04-05,1,0,0,Arunachal Pradesh,1570458
0,0,0,2020-04-06,1,0,0,Arunachal Pradesh,1570458
0,0,0,2020-04-07,1,0,0,Arunachal Pradesh,1570458
0,0,0,2020-04-08,1,0,0,Arunachal Pradesh,1570458
0,0,0,2020-04-09,1,0,0,Arunachal Pradesh,1570458
0,0,0,2020-04-10,1,0,0,Arunachal Pradesh,1570458
0,0,0,2020-04-11,1,0,0,Arunachal Pradesh,1570458
0,0,0,2020-04-12,1,0,0,Arunachal Pradesh,1570458
0,0,0,2020-04-13,1,0,0,Arunachal Pradesh,1570458
0,0,0,2020-04-14,1,0,0,Arunachal Pradesh,1570458
0,0,1,2020-04-15,1,0,1,Arunachal Pradesh,1570458
0,0,0,2020-04-16,1,0,1,Arunachal Pradesh,1570458
0,0,0,2020-04-17,1,0,1,Arunachal Pradesh,1570458
0,0,0,2020-04-18,1,0,1,Arunachal Pradesh,1570458
0,0,0,2020-04-19,1,0,1,Arunachal Pradesh,1570458
0,0,0,2020-04-20,1,0,1,Arunachal Pradesh,1570458
0,0,0,2020-04-21,1,0,1,Arunachal Pradesh,1570458
0,0,0,2020-04-22,1,0,1,Arunachal Pradesh,1570458
0,0,0,2020-04-23,1,0,1,Arunachal Pradesh,1570458
0,0,0,2020-04-24,1,0,1,Arunachal Pradesh,1570458
0,0,0,2020-04-25,1,0,1,Arunachal Pradesh,1570458
0,0,0,2020-04-26,1,0,1,Arunachal Pradesh,1570458
0,0,0,2020-04-27,1,0,1,Arunachal Pradesh,1570458
0,0,0,2020-04-28,1,0,1,Arunachal Pradesh,1570458
0,0,0,2020-04-29,1,0,1,Arunachal Pradesh,1570458
0,0,0,2020-04-30,1,0,1,Arunachal Pradesh,1570458
0,0,0,2020-05-01,1,0,1,Arunachal Pradesh,1570458
0,0,0,2020-05-02,1,0,1,Arunachal Pradesh,1570458
0,0,0,2020-05-03,1,0,1,Arunachal Pradesh,1570458
0,0,0,2020-05-04,1,0,1,Arunachal Pradesh,1570458
0,0,0,2020-05-05,1,0,1,Arunachal Pradesh,1570458
0,0,0,2020-05-06,1,0,1,Arunachal Pradesh,1570458
0,0,0,2020-05-07,1,0,1,Arunachal Pradesh,1570458
0,0,0,2020-05-08,1,0,1,Arunachal Pradesh,1570458
0,0,0,2020-05-09,1,0,1,Arunachal Pradesh,1570458
0,0,0,2020-05-10,1,0,1,Arunachal Pradesh,1570458
0,0,0,2020-05-11,1,0,1,Arunachal Pradesh,1570458
0,0,0,2020-05-12,1,0,1,Arunachal Pradesh,1570458
0,0,0,2020-05-13,1,0,1,Arunachal Pradesh,1570458
0,0,0,2020-05-14,1,0,1,Arunachal Pradesh,1570458
0,0,0,2020-05-15,1,0,1,Arunachal Pradesh,1570458
0,0,0,2020-05-16,1,0,1,Arunachal Pradesh,1570458
0,0,0,2020-05-17,1,0,1,Arunachal Pradesh,1570458
0,0,0,2020-05-18,1,0,1,Arunachal Pradesh,1570458
0,0,0,2020-05-19,1,0,1,Arunachal Pradesh,1570458
0,0,0,2020-05-20,1,0,1,Arunachal Pradesh,1570458
0,0,0,2020-05-21,1,0,1,Arunachal Pradesh,1570458
0,0,0,2020-05-22,1,0,1,Arunachal Pradesh,1570458
0,0,0,2020-05-23,1,0,1,Arunachal Pradesh,1570458
1,0,0,2020-05-24,2,0,1,Arunachal Pradesh,1570458
0,0,0,2020-05-25,2,0,1,Arunachal Pradesh,1570458
0,0,0,2020-05-26,2,0,1,Arunachal Pradesh,1570458
0,0,0,2020-05-27,2,0,1,Arunachal Pradesh,1570458
1,0,0,2020-05-28,3,0,1,Arunachal Pradesh,1570458
0,0,0,2020-05-29,3,0,1,Arunachal Pradesh,1570458
1,0,0,2020-05-30,4,0,1,Arunachal Pradesh,1570458
0,0,0,2020-05-31,4,0,1,Arunachal Pradesh,1570458
18,0,0,2020-06-01,22,0,1,Arunachal Pradesh,1570458
2,0,0,2020-06-02,24,0,1,Arunachal Pradesh,1570458
10,0,0,2020-06-03,34,0,1,Arunachal Pradesh,1570458
5,0,0,2020-06-04,39,0,1,Arunachal Pradesh,1570458
4,0,0,2020-06-05,43,0,1,Arunachal Pradesh,1570458
2,0,0,2020-06-06,45,0,1,Arunachal Pradesh,1570458
3,0,0,2020-06-07,48,0,1,Arunachal Pradesh,1570458
6,0,0,2020-06-08,54,0,1,Arunachal Pradesh,1570458
0,0,1,2020-06-09,54,0,2,Arunachal Pradesh,1570458
4,0,2,2020-06-10,58,0,4,Arunachal Pradesh,1570458
6,0,0,2020-06-11,64,0,4,Arunachal Pradesh,1570458
19,0,0,2020-06-12,83,0,4,Arunachal Pradesh,1570458
5,0,2,2020-06-13,88,0,6,Arunachal Pradesh,1570458
3,0,1,2020-06-14,91,0,7,Arunachal Pradesh,1570458
4,0,0,2020-06-15,95,0,7,Arunachal Pradesh,1570458
4,0,0,2020-06-16,99,0,7,Arunachal Pradesh,1570458
4,0,3,2020-06-17,103,0,10,Arunachal Pradesh,1570458
0,0,1,2020-06-18,103,0,11,Arunachal Pradesh,1570458
32,0,3,2020-06-19,135,0,14,Arunachal Pradesh,1570458
0,0,1,2020-06-20,135,0,15,Arunachal Pradesh,1570458
4,0,6,2020-06-21,139,0,21,Arunachal Pradesh,1570458
9,0,1,2020-06-22,148,0,22,Arunachal Pradesh,1570458
10,0,16,2020-06-23,158,0,38,Arunachal Pradesh,1570458
2,1,0,2020-06-24,160,1,38,Arunachal Pradesh,1570458
12,0,4,2020-06-25,172,1,42,Arunachal Pradesh,1570458
2,0,7,2020-06-26,174,1,49,Arunachal Pradesh,1570458
3,0,5,2020-06-27,177,1,54,Arunachal Pradesh,1570458
5,0,6,2020-06-28,182,1,60,Arunachal Pradesh,1570458
5,0,1,2020-06-29,187,1,61,Arunachal Pradesh,1570458
4,0,1,2020-06-30,191,1,62,Arunachal Pradesh,1570458
4,0,4,2020-07-01,195,1,66,Arunachal Pradesh,1570458
37,0,5,2020-07-02,232,1,71,Arunachal Pradesh,1570458
20,0,4,2020-07-03,252,1,75,Arunachal Pradesh,1570458
7,0,1,2020-07-04,259,1,76,Arunachal Pradesh,1570458
10,0,2,2020-07-05,269,1,78,Arunachal Pradesh,1570458
1,1,14,2020-07-06,270,2,92,Arunachal Pradesh,1570458
6,0,13,2020-07-07,276,2,105,Arunachal Pradesh,1570458
11,0,4,2020-07-08,287,2,109,Arunachal Pradesh,1570458
15,0,11,2020-07-09,302,2,120,Arunachal Pradesh,1570458
33,0,0,2020-07-10,335,2,120,Arunachal Pradesh,1570458
6,0,5,2020-07-11,341,2,125,Arunachal Pradesh,1570458
19,0,13,2020-07-12,360,2,138,Arunachal Pradesh,1570458
27,1,7,2020-07-13,387,3,145,Arunachal Pradesh,1570458
75,0,8,2020-07-14,462,3,153,Arunachal Pradesh,1570458
29,0,0,2020-07-15,491,3,153,Arunachal Pradesh,1570458
52,0,0,2020-07-16,543,3,153,Arunachal Pradesh,1570458
66,0,22,2020-07-17,609,3,175,Arunachal Pradesh,1570458
41,0,99,2020-07-18,650,3,274,Arunachal Pradesh,1570458
90,0,8,2020-07-19,740,3,282,Arunachal Pradesh,1570458
50,0,3,2020-07-20,790,3,285,Arunachal Pradesh,1570458
68,0,18,2020-07-21,858,3,303,Arunachal Pradesh,1570458
91,0,11,2020-07-22,949,3,314,Arunachal Pradesh,1570458
42,0,20,2020-07-23,991,3,334,Arunachal Pradesh,1570458
65,0,58,2020-07-24,1056,3,392,Arunachal Pradesh,1570458
70,0,36,2020-07-25,1126,3,428,Arunachal Pradesh,1570458
32,0,77,2020-07-26,1158,3,505,Arunachal Pradesh,1570458
81,0,69,2020-07-27,1239,3,574,Arunachal Pradesh,1570458
91,0,43,2020-07-28,1330,3,617,Arunachal Pradesh,1570458
80,0,60,2020-07-29,1410,3,677,Arunachal Pradesh,1570458
74,0,150,2020-07-30,1484,3,827,Arunachal Pradesh,1570458
107,0,91,2020-07-31,1591,3,918,Arunachal Pradesh,1570458
83,0,51,2020-08-01,1674,3,969,Arunachal Pradesh,1570458
24,0,27,2020-08-02,1698,3,996,Arunachal Pradesh,1570458
60,0,67,2020-08-03,1758,3,1063,Arunachal Pradesh,1570458
32,0,42,2020-08-04,1790,3,1105,Arunachal Pradesh,1570458
65,0,105,2020-08-05,1855,3,1210,Arunachal Pradesh,1570458
93,0,35,2020-08-06,1948,3,1245,Arunachal Pradesh,1570458
101,0,81,2020-08-07,2049,3,1326,Arunachal Pradesh,1570458
68,0,104,2020-08-08,2117,3,1430,Arunachal Pradesh,1570458
38,0,52,2020-08-09,2155,3,1482,Arunachal Pradesh,1570458
76,0,110,2020-08-10,2231,3,1592,Arunachal Pradesh,1570458
96,0,42,2020-08-11,2327,3,1634,Arunachal Pradesh,1570458
103,0,25,2020-08-12,2430,3,1659,Arunachal Pradesh,1570458
82,1,59,2020-08-13,2512,4,1718,Arunachal Pradesh,1570458
95,1,32,2020-08-14,2607,5,1750,Arunachal Pradesh,1570458
51,0,21,2020-08-15,2658,5,1771,Arunachal Pradesh,1570458
43,0,37,2020-08-16,2701,5,1808,Arunachal Pradesh,1570458
40,0,85,2020-08-17,2741,5,1893,Arunachal Pradesh,1570458
134,0,56,2020-08-18,2875,5,1949,Arunachal Pradesh,1570458
75,0,73,2020-08-19,2950,5,2022,Arunachal Pradesh,1570458
116,0,71,2020-08-20,3066,5,2093,Arunachal Pradesh,1570458
60,0,32,2020-08-21,3126,5,2125,Arunachal Pradesh,1570458
97,0,103,2020-08-22,3223,5,2228,Arunachal Pradesh,1570458
40,0,69,2020-08-23,3263,5,2297,Arunachal Pradesh,1570458
49,0,130,2020-08-24,3312,5,2427,Arunachal Pradesh,1570458
100,0,81,2020-08-25,3412,5,2508,Arunachal Pradesh,1570458
143,0,55,2020-08-26,3555,5,2563,Arunachal Pradesh,1570458
78,0,58,2020-08-27,3633,5,2621,Arunachal Pradesh,1570458
112,2,88,2020-08-28,3745,7,2709,Arunachal Pradesh,1570458
132,0,45,2020-08-29,3877,7,2754,Arunachal Pradesh,1570458
157,0,68,2020-08-30,4034,7,2822,Arunachal Pradesh,1570458
78,0,63,2020-08-31,4112,7,2885,Arunachal Pradesh,1570458
100,0,94,2020-09-01,4212,7,2979,Arunachal Pradesh,1570458
148,0,96,2020-09-02,4360,7,3075,Arunachal Pradesh,1570458
214,1,92,2020-09-03,4574,8,3167,Arunachal Pradesh,1570458
201,0,113,2020-09-04,4775,8,3280,Arunachal Pradesh,1570458
139,0,101,2020-09-05,4914,8,3381,Arunachal Pradesh,1570458
86,0,91,2020-09-06,5000,8,3472,Arunachal Pradesh,1570458
180,0,124,2020-09-07,5180,8,3596,Arunachal Pradesh,1570458
221,1,127,2020-09-08,5401,9,3723,Arunachal Pradesh,1570458
144,0,183,2020-09-09,5545,9,3906,Arunachal Pradesh,1570458
127,0,99,2020-09-10,5672,9,4005,Arunachal Pradesh,1570458
153,1,121,2020-09-11,5825,10,4126,Arunachal Pradesh,1570458
136,0,127,2020-09-12,5961,10,4253,Arunachal Pradesh,1570458
160,0,126,2020-09-13,6121,10,4379,Arunachal Pradesh,1570458
176,1,152,2020-09-14,6297,11,4531,Arunachal Pradesh,1570458
169,2,127,2020-09-15,6466,13,4658,Arunachal Pradesh,1570458
226,0,129,2020-09-16,6692,13,4787,Arunachal Pradesh,1570458
159,0,180,2020-09-17,6851,13,4967,Arunachal Pradesh,1570458
154,0,139,2020-09-18,7005,13,5106,Arunachal Pradesh,1570458
245,0,174,2020-09-19,7250,13,5280,Arunachal Pradesh,1570458
135,0,128,2020-09-20,7385,13,5408,Arunachal Pradesh,1570458
210,0,235,2020-09-21,7595,13,5643,Arunachal Pradesh,1570458
249,1,135,2020-09-22,7844,14,5778,Arunachal Pradesh,1570458
289,0,125,2020-09-23,8133,14,5903,Arunachal Pradesh,1570458
283,0,168,2020-09-24,8416,14,6071,Arunachal Pradesh,1570458
255,0,159,2020-09-25,8671,14,6230,Arunachal Pradesh,1570458
198,0,167,2020-09-26,8869,14,6397,Arunachal Pradesh,1570458
135,0,98,2020-09-27,9004,14,6495,Arunachal Pradesh,1570458
328,1,97,2020-09-28,9332,15,6592,Arunachal Pradesh,1570458
221,1,151,2020-09-29,9553,16,6743,Arunachal Pradesh,1570458
243,0,147,2020-09-30,9796,16,6890,Arunachal Pradesh,1570458
224,0,159,2020-10-01,10020,16,7049,Arunachal Pradesh,1570458
200,2,134,2020-10-02,10220,18,7183,Arunachal Pradesh,1570458
201,0,205,2020-10-03,10421,18,7388,Arunachal Pradesh,1570458
127,0,189,2020-10-04,10548,18,7577,Arunachal Pradesh,1570458
235,1,198,2020-10-05,10783,19,7775,Arunachal Pradesh,1570458
224,1,190,2020-10-06,11007,20,7965,Arunachal Pradesh,1570458
260,1,431,2020-10-07,11267,21,8396,Arunachal Pradesh,1570458
212,1,283,2020-10-08,11479,22,8679,Arunachal Pradesh,1570458
281,1,198,2020-10-09,11760,23,8877,Arunachal Pradesh,1570458
238,0,158,2020-10-10,11998,23,9035,Arunachal Pradesh,1570458
149,1,197,2020-10-11,12147,24,9232,Arunachal Pradesh,1570458
220,0,171,2020-10-12,12367,24,9403,Arunachal Pradesh,1570458
194,4,170,2020-10-13,12561,28,9573,Arunachal Pradesh,1570458
207,1,121,2020-10-14,12768,29,9694,Arunachal Pradesh,1570458
203,1,195,2020-10-15,12971,30,9889,Arunachal Pradesh,1570458
198,0,182,2020-10-16,13169,30,10071,Arunachal Pradesh,1570458
179,0,244,2020-10-17,13348,30,10315,Arunachal Pradesh,1570458
57,0,237,2020-10-18,13405,30,10552,Arunachal Pradesh,1570458
238,0,228,2020-10-19,13643,30,10780,Arunachal Pradesh,1570458
135,1,255,2020-10-20,13778,31,11035,Arunachal Pradesh,1570458
134,0,164,2020-10-21,13912,31,11199,Arunachal Pradesh,1570458
165,1,208,2020-10-22,14077,32,11407,Arunachal Pradesh,1570458
0,0,0,2020-03-14,0,0,0,Assam,35607039
0,0,0,2020-03-15,0,0,0,Assam,35607039
0,0,0,2020-03-16,0,0,0,Assam,35607039
0,0,0,2020-03-17,0,0,0,Assam,35607039
0,0,0,2020-03-18,0,0,0,Assam,35607039
0,0,0,2020-03-19,0,0,0,Assam,35607039
0,0,0,2020-03-20,0,0,0,Assam,35607039
0,0,0,2020-03-21,0,0,0,Assam,35607039
0,0,0,2020-03-22,0,0,0,Assam,35607039
0,0,0,2020-03-23,0,0,0,Assam,35607039
0,0,0,2020-03-24,0,0,0,Assam,35607039
0,0,0,2020-03-25,0,0,0,Assam,35607039
0,0,0,2020-03-26,0,0,0,Assam,35607039
0,0,0,2020-03-27,0,0,0,Assam,35607039
0,0,0,2020-03-28,0,0,0,Assam,35607039
0,0,0,2020-03-29,0,0,0,Assam,35607039
0,0,0,2020-03-30,0,0,0,Assam,35607039
1,0,0,2020-03-31,1,0,0,Assam,35607039
15,0,0,2020-04-01,16,0,0,Assam,35607039
0,0,0,2020-04-02,16,0,0,Assam,35607039
7,0,0,2020-04-03,23,0,0,Assam,35607039
3,0,0,2020-04-04,26,0,0,Assam,35607039
0,0,0,2020-04-05,26,0,0,Assam,35607039
0,0,0,2020-04-06,26,0,0,Assam,35607039
2,0,0,2020-04-07,28,0,0,Assam,35607039
0,0,0,2020-04-08,28,0,0,Assam,35607039
1,0,0,2020-04-09,29,0,0,Assam,35607039
0,1,0,2020-04-10,29,1,0,Assam,35607039
0,0,0,2020-04-11,29,1,0,Assam,35607039
1,0,0,2020-04-12,30,1,0,Assam,35607039
2,0,0,2020-04-13,32,1,0,Assam,35607039
1,0,0,2020-04-14,33,1,0,Assam,35607039
0,0,2,2020-04-15,33,1,2,Assam,35607039
2,0,3,2020-04-16,35,1,5,Assam,35607039
0,0,4,2020-04-17,35,1,9,Assam,35607039
0,0,3,2020-04-18,35,1,12,Assam,35607039
0,0,5,2020-04-19,35,1,17,Assam,35607039
0,0,2,2020-04-20,35,1,19,Assam,35607039
0,0,0,2020-04-21,35,1,19,Assam,35607039
0,0,0,2020-04-22,35,1,19,Assam,35607039
1,0,0,2020-04-23,36,1,19,Assam,35607039
0,0,0,2020-04-24,36,1,19,Assam,35607039
0,0,0,2020-04-25,36,1,19,Assam,35607039
0,0,8,2020-04-26,36,1,27,Assam,35607039
0,0,0,2020-04-27,36,1,27,Assam,35607039
2,0,0,2020-04-28,38,1,27,Assam,35607039
0,0,2,2020-04-29,38,1,29,Assam,35607039
5,0,0,2020-04-30,43,1,29,Assam,35607039
0,0,4,2020-05-01,43,1,33,Assam,35607039
0,0,0,2020-05-02,43,1,33,Assam,35607039
0,0,0,2020-05-03,43,1,33,Assam,35607039
0,0,0,2020-05-04,43,1,33,Assam,35607039
2,0,0,2020-05-05,45,1,33,Assam,35607039
1,0,2,2020-05-06,46,1,35,Assam,35607039
8,0,0,2020-05-07,54,1,35,Assam,35607039
6,1,0,2020-05-08,60,2,35,Assam,35607039
2,-1,0,2020-05-09,62,1,35,Assam,35607039
1,0,0,2020-05-10,63,1,35,Assam,35607039
2,0,5,2020-05-11,65,1,40,Assam,35607039
0,0,0,2020-05-12,65,1,40,Assam,35607039
15,0,0,2020-05-13,80,1,40,Assam,35607039
7,0,0,2020-05-14,87,1,40,Assam,35607039
3,0,1,2020-05-15,90,1,41,Assam,35607039
3,0,0,2020-05-16,93,1,41,Assam,35607039
8,0,1,2020-05-17,101,1,42,Assam,35607039
15,2,0,2020-05-18,116,3,42,Assam,35607039
42,0,0,2020-05-19,158,3,42,Assam,35607039
31,0,7,2020-05-20,189,3,49,Assam,35607039
22,0,6,2020-05-21,211,3,55,Assam,35607039
15,0,0,2020-05-22,226,3,55,Assam,35607039
121,0,2,2020-05-23,347,3,57,Assam,35607039
46,0,1,2020-05-24,393,3,58,Assam,35607039
156,0,5,2020-05-25,549,3,63,Assam,35607039
134,0,0,2020-05-26,683,3,63,Assam,35607039
101,0,25,2020-05-27,784,3,88,Assam,35607039
97,0,16,2020-05-28,881,3,104,Assam,35607039
177,0,22,2020-05-29,1058,3,126,Assam,35607039
159,0,38,2020-05-30,1217,3,164,Assam,35607039
123,0,22,2020-05-31,1340,3,186,Assam,35607039
146,0,99,2020-06-01,1486,3,285,Assam,35607039
74,0,53,2020-06-02,1560,3,338,Assam,35607039
271,0,76,2020-06-03,1831,3,414,Assam,35607039
285,0,46,2020-06-04,2116,3,460,Assam,35607039
128,0,50,2020-06-05,2244,3,510,Assam,35607039
230,0,79,2020-06-06,2474,3,589,Assam,35607039
208,0,48,2020-06-07,2682,3,637,Assam,35607039
154,0,148,2020-06-08,2836,3,785,Assam,35607039
215,1,312,2020-06-09,3051,4,1097,Assam,35607039
235,1,152,2020-06-10,3286,5,1249,Assam,35607039
145,0,184,2020-06-11,3431,5,1433,Assam,35607039
263,2,152,2020-06-12,3694,7,1585,Assam,35607039
207,0,221,2020-06-13,3901,7,1806,Assam,35607039
218,0,155,2020-06-14,4119,7,1961,Assam,35607039
191,0,245,2020-06-15,4310,7,2206,Assam,35607039
201,0,206,2020-06-16,4511,7,2412,Assam,35607039
184,0,231,2020-06-17,4695,7,2643,Assam,35607039
209,1,206,2020-06-18,4904,8,2849,Assam,35607039
0,0,218,2020-06-19,4904,8,3067,Assam,35607039
249,0,136,2020-06-20,5153,8,3203,Assam,35607039
332,0,202,2020-06-21,5485,8,3405,Assam,35607039
267,0,161,2020-06-22,5752,8,3566,Assam,35607039
203,0,197,2020-06-23,5955,8,3763,Assam,35607039
226,0,196,2020-06-24,6181,8,3959,Assam,35607039
364,0,75,2020-06-25,6545,8,4034,Assam,35607039
273,0,214,2020-06-26,6818,8,4248,Assam,35607039
246,1,567,2020-06-27,7064,9,4815,Assam,35607039
327,1,274,2020-06-28,7391,10,5089,Assam,35607039
302,0,245,2020-06-29,7693,10,5334,Assam,35607039
613,1,314,2020-06-30,8306,11,5648,Assam,35607039
548,0,184,2020-07-01,8854,11,5832,Assam,35607039
479,2,275,2020-07-02,9333,13,6107,Assam,35607039
365,0,221,2020-07-03,9698,13,6328,Assam,35607039
1202,0,416,2020-07-04,10900,13,6744,Assam,35607039
735,0,690,2020-07-05,11635,13,7434,Assam,35607039
786,0,508,2020-07-06,12421,13,7942,Assam,35607039
814,2,388,2020-07-07,13235,15,8330,Assam,35607039
696,6,397,2020-07-08,13931,21,8727,Assam,35607039
568,5,421,2020-07-09,14499,26,9148,Assam,35607039
936,8,701,2020-07-10,15435,34,9849,Assam,35607039
535,2,578,2020-07-11,15970,36,10427,Assam,35607039
735,4,468,2020-07-12,16705,40,10895,Assam,35607039
1001,4,522,2020-07-13,17706,44,11417,Assam,35607039
859,6,757,2020-07-14,18565,50,12174,Assam,35607039
1088,2,715,2020-07-15,19653,52,12889,Assam,35607039
892,2,666,2020-07-16,20545,54,13555,Assam,35607039
1218,1,551,2020-07-17,21763,55,14106,Assam,35607039
1117,2,1060,2020-07-18,22880,57,15166,Assam,35607039
1018,4,858,2020-07-19,23898,61,16024,Assam,35607039
1093,1,1072,2020-07-20,24991,62,17096,Assam,35607039
1680,6,938,2020-07-21,26671,68,18034,Assam,35607039
972,2,1317,2020-07-22,27643,70,19351,Assam,35607039
1047,4,1349,2020-07-23,28690,74,20700,Assam,35607039
1130,6,1062,2020-07-24,29820,80,21762,Assam,35607039
1165,1,1294,2020-07-25,30985,81,23056,Assam,35607039
1142,2,985,2020-07-26,32127,83,24041,Assam,35607039
1348,7,1362,2020-07-27,33475,90,25403,Assam,35607039
1371,2,1216,2020-07-28,34846,92,26619,Assam,35607039
1348,4,1214,2020-07-29,36194,96,27833,Assam,35607039
2112,2,1248,2020-07-30,38306,98,29081,Assam,35607039
1862,4,1277,2020-07-31,40168,102,30358,Assam,35607039
1457,3,1085,2020-08-01,41625,105,31443,Assam,35607039
1178,4,942,2020-08-02,42803,109,32385,Assam,35607039
2371,4,1044,2020-08-03,45174,113,33429,Assam,35607039
2886,6,993,2020-08-04,48060,119,34422,Assam,35607039
2284,6,1471,2020-08-05,50344,125,35893,Assam,35607039
2372,5,1332,2020-08-06,52716,130,37225,Assam,35607039
2679,6,1585,2020-08-07,55395,136,38810,Assam,35607039
2218,8,1782,2020-08-08,57613,144,40592,Assam,35607039
1123,5,1734,2020-08-09,58736,149,42326,Assam,35607039
2900,6,1261,2020-08-10,61636,155,43587,Assam,35607039
2669,4,1487,2020-08-11,64305,159,45074,Assam,35607039
4593,6,2136,2020-08-12,68898,165,47210,Assam,35607039
2796,8,2174,2020-08-13,71694,173,49384,Assam,35607039
2706,6,2310,2020-08-14,74400,179,51694,Assam,35607039
1057,7,1593,2020-08-15,75457,186,53287,Assam,35607039
1317,7,1929,2020-08-16,76774,193,55216,Assam,35607039
2792,8,1519,2020-08-17,79566,201,56735,Assam,35607039
2534,6,1560,2020-08-18,82100,207,58295,Assam,35607039
2116,10,2054,2020-08-19,84216,217,60349,Assam,35607039
1735,8,2772,2020-08-20,85951,225,63121,Assam,35607039
1856,6,2476,2020-08-21,87807,231,65597,Assam,35607039
1560,7,2045,2020-08-22,89367,238,67642,Assam,35607039
1272,8,3259,2020-08-23,90639,246,70901,Assam,35607039
1879,10,2190,2020-08-24,92518,256,73091,Assam,35607039
1973,8,1724,2020-08-25,94491,264,74815,Assam,35607039
2179,14,2148,2020-08-26,96670,278,76963,Assam,35607039
2036,4,2345,2020-08-27,98706,282,79308,Assam,35607039
2560,8,1763,2020-08-28,101266,290,81071,Assam,35607039
2427,3,1440,2020-08-29,103693,293,82511,Assam,35607039
1980,7,1417,2020-08-30,105673,300,83928,Assam,35607039
3266,10,1531,2020-08-31,108939,310,85459,Assam,35607039
2684,9,1434,2020-09-01,111623,319,86893,Assam,35607039
3555,8,1834,2020-09-02,115178,327,88727,Assam,35607039
3054,7,1971,2020-09-03,118232,334,90698,Assam,35607039
2891,15,2020,2020-09-04,121123,349,92718,Assam,35607039
2698,7,2343,2020-09-05,123821,356,95061,Assam,35607039
1537,8,1763,2020-09-06,125358,364,96824,Assam,35607039
2785,10,2250,2020-09-07,128143,374,99074,Assam,35607039
2578,8,2166,2020-09-08,130721,382,101240,Assam,35607039
2243,18,2265,2020-09-09,132964,400,103505,Assam,35607039
2739,18,2197,2020-09-10,135703,418,105702,Assam,35607039
2534,16,2628,2020-09-11,138237,434,108330,Assam,35607039
2132,23,2553,2020-09-12,140369,457,110883,Assam,35607039
1292,16,2251,2020-09-13,141661,473,113134,Assam,35607039
2403,13,1918,2020-09-14,144064,486,115052,Assam,35607039
2409,10,1848,2020-09-15,146473,496,116900,Assam,35607039
2394,19,2464,2020-09-16,148867,515,119364,Assam,35607039
1380,17,2246,2020-09-17,150247,532,121610,Assam,35607039
2509,12,2074,2020-09-18,152756,544,123684,Assam,35607039
2595,8,1856,2020-09-19,155351,552,125540,Assam,35607039
1227,14,1795,2020-09-20,156578,566,127335,Assam,35607039
2640,16,1795,2020-09-21,159218,582,129130,Assam,35607039
2073,8,1817,2020-09-22,161291,590,130947,Assam,35607039
2098,11,1762,2020-09-23,163389,601,132709,Assam,35607039
2091,11,2432,2020-09-24,165480,612,135141,Assam,35607039
1792,17,1571,2020-09-25,167272,629,136712,Assam,35607039
1736,13,1595,2020-09-26,169008,642,138307,Assam,35607039
875,17,1670,2020-09-27,169883,659,139977,Assam,35607039
3644,12,2320,2020-09-28,173527,671,142297,Assam,35607039
3592,13,1702,2020-09-29,177119,684,143999,Assam,35607039
3590,17,1616,2020-09-30,180709,701,145615,Assam,35607039
1585,14,1904,2020-10-01,182294,715,147519,Assam,35607039
1416,10,1441,2020-10-02,183710,725,148960,Assam,35607039
1632,14,1813,2020-10-03,185342,739,150773,Assam,35607039
756,14,1351,2020-10-04,186098,753,152124,Assam,35607039
1518,11,1364,2020-10-05,187616,764,153488,Assam,35607039
1184,18,1586,2020-10-06,188800,782,155074,Assam,35607039
1307,7,2561,2020-10-07,190107,789,157635,Assam,35607039
1188,9,2198,2020-10-08,191295,798,159833,Assam,35607039
1019,8,2068,2020-10-09,192314,806,161901,Assam,35607039
971,9,1451,2020-10-10,193285,815,163352,Assam,35607039
396,5,1227,2020-10-11,193681,820,164579,Assam,35607039
1521,10,1457,2020-10-12,195202,830,166036,Assam,35607039
1482,4,1020,2020-10-13,196684,834,167056,Assam,35607039
1427,4,1013,2020-10-14,198111,838,168069,Assam,35607039
769,9,1263,2020-10-15,198880,847,169332,Assam,35607039
767,10,931,2020-10-16,199647,857,170263,Assam,35607039
642,12,818,2020-10-17,200289,869,171081,Assam,35607039
318,3,599,2020-10-18,200607,872,171680,Assam,35607039
698,7,1530,2020-10-19,201305,879,173210,Assam,35607039
666,9,1201,2020-10-20,201971,888,174411,Assam,35607039
701,5,1664,2020-10-21,202672,893,176075,Assam,35607039
508,7,1584,2020-10-22,203180,900,177659,Assam,35607039
0,0,0,2020-03-14,0,0,0,Bihar,124799926
0,0,0,2020-03-15,0,0,0,Bihar,124799926
0,0,0,2020-03-16,0,0,0,Bihar,124799926
0,0,0,2020-03-17,0,0,0,Bihar,124799926
0,0,0,2020-03-18,0,0,0,Bihar,124799926
0,0,0,2020-03-19,0,0,0,Bihar,124799926
0,0,0,2020-03-20,0,0,0,Bihar,124799926
0,0,0,2020-03-21,0,0,0,Bihar,124799926
2,1,0,2020-03-22,2,1,0,Bihar,124799926
1,0,0,2020-03-23,3,1,0,Bihar,124799926
0,0,0,2020-03-24,3,1,0,Bihar,124799926
1,0,0,2020-03-25,4,1,0,Bihar,124799926
3,0,0,2020-03-26,7,1,0,Bihar,124799926
2,0,0,2020-03-27,9,1,0,Bihar,124799926
2,0,0,2020-03-28,11,1,0,Bihar,124799926
4,0,0,2020-03-29,15,1,0,Bihar,124799926
0,0,0,2020-03-30,15,1,0,Bihar,124799926
6,0,0,2020-03-31,21,1,0,Bihar,124799926
3,0,0,2020-04-01,24,1,0,Bihar,124799926
5,0,3,2020-04-02,29,1,3,Bihar,124799926
2,0,0,2020-04-03,31,1,3,Bihar,124799926
1,0,0,2020-04-04,32,1,3,Bihar,124799926
0,0,0,2020-04-05,32,1,3,Bihar,124799926
0,0,6,2020-04-06,32,1,9,Bihar,124799926
6,0,6,2020-04-07,38,1,15,Bihar,124799926
1,0,0,2020-04-08,39,1,15,Bihar,124799926
19,0,0,2020-04-09,58,1,15,Bihar,124799926
2,0,0,2020-04-10,60,1,15,Bihar,124799926
4,0,0,2020-04-11,64,1,15,Bihar,124799926
0,0,11,2020-04-12,64,1,26,Bihar,124799926
2,0,2,2020-04-13,66,1,28,Bihar,124799926
0,0,1,2020-04-14,66,1,29,Bihar,124799926
6,0,0,2020-04-15,72,1,29,Bihar,124799926
11,0,8,2020-04-16,83,1,37,Bihar,124799926
2,0,0,2020-04-17,85,1,37,Bihar,124799926
1,1,5,2020-04-18,86,2,42,Bihar,124799926
10,0,0,2020-04-19,96,2,42,Bihar,124799926
17,0,0,2020-04-20,113,2,42,Bihar,124799926
13,0,0,2020-04-21,126,2,42,Bihar,124799926
17,0,0,2020-04-22,143,2,42,Bihar,124799926
27,0,2,2020-04-23,170,2,44,Bihar,124799926
53,0,0,2020-04-24,223,2,44,Bihar,124799926
28,0,1,2020-04-25,251,2,45,Bihar,124799926
26,0,11,2020-04-26,277,2,56,Bihar,124799926
69,0,0,2020-04-27,346,2,56,Bihar,124799926
20,0,8,2020-04-28,366,2,64,Bihar,124799926
37,0,0,2020-04-29,403,2,64,Bihar,124799926
22,0,20,2020-04-30,425,2,84,Bihar,124799926
41,1,14,2020-05-01,466,3,98,Bihar,124799926
15,1,19,2020-05-02,481,4,117,Bihar,124799926
36,0,7,2020-05-03,517,4,124,Bihar,124799926
11,0,3,2020-05-04,528,4,127,Bihar,124799926
7,0,31,2020-05-05,535,4,158,Bihar,124799926
7,0,0,2020-05-06,542,4,158,Bihar,124799926
8,1,60,2020-05-07,550,5,218,Bihar,124799926
29,0,49,2020-05-08,579,5,267,Bihar,124799926
32,0,51,2020-05-09,611,5,318,Bihar,124799926
96,1,36,2020-05-10,707,6,354,Bihar,124799926
42,0,23,2020-05-11,749,6,377,Bihar,124799926
130,0,5,2020-05-12,879,6,382,Bihar,124799926
74,1,18,2020-05-13,953,7,400,Bihar,124799926
46,0,12,2020-05-14,999,7,412,Bihar,124799926
34,0,28,2020-05-15,1033,7,440,Bihar,124799926
145,1,33,2020-05-16,1178,8,473,Bihar,124799926
142,0,0,2020-05-17,1320,8,473,Bihar,124799926
103,1,44,2020-05-18,1423,9,517,Bihar,124799926
96,0,0,2020-05-19,1519,9,517,Bihar,124799926
257,0,54,2020-05-20,1776,9,571,Bihar,124799926
211,0,0,2020-05-21,1987,9,571,Bihar,124799926
179,2,58,2020-05-22,2166,11,629,Bihar,124799926
228,0,24,2020-05-23,2394,11,653,Bihar,124799926
180,0,49,2020-05-24,2574,11,702,Bihar,124799926
163,2,31,2020-05-25,2737,13,733,Bihar,124799926
231,1,67,2020-05-26,2968,14,800,Bihar,124799926
68,1,118,2020-05-27,3036,15,918,Bihar,124799926
149,0,132,2020-05-28,3185,15,1050,Bihar,124799926
174,0,159,2020-05-29,3359,15,1209,Bihar,124799926
206,6,102,2020-05-30,3565,21,1311,Bihar,124799926
242,2,209,2020-05-31,3807,23,1520,Bihar,124799926
138,0,221,2020-06-01,3945,23,1741,Bihar,124799926
151,1,62,2020-06-02,4096,24,1803,Bihar,124799926
230,1,222,2020-06-03,4326,25,2025,Bihar,124799926
126,3,95,2020-06-04,4452,28,2120,Bihar,124799926
146,1,113,2020-06-05,4598,29,2233,Bihar,124799926
233,0,65,2020-06-06,4831,29,2298,Bihar,124799926
239,1,107,2020-06-07,5070,30,2405,Bihar,124799926
177,1,137,2020-06-08,5247,31,2542,Bihar,124799926
208,2,228,2020-06-09,5455,33,2770,Bihar,124799926
243,1,164,2020-06-10,5698,34,2934,Bihar,124799926
250,0,152,2020-06-11,5948,34,3086,Bihar,124799926
148,1,230,2020-06-12,6096,35,3316,Bihar,124799926
193,0,370,2020-06-13,6289,35,3686,Bihar,124799926
186,1,289,2020-06-14,6475,36,3975,Bihar,124799926
187,2,251,2020-06-15,6662,38,4226,Bihar,124799926
148,1,345,2020-06-16,6810,39,4571,Bihar,124799926
130,0,205,2020-06-17,6940,39,4776,Bihar,124799926
100,5,185,2020-06-18,7040,44,4961,Bihar,124799926
250,5,137,2020-06-19,7290,49,5098,Bihar,124799926
213,0,269,2020-06-20,7503,49,5367,Bihar,124799926
162,2,264,2020-06-21,7665,51,5631,Bihar,124799926
228,1,136,2020-06-22,7893,52,5767,Bihar,124799926
157,2,260,2020-06-23,8050,54,6027,Bihar,124799926
223,1,79,2020-06-24,8273,55,6106,Bihar,124799926
215,1,374,2020-06-25,8488,56,6480,Bihar,124799926
190,0,189,2020-06-26,8678,56,6669,Bihar,124799926
302,2,261,2020-06-27,8980,58,6930,Bihar,124799926
244,4,226,2020-06-28,9224,62,7156,Bihar,124799926
394,1,218,2020-06-29,9618,63,7374,Bihar,124799926
370,5,170,2020-06-30,9988,68,7544,Bihar,124799926
216,5,267,2020-07-01,10204,73,7811,Bihar,124799926
478,5,183,2020-07-02,10682,78,7994,Bihar,124799926
426,6,217,2020-07-03,11108,84,8211,Bihar,124799926
349,4,277,2020-07-04,11457,88,8488,Bihar,124799926
403,2,277,2020-07-05,11860,90,8765,Bihar,124799926
280,7,249,2020-07-06,12140,97,9014,Bihar,124799926
385,1,324,2020-07-07,12525,98,9338,Bihar,124799926
749,2,203,2020-07-08,13274,100,9541,Bihar,124799926
704,9,251,2020-07-09,13978,109,9792,Bihar,124799926
352,2,459,2020-07-10,14330,111,10251,Bihar,124799926
709,7,740,2020-07-11,15039,118,10991,Bihar,124799926
1266,7,962,2020-07-12,16305,125,11953,Bihar,124799926
1116,9,411,2020-07-13,17421,134,12364,Bihar,124799926
1432,9,655,2020-07-14,18853,143,13019,Bihar,124799926
1320,14,514,2020-07-15,20173,157,13533,Bihar,124799926
1385,10,568,2020-07-16,21558,167,14101,Bihar,124799926
1742,6,896,2020-07-17,23300,173,14997,Bihar,124799926
1667,4,774,2020-07-18,24967,177,15771,Bihar,124799926
1412,2,826,2020-07-19,26379,179,16597,Bihar,124799926
1076,8,938,2020-07-20,27455,187,17535,Bihar,124799926
1109,11,1206,2020-07-21,28564,198,18741,Bihar,124799926
1502,10,1135,2020-07-22,30066,208,19876,Bihar,124799926
1625,4,1083,2020-07-23,31691,212,20959,Bihar,124799926
1820,9,1873,2020-07-24,33511,221,22832,Bihar,124799926
2803,11,1688,2020-07-25,36314,232,24520,Bihar,124799926
2605,17,1788,2020-07-26,38919,249,26308,Bihar,124799926
2192,6,1536,2020-07-27,41111,255,27844,Bihar,124799926
2480,14,1376,2020-07-28,43591,269,29220,Bihar,124799926
2328,4,1284,2020-07-29,45919,273,30504,Bihar,124799926
2082,12,1169,2020-07-30,48001,285,31673,Bihar,124799926
2986,13,1977,2020-07-31,50987,298,33650,Bihar,124799926
3521,14,1823,2020-08-01,54508,312,35473,Bihar,124799926
2762,10,1164,2020-08-02,57270,322,36637,Bihar,124799926
2297,14,1871,2020-08-03,59567,336,38508,Bihar,124799926
2464,13,2252,2020-08-04,62031,349,40760,Bihar,124799926
2701,20,1610,2020-08-05,64732,369,42370,Bihar,124799926
3416,19,1450,2020-08-06,68148,388,43820,Bihar,124799926
3646,12,2445,2020-08-07,71794,400,46265,Bihar,124799926
3992,19,2408,2020-08-08,75786,419,48673,Bihar,124799926
3934,10,2642,2020-08-09,79720,429,51315,Bihar,124799926
3021,21,2824,2020-08-10,82741,450,54139,Bihar,124799926
4071,15,2900,2020-08-11,86812,465,57039,Bihar,124799926
3741,9,3029,2020-08-12,90553,474,60068,Bihar,124799926
3906,10,2439,2020-08-13,94459,484,62507,Bihar,124799926
3911,16,2800,2020-08-14,98370,500,65307,Bihar,124799926
3536,15,3368,2020-08-15,101906,515,68675,Bihar,124799926
2187,22,3891,2020-08-16,104093,537,72566,Bihar,124799926
2525,5,4140,2020-08-17,106618,542,76706,Bihar,124799926
3257,16,4034,2020-08-18,109875,558,80740,Bihar,124799926
2884,10,3838,2020-08-19,112759,568,84578,Bihar,124799926
2451,6,3585,2020-08-20,115210,574,88163,Bihar,124799926
2461,14,3678,2020-08-21,117671,588,91841,Bihar,124799926
2238,13,3531,2020-08-22,119909,601,95372,Bihar,124799926
2247,9,3082,2020-08-23,122156,610,98454,Bihar,124799926
1227,17,2908,2020-08-24,123383,627,101362,Bihar,124799926
1444,17,3169,2020-08-25,124827,644,104531,Bihar,124799926
2163,9,2234,2020-08-26,126990,653,106765,Bihar,124799926
1860,9,2931,2020-08-27,128850,662,109696,Bihar,124799926
1998,12,2749,2020-08-28,130848,674,112445,Bihar,124799926
2087,5,2629,2020-08-29,132935,679,115074,Bihar,124799926
2078,9,2231,2020-08-30,135013,688,117305,Bihar,124799926
1324,6,2267,2020-08-31,136337,694,119572,Bihar,124799926
1928,15,2029,2020-09-01,138265,709,121601,Bihar,124799926
1969,13,1803,2020-09-02,140234,722,123404,Bihar,124799926
1922,6,1572,2020-09-03,142156,728,124976,Bihar,124799926
1978,13,1435,2020-09-04,144134,741,126411,Bihar,124799926
1727,9,1965,2020-09-05,145861,750,128376,Bihar,124799926
1797,4,1924,2020-09-06,147658,754,130300,Bihar,124799926
1369,7,1845,2020-09-07,149027,761,132145,Bihar,124799926
1667,4,1944,2020-09-08,150694,765,134089,Bihar,124799926
1498,10,1702,2020-09-09,152192,775,135791,Bihar,124799926
1543,10,1480,2020-09-10,153735,785,137271,Bihar,124799926
1710,12,2187,2020-09-11,155445,797,139458,Bihar,124799926
1421,11,1700,2020-09-12,156866,808,141158,Bihar,124799926
1523,14,1895,2020-09-13,158389,822,143053,Bihar,124799926
1137,9,1966,2020-09-14,159526,831,145019,Bihar,124799926
1575,5,1514,2020-09-15,161101,836,146533,Bihar,124799926
1531,12,1724,2020-09-16,162632,848,148257,Bihar,124799926
1592,7,1465,2020-09-17,164224,855,149722,Bihar,124799926
1147,4,1678,2020-09-18,165371,859,151400,Bihar,124799926
1616,2,1556,2020-09-19,166987,861,152956,Bihar,124799926
1555,3,1487,2020-09-20,168542,864,154443,Bihar,124799926
1314,6,1381,2020-09-21,169856,870,155824,Bihar,124799926
1609,3,1232,2020-09-22,171465,873,157056,Bihar,124799926
1598,1,1490,2020-09-23,173063,874,158546,Bihar,124799926
1203,4,1154,2020-09-24,174266,878,159700,Bihar,124799926
1632,3,1810,2020-09-25,175898,881,161510,Bihar,124799926
1457,5,1622,2020-09-26,177355,886,163132,Bihar,124799926
1527,2,1405,2020-09-27,178882,888,164537,Bihar,124799926
1150,4,1651,2020-09-28,180032,892,166188,Bihar,124799926
1439,2,1702,2020-09-29,181471,894,167890,Bihar,124799926
1435,10,1735,2020-09-30,182906,904,169625,Bihar,124799926
1370,2,1242,2020-10-01,184276,906,170867,Bihar,124799926
1431,4,1497,2020-10-02,185707,910,172364,Bihar,124799926
983,2,1431,2020-10-03,186690,912,173795,Bihar,124799926
1261,3,1314,2020-10-04,187951,915,175109,Bihar,124799926
907,9,1565,2020-10-05,188858,924,176674,Bihar,124799926
1265,1,1255,2020-10-06,190123,925,177929,Bihar,124799926
1304,2,1422,2020-10-07,191427,927,179351,Bihar,124799926
1244,2,1006,2020-10-08,192671,929,180357,Bihar,124799926
1155,5,1424,2020-10-09,193826,934,181781,Bihar,124799926
1140,10,1226,2020-10-10,194966,944,183007,Bihar,124799926
1302,2,1217,2020-10-11,196268,946,184224,Bihar,124799926
732,9,1369,2020-10-12,197000,955,185593,Bihar,124799926
1223,6,1030,2020-10-13,198223,961,186623,Bihar,124799926
1326,6,1375,2020-10-14,199549,967,187998,Bihar,124799926
1276,5,804,2020-10-15,200825,972,188802,Bihar,124799926
1062,9,1454,2020-10-16,201887,981,190256,Bihar,124799926
1173,9,1259,2020-10-17,203060,990,191515,Bihar,124799926
1152,6,1079,2020-10-18,204212,996,192594,Bihar,124799926
912,7,1195,2020-10-19,205124,1003,193789,Bihar,124799926
1837,8,1100,2020-10-20,206961,1011,194889,Bihar,124799926
1277,8,1319,2020-10-21,208238,1019,196208,Bihar,124799926
1058,7,985,2020-10-22,209296,1026,197193,Bihar,124799926
0,0,0,2020-03-14,0,0,0,Chandigarh,1158473
0,0,0,2020-03-15,0,0,0,Chandigarh,1158473
0,0,0,2020-03-16,0,0,0,Chandigarh,1158473
0,0,0,2020-03-17,0,0,0,Chandigarh,1158473
0,0,0,2020-03-18,0,0,0,Chandigarh,1158473
1,0,0,2020-03-19,1,0,0,Chandigarh,1158473
4,0,0,2020-03-20,5,0,0,Chandigarh,1158473
0,0,0,2020-03-21,5,0,0,Chandigarh,1158473
1,0,0,2020-03-22,6,0,0,Chandigarh,1158473
1,0,0,2020-03-23,7,0,0,Chandigarh,1158473
0,0,0,2020-03-24,7,0,0,Chandigarh,1158473
0,0,0,2020-03-25,7,0,0,Chandigarh,1158473
0,0,0,2020-03-26,7,0,0,Chandigarh,1158473
1,0,0,2020-03-27,8,0,0,Chandigarh,1158473
0,0,0,2020-03-28,8,0,0,Chandigarh,1158473
0,0,0,2020-03-29,8,0,0,Chandigarh,1158473
5,0,0,2020-03-30,13,0,0,Chandigarh,1158473
2,0,0,2020-03-31,15,0,0,Chandigarh,1158473
2,0,0,2020-04-01,17,0,0,Chandigarh,1158473
1,0,0,2020-04-02,18,0,0,Chandigarh,1158473
0,0,0,2020-04-03,18,0,0,Chandigarh,1158473
0,0,3,2020-04-04,18,0,3,Chandigarh,1158473
0,0,2,2020-04-05,18,0,5,Chandigarh,1158473
0,0,0,2020-04-06,18,0,5,Chandigarh,1158473
0,0,2,2020-04-07,18,0,7,Chandigarh,1158473
0,0,0,2020-04-08,18,0,7,Chandigarh,1158473
0,0,0,2020-04-09,18,0,7,Chandigarh,1158473
1,0,0,2020-04-10,19,0,7,Chandigarh,1158473
0,0,0,2020-04-11,19,0,7,Chandigarh,1158473
2,0,0,2020-04-12,21,0,7,Chandigarh,1158473
0,0,0,2020-04-13,21,0,7,Chandigarh,1158473
0,0,0,2020-04-14,21,0,7,Chandigarh,1158473
0,0,2,2020-04-15,21,0,9,Chandigarh,1158473
0,0,0,2020-04-16,21,0,9,Chandigarh,1158473
0,0,0,2020-04-17,21,0,9,Chandigarh,1158473
2,0,0,2020-04-18,23,0,9,Chandigarh,1158473
3,0,4,2020-04-19,26,0,13,Chandigarh,1158473
0,0,1,2020-04-20,26,0,14,Chandigarh,1158473
1,0,0,2020-04-21,27,0,14,Chandigarh,1158473
0,0,0,2020-04-22,27,0,14,Chandigarh,1158473
0,0,0,2020-04-23,27,0,14,Chandigarh,1158473
0,0,1,2020-04-24,27,0,15,Chandigarh,1158473
1,0,0,2020-04-25,28,0,15,Chandigarh,1158473
8,0,2,2020-04-26,36,0,17,Chandigarh,1158473
9,0,0,2020-04-27,45,0,17,Chandigarh,1158473
11,0,0,2020-04-28,56,0,17,Chandigarh,1158473
12,0,0,2020-04-29,68,0,17,Chandigarh,1158473
6,0,1,2020-04-30,74,0,18,Chandigarh,1158473
14,0,0,2020-05-01,88,0,18,Chandigarh,1158473
6,0,1,2020-05-02,94,0,19,Chandigarh,1158473
3,1,0,2020-05-03,97,1,19,Chandigarh,1158473
5,0,2,2020-05-04,102,1,21,Chandigarh,1158473
17,0,0,2020-05-05,119,1,21,Chandigarh,1158473
5,0,0,2020-05-06,124,1,21,Chandigarh,1158473
11,0,0,2020-05-07,135,1,21,Chandigarh,1158473
11,1,0,2020-05-08,146,2,21,Chandigarh,1158473
23,0,3,2020-05-09,169,2,24,Chandigarh,1158473
4,1,0,2020-05-10,173,3,24,Chandigarh,1158473
8,0,4,2020-05-11,181,3,28,Chandigarh,1158473
6,0,2,2020-05-12,187,3,30,Chandigarh,1158473
4,0,0,2020-05-13,191,3,30,Chandigarh,1158473
0,0,7,2020-05-14,191,3,37,Chandigarh,1158473
0,0,3,2020-05-15,191,3,40,Chandigarh,1158473
0,0,11,2020-05-16,191,3,51,Chandigarh,1158473
0,0,0,2020-05-17,191,3,51,Chandigarh,1158473
5,0,3,2020-05-18,196,3,54,Chandigarh,1158473
3,0,3,2020-05-19,199,3,57,Chandigarh,1158473
3,0,79,2020-05-20,202,3,136,Chandigarh,1158473
16,0,42,2020-05-21,218,3,178,Chandigarh,1158473
1,0,0,2020-05-22,219,3,178,Chandigarh,1158473
6,0,1,2020-05-23,225,3,179,Chandigarh,1158473
37,1,0,2020-05-24,262,4,179,Chandigarh,1158473
4,0,8,2020-05-25,266,4,187,Chandigarh,1158473
12,0,0,2020-05-26,278,4,187,Chandigarh,1158473
1,0,0,2020-05-27,279,4,187,Chandigarh,1158473
10,0,2,2020-05-28,289,4,189,Chandigarh,1158473
0,0,0,2020-05-29,289,4,189,Chandigarh,1158473
0,0,10,2020-05-30,289,4,199,Chandigarh,1158473
4,0,0,2020-05-31,293,4,199,Chandigarh,1158473
4,0,15,2020-06-01,297,4,214,Chandigarh,1158473
4,1,0,2020-06-02,301,5,214,Chandigarh,1158473
0,0,0,2020-06-03,301,5,214,Chandigarh,1158473
1,0,8,2020-06-04,302,5,222,Chandigarh,1158473
7,0,51,2020-06-05,309,5,273,Chandigarh,1158473
3,0,0,2020-06-06,312,5,273,Chandigarh,1158473
2,0,1,2020-06-07,314,5,274,Chandigarh,1158473
6,0,11,2020-06-08,320,5,285,Chandigarh,1158473
6,0,0,2020-06-09,326,5,285,Chandigarh,1158473
2,0,4,2020-06-10,328,5,289,Chandigarh,1158473
4,0,4,2020-06-11,332,5,293,Chandigarh,1158473
13,0,2,2020-06-12,345,5,295,Chandigarh,1158473
5,0,0,2020-06-13,350,5,295,Chandigarh,1158473
2,0,0,2020-06-14,352,5,295,Chandigarh,1158473
5,1,6,2020-06-15,357,6,301,Chandigarh,1158473
8,0,1,2020-06-16,365,6,302,Chandigarh,1158473
5,0,4,2020-06-17,370,6,306,Chandigarh,1158473
4,0,0,2020-06-18,374,6,306,Chandigarh,1158473
7,0,9,2020-06-19,381,6,315,Chandigarh,1158473
23,0,1,2020-06-20,404,6,316,Chandigarh,1158473
2,0,0,2020-06-21,406,6,316,Chandigarh,1158473
5,0,6,2020-06-22,411,6,322,Chandigarh,1158473
7,0,0,2020-06-23,418,6,322,Chandigarh,1158473
2,0,0,2020-06-24,420,6,322,Chandigarh,1158473
3,0,7,2020-06-25,423,6,329,Chandigarh,1158473
2,0,6,2020-06-26,425,6,335,Chandigarh,1158473
3,0,0,2020-06-27,428,6,335,Chandigarh,1158473
3,0,1,2020-06-28,431,6,336,Chandigarh,1158473
3,0,13,2020-06-29,434,6,349,Chandigarh,1158473
6,0,15,2020-06-30,440,6,364,Chandigarh,1158473
6,0,3,2020-07-01,446,6,367,Chandigarh,1158473
4,0,22,2020-07-02,450,6,389,Chandigarh,1158473
4,0,4,2020-07-03,454,6,393,Chandigarh,1158473
5,0,2,2020-07-04,459,6,395,Chandigarh,1158473
7,0,0,2020-07-05,466,6,395,Chandigarh,1158473
21,0,6,2020-07-06,487,6,401,Chandigarh,1158473
5,1,0,2020-07-07,492,7,401,Chandigarh,1158473
15,0,1,2020-07-08,507,7,402,Chandigarh,1158473
16,0,1,2020-07-09,523,7,403,Chandigarh,1158473
13,0,5,2020-07-10,536,7,408,Chandigarh,1158473
13,1,5,2020-07-11,549,8,413,Chandigarh,1158473
10,0,4,2020-07-12,559,8,417,Chandigarh,1158473
29,0,6,2020-07-13,588,8,423,Chandigarh,1158473
12,2,23,2020-07-14,600,10,446,Chandigarh,1158473
19,1,13,2020-07-15,619,11,459,Chandigarh,1158473
16,0,17,2020-07-16,635,11,476,Chandigarh,1158473
25,0,4,2020-07-17,660,11,480,Chandigarh,1158473
31,1,5,2020-07-18,691,12,485,Chandigarh,1158473
26,0,3,2020-07-19,717,12,488,Chandigarh,1158473
20,0,30,2020-07-20,737,12,518,Chandigarh,1158473
14,0,0,2020-07-21,751,12,518,Chandigarh,1158473
29,1,8,2020-07-22,780,13,526,Chandigarh,1158473
20,0,5,2020-07-23,800,13,531,Chandigarh,1158473
23,0,4,2020-07-24,823,13,535,Chandigarh,1158473
29,0,20,2020-07-25,852,13,555,Chandigarh,1158473
35,0,17,2020-07-26,887,13,572,Chandigarh,1158473
23,1,3,2020-07-27,910,14,575,Chandigarh,1158473
24,0,24,2020-07-28,934,14,599,Chandigarh,1158473
44,0,12,2020-07-29,978,14,611,Chandigarh,1158473
38,0,36,2020-07-30,1016,14,647,Chandigarh,1158473
35,1,20,2020-07-31,1051,15,667,Chandigarh,1158473
28,3,16,2020-08-01,1079,18,683,Chandigarh,1158473
38,1,15,2020-08-02,1117,19,698,Chandigarh,1158473
43,0,8,2020-08-03,1160,19,706,Chandigarh,1158473
46,1,9,2020-08-04,1206,20,715,Chandigarh,1158473
64,0,0,2020-08-05,1270,20,715,Chandigarh,1158473
57,0,62,2020-08-06,1327,20,777,Chandigarh,1158473
47,3,43,2020-08-07,1374,23,820,Chandigarh,1158473
52,1,52,2020-08-08,1426,24,872,Chandigarh,1158473
89,1,32,2020-08-09,1515,25,904,Chandigarh,1158473
80,0,100,2020-08-10,1595,25,1004,Chandigarh,1158473
75,1,11,2020-08-11,1670,26,1015,Chandigarh,1158473
81,1,8,2020-08-12,1751,27,1023,Chandigarh,1158473
91,1,53,2020-08-13,1842,28,1076,Chandigarh,1158473
86,0,15,2020-08-14,1928,28,1091,Chandigarh,1158473
81,0,27,2020-08-15,2009,28,1118,Chandigarh,1158473
93,1,19,2020-08-16,2102,29,1137,Chandigarh,1158473
114,1,46,2020-08-17,2216,30,1183,Chandigarh,1158473
89,0,60,2020-08-18,2305,30,1243,Chandigarh,1158473
91,1,108,2020-08-19,2396,31,1351,Chandigarh,1158473
119,0,39,2020-08-20,2515,31,1390,Chandigarh,1158473
116,2,36,2020-08-21,2631,33,1426,Chandigarh,1158473
145,0,45,2020-08-22,2776,33,1471,Chandigarh,1158473
142,4,21,2020-08-23,2918,37,1492,Chandigarh,1158473
117,0,154,2020-08-24,3035,37,1646,Chandigarh,1158473
174,3,67,2020-08-25,3209,40,1713,Chandigarh,1158473
167,1,87,2020-08-26,3376,41,1800,Chandigarh,1158473
188,2,177,2020-08-27,3564,43,1977,Chandigarh,1158473
160,2,130,2020-08-28,3724,45,2107,Chandigarh,1158473
261,0,141,2020-08-29,3985,45,2248,Chandigarh,1158473
170,7,48,2020-08-30,4155,52,2296,Chandigarh,1158473
191,4,135,2020-08-31,4346,56,2431,Chandigarh,1158473
204,1,120,2020-09-01,4550,57,2551,Chandigarh,1158473
239,2,119,2020-09-02,4789,59,2670,Chandigarh,1158473
276,4,213,2020-09-03,5065,63,2883,Chandigarh,1158473
203,5,222,2020-09-04,5268,68,3105,Chandigarh,1158473
234,1,185,2020-09-05,5502,69,3290,Chandigarh,1158473
261,2,149,2020-09-06,5763,71,3439,Chandigarh,1158473
232,3,295,2020-09-07,5995,74,3734,Chandigarh,1158473
377,1,226,2020-09-08,6372,75,3960,Chandigarh,1158473
332,2,180,2020-09-09,6704,77,4140,Chandigarh,1158473
283,3,191,2020-09-10,6987,80,4331,Chandigarh,1158473
305,3,269,2020-09-11,7292,83,4600,Chandigarh,1158473
250,6,264,2020-09-12,7542,89,4864,Chandigarh,1158473
449,1,306,2020-09-13,7991,90,5170,Chandigarh,1158473
254,5,130,2020-09-14,8245,95,5300,Chandigarh,1158473
347,1,202,2020-09-15,8592,96,5502,Chandigarh,1158473
366,5,181,2020-09-16,8958,101,5683,Chandigarh,1158473
288,5,379,2020-09-17,9246,106,6062,Chandigarh,1158473
260,4,353,2020-09-18,9506,110,6415,Chandigarh,1158473
290,6,351,2020-09-19,9796,116,6766,Chandigarh,1158473
286,4,372,2020-09-20,10082,120,7138,Chandigarh,1158473
216,3,273,2020-09-21,10298,123,7411,Chandigarh,1158473
248,4,383,2020-09-22,10546,127,7794,Chandigarh,1158473
180,10,255,2020-09-23,10726,137,8049,Chandigarh,1158473
242,7,293,2020-09-24,10968,144,8342,Chandigarh,1158473
244,1,335,2020-09-25,11212,145,8677,Chandigarh,1158473
168,0,260,2020-09-26,11380,145,8937,Chandigarh,1158473
173,2,166,2020-09-27,11553,147,9103,Chandigarh,1158473
125,6,222,2020-09-28,11678,153,9325,Chandigarh,1158473
138,5,273,2020-09-29,11816,158,9598,Chandigarh,1158473
122,4,215,2020-09-30,11938,162,9813,Chandigarh,1158473
119,2,196,2020-10-01,12057,164,10009,Chandigarh,1158473
155,5,153,2020-10-02,12212,169,10162,Chandigarh,1158473
148,3,234,2020-10-03,12360,172,10396,Chandigarh,1158473
85,2,202,2020-10-04,12445,174,10598,Chandigarh,1158473
133,3,199,2020-10-05,12578,177,10797,Chandigarh,1158473
129,3,238,2020-10-06,12707,180,11035,Chandigarh,1158473
113,2,155,2020-10-07,12820,182,11190,Chandigarh,1158473
102,4,154,2020-10-08,12922,186,11344,Chandigarh,1158473
63,2,161,2020-10-09,12985,188,11505,Chandigarh,1158473
96,2,157,2020-10-10,13081,190,11662,Chandigarh,1158473
85,1,125,2020-10-11,13166,191,11787,Chandigarh,1158473
94,1,111,2020-10-12,13260,192,11898,Chandigarh,1158473
71,5,109,2020-10-13,13331,197,12007,Chandigarh,1158473
72,2,112,2020-10-14,13403,199,12119,Chandigarh,1158473
74,2,113,2020-10-15,13477,201,12232,Chandigarh,1158473
55,5,120,2020-10-16,13532,206,12352,Chandigarh,1158473
50,1,108,2020-10-17,13582,207,12460,Chandigarh,1158473
64,1,94,2020-10-18,13646,208,12554,Chandigarh,1158473
40,0,63,2020-10-19,13686,208,12617,Chandigarh,1158473
57,1,107,2020-10-20,13743,209,12724,Chandigarh,1158473
54,0,118,2020-10-21,13797,209,12842,Chandigarh,1158473
51,3,82,2020-10-22,13848,212,12924,Chandigarh,1158473
0,0,0,2020-03-14,0,0,0,Chhattisgarh,29436231
0,0,0,2020-03-15,0,0,0,Chhattisgarh,29436231
0,0,0,2020-03-16,0,0,0,Chhattisgarh,29436231
0,0,0,2020-03-17,0,0,0,Chhattisgarh,29436231
0,0,0,2020-03-18,0,0,0,Chhattisgarh,29436231
1,0,0,2020-03-19,1,0,0,Chhattisgarh,29436231
0,0,0,2020-03-20,1,0,0,Chhattisgarh,29436231
0,0,0,2020-03-21,1,0,0,Chhattisgarh,29436231
0,0,0,2020-03-22,1,0,0,Chhattisgarh,29436231
0,0,0,2020-03-23,1,0,0,Chhattisgarh,29436231
0,0,0,2020-03-24,1,0,0,Chhattisgarh,29436231
2,0,0,2020-03-25,3,0,0,Chhattisgarh,29436231
3,0,0,2020-03-26,6,0,0,Chhattisgarh,29436231
0,0,0,2020-03-27,6,0,0,Chhattisgarh,29436231
1,0,0,2020-03-28,7,0,0,Chhattisgarh,29436231
0,0,0,2020-03-29,7,0,0,Chhattisgarh,29436231
1,0,0,2020-03-30,8,0,0,Chhattisgarh,29436231
1,0,2,2020-03-31,9,0,2,Chhattisgarh,29436231
0,0,0,2020-04-01,9,0,2,Chhattisgarh,29436231
0,0,1,2020-04-02,9,0,3,Chhattisgarh,29436231
0,0,0,2020-04-03,9,0,3,Chhattisgarh,29436231
1,0,0,2020-04-04,10,0,3,Chhattisgarh,29436231
0,0,5,2020-04-05,10,0,8,Chhattisgarh,29436231
0,0,0,2020-04-06,10,0,8,Chhattisgarh,29436231
0,0,1,2020-04-07,10,0,9,Chhattisgarh,29436231
0,0,0,2020-04-08,10,0,9,Chhattisgarh,29436231
8,0,0,2020-04-09,18,0,9,Chhattisgarh,29436231
0,0,0,2020-04-10,18,0,9,Chhattisgarh,29436231
7,0,0,2020-04-11,25,0,9,Chhattisgarh,29436231
6,0,1,2020-04-12,31,0,10,Chhattisgarh,29436231
0,0,0,2020-04-13,31,0,10,Chhattisgarh,29436231
2,0,3,2020-04-14,33,0,13,Chhattisgarh,29436231
0,0,4,2020-04-15,33,0,17,Chhattisgarh,29436231
3,0,6,2020-04-16,36,0,23,Chhattisgarh,29436231
0,0,1,2020-04-17,36,0,24,Chhattisgarh,29436231
0,0,1,2020-04-18,36,0,25,Chhattisgarh,29436231
0,0,0,2020-04-19,36,0,25,Chhattisgarh,29436231
0,0,0,2020-04-20,36,0,25,Chhattisgarh,29436231
0,0,0,2020-04-21,36,0,25,Chhattisgarh,29436231
0,0,3,2020-04-22,36,0,28,Chhattisgarh,29436231
0,0,2,2020-04-23,36,0,30,Chhattisgarh,29436231
0,0,0,2020-04-24,36,0,30,Chhattisgarh,29436231
1,0,2,2020-04-25,37,0,32,Chhattisgarh,29436231
0,0,0,2020-04-26,37,0,32,Chhattisgarh,29436231
0,0,0,2020-04-27,37,0,32,Chhattisgarh,29436231
1,0,2,2020-04-28,38,0,34,Chhattisgarh,29436231
0,0,0,2020-04-29,38,0,34,Chhattisgarh,29436231
2,0,2,2020-04-30,40,0,36,Chhattisgarh,29436231
3,0,0,2020-05-01,43,0,36,Chhattisgarh,29436231
0,0,0,2020-05-02,43,0,36,Chhattisgarh,29436231
14,0,0,2020-05-03,57,0,36,Chhattisgarh,29436231
1,0,0,2020-05-04,58,0,36,Chhattisgarh,29436231
1,0,0,2020-05-05,59,0,36,Chhattisgarh,29436231
0,0,0,2020-05-06,59,0,36,Chhattisgarh,29436231
0,0,0,2020-05-07,59,0,36,Chhattisgarh,29436231
0,0,2,2020-05-08,59,0,38,Chhattisgarh,29436231
0,0,5,2020-05-09,59,0,43,Chhattisgarh,29436231
0,0,6,2020-05-10,59,0,49,Chhattisgarh,29436231
0,0,4,2020-05-11,59,0,53,Chhattisgarh,29436231
0,0,1,2020-05-12,59,0,54,Chhattisgarh,29436231
0,0,1,2020-05-13,59,0,55,Chhattisgarh,29436231
1,0,1,2020-05-14,60,0,56,Chhattisgarh,29436231
6,0,0,2020-05-15,66,0,56,Chhattisgarh,29436231
1,0,2,2020-05-16,67,0,58,Chhattisgarh,29436231
18,0,1,2020-05-17,85,0,59,Chhattisgarh,29436231
10,0,0,2020-05-18,95,0,59,Chhattisgarh,29436231
5,0,0,2020-05-19,100,0,59,Chhattisgarh,29436231
14,0,0,2020-05-20,114,0,59,Chhattisgarh,29436231
14,0,0,2020-05-21,128,0,59,Chhattisgarh,29436231
44,0,3,2020-05-22,172,0,62,Chhattisgarh,29436231
42,0,2,2020-05-23,214,0,64,Chhattisgarh,29436231
38,0,0,2020-05-24,252,0,64,Chhattisgarh,29436231
40,0,3,2020-05-25,292,0,67,Chhattisgarh,29436231
68,0,12,2020-05-26,360,0,79,Chhattisgarh,29436231
4,0,4,2020-05-27,364,0,83,Chhattisgarh,29436231
34,0,0,2020-05-28,398,0,83,Chhattisgarh,29436231
17,1,17,2020-05-29,415,1,100,Chhattisgarh,29436231
32,0,2,2020-05-30,447,1,102,Chhattisgarh,29436231
51,0,12,2020-05-31,498,1,114,Chhattisgarh,29436231
49,0,7,2020-06-01,547,1,121,Chhattisgarh,29436231
15,1,9,2020-06-02,562,2,130,Chhattisgarh,29436231
64,0,40,2020-06-03,626,2,170,Chhattisgarh,29436231
147,0,36,2020-06-04,773,2,206,Chhattisgarh,29436231
90,0,25,2020-06-05,863,2,231,Chhattisgarh,29436231
60,2,28,2020-06-06,923,4,259,Chhattisgarh,29436231
150,0,7,2020-06-07,1073,4,266,Chhattisgarh,29436231
124,0,69,2020-06-08,1197,4,335,Chhattisgarh,29436231
14,1,12,2020-06-09,1211,5,347,Chhattisgarh,29436231
51,1,4,2020-06-10,1262,6,351,Chhattisgarh,29436231
136,0,70,2020-06-11,1398,6,421,Chhattisgarh,29436231
47,0,123,2020-06-12,1445,6,544,Chhattisgarh,29436231
105,0,87,2020-06-13,1550,6,631,Chhattisgarh,29436231
121,3,88,2020-06-14,1671,9,719,Chhattisgarh,29436231
44,0,124,2020-06-15,1715,9,843,Chhattisgarh,29436231
69,0,91,2020-06-16,1784,9,934,Chhattisgarh,29436231
80,0,165,2020-06-17,1864,9,1099,Chhattisgarh,29436231
82,0,103,2020-06-18,1946,9,1202,Chhattisgarh,29436231
72,1,103,2020-06-19,2018,10,1305,Chhattisgarh,29436231
116,1,63,2020-06-20,2134,11,1368,Chhattisgarh,29436231
121,0,53,2020-06-21,2255,11,1421,Chhattisgarh,29436231
47,1,66,2020-06-22,2302,12,1487,Chhattisgarh,29436231
83,0,40,2020-06-23,2385,12,1527,Chhattisgarh,29436231
34,0,74,2020-06-24,2419,12,1601,Chhattisgarh,29436231
37,0,128,2020-06-25,2456,12,1729,Chhattisgarh,29436231
89,1,156,2020-06-26,2545,13,1885,Chhattisgarh,29436231
65,0,52,2020-06-27,2610,13,1937,Chhattisgarh,29436231
84,0,125,2020-06-28,2694,13,2062,Chhattisgarh,29436231
101,0,88,2020-06-29,2795,13,2150,Chhattisgarh,29436231
63,0,100,2020-06-30,2858,13,2250,Chhattisgarh,29436231
82,1,53,2020-07-01,2940,14,2303,Chhattisgarh,29436231
73,0,59,2020-07-02,3013,14,2362,Chhattisgarh,29436231
52,0,52,2020-07-03,3065,14,2414,Chhattisgarh,29436231
96,0,112,2020-07-04,3161,14,2526,Chhattisgarh,29436231
46,0,52,2020-07-05,3207,14,2578,Chhattisgarh,29436231
98,0,66,2020-07-06,3305,14,2644,Chhattisgarh,29436231
110,0,84,2020-07-07,3415,14,2728,Chhattisgarh,29436231
111,0,107,2020-07-08,3526,14,2835,Chhattisgarh,29436231
140,1,68,2020-07-09,3666,15,2903,Chhattisgarh,29436231
166,2,125,2020-07-10,3832,17,3028,Chhattisgarh,29436231
65,0,42,2020-07-11,3897,17,3070,Chhattisgarh,29436231
184,2,83,2020-07-12,4081,19,3153,Chhattisgarh,29436231
184,0,49,2020-07-13,4265,19,3202,Chhattisgarh,29436231
114,1,73,2020-07-14,4379,20,3275,Chhattisgarh,29436231
177,0,49,2020-07-15,4556,20,3324,Chhattisgarh,29436231
198,1,127,2020-07-16,4754,21,3451,Chhattisgarh,29436231
249,3,61,2020-07-17,5003,24,3512,Chhattisgarh,29436231
243,0,146,2020-07-18,5246,24,3658,Chhattisgarh,29436231
161,0,117,2020-07-19,5407,24,3775,Chhattisgarh,29436231
191,4,169,2020-07-20,5598,28,3944,Chhattisgarh,29436231
133,1,170,2020-07-21,5731,29,4114,Chhattisgarh,29436231
268,0,116,2020-07-22,5999,29,4230,Chhattisgarh,29436231
371,5,157,2020-07-23,6370,34,4387,Chhattisgarh,29436231
449,2,180,2020-07-24,6819,36,4567,Chhattisgarh,29436231
363,3,116,2020-07-25,7182,39,4683,Chhattisgarh,29436231
431,4,261,2020-07-26,7613,43,4944,Chhattisgarh,29436231
367,2,228,2020-07-27,7980,45,5172,Chhattisgarh,29436231
306,1,267,2020-07-28,8286,46,5439,Chhattisgarh,29436231
314,4,197,2020-07-29,8600,50,5636,Chhattisgarh,29436231
256,1,285,2020-07-30,8856,51,5921,Chhattisgarh,29436231
336,3,309,2020-07-31,9192,54,6230,Chhattisgarh,29436231
235,1,380,2020-08-01,9427,55,6610,Chhattisgarh,29436231
181,3,381,2020-08-02,9608,58,6991,Chhattisgarh,29436231
212,3,265,2020-08-03,9820,61,7256,Chhattisgarh,29436231
382,8,357,2020-08-04,10202,69,7613,Chhattisgarh,29436231
295,2,258,2020-08-05,10497,71,7871,Chhattisgarh,29436231
523,6,217,2020-08-06,11020,77,8088,Chhattisgarh,29436231
388,10,231,2020-08-07,11408,87,8319,Chhattisgarh,29436231
447,3,263,2020-08-08,11855,90,8582,Chhattisgarh,29436231
293,6,227,2020-08-09,12148,96,8809,Chhattisgarh,29436231
477,3,208,2020-08-10,12625,99,9017,Chhattisgarh,29436231
360,5,222,2020-08-11,12985,104,9239,Chhattisgarh,29436231
567,5,269,2020-08-12,13552,109,9508,Chhattisgarh,29436231
478,8,150,2020-08-13,14030,117,9658,Chhattisgarh,29436231
529,13,199,2020-08-14,14559,130,9857,Chhattisgarh,29436231
486,4,189,2020-08-15,15045,134,10046,Chhattisgarh,29436231
576,8,189,2020-08-16,15621,142,10235,Chhattisgarh,29436231
404,8,363,2020-08-17,16025,150,10598,Chhattisgarh,29436231
808,8,249,2020-08-18,16833,158,10847,Chhattisgarh,29436231
752,6,338,2020-08-19,17585,164,11185,Chhattisgarh,29436231
1052,8,554,2020-08-20,18637,172,11739,Chhattisgarh,29436231
873,8,283,2020-08-21,19510,180,12022,Chhattisgarh,29436231
704,10,372,2020-08-22,20214,190,12394,Chhattisgarh,29436231
704,7,537,2020-08-23,20918,197,12931,Chhattisgarh,29436231
1136,9,493,2020-08-24,22054,206,13424,Chhattisgarh,29436231
1287,15,308,2020-08-25,23341,221,13732,Chhattisgarh,29436231
1209,10,413,2020-08-26,24550,231,14145,Chhattisgarh,29436231
1438,14,462,2020-08-27,25988,245,14607,Chhattisgarh,29436231
1245,6,502,2020-08-28,27233,251,15109,Chhattisgarh,29436231
1513,11,709,2020-08-29,28746,262,15818,Chhattisgarh,29436231
1346,7,485,2020-08-30,30092,269,16303,Chhattisgarh,29436231
1411,8,686,2020-08-31,31503,277,16989,Chhattisgarh,29436231
1884,10,578,2020-09-01,33387,287,17567,Chhattisgarh,29436231
2296,12,653,2020-09-02,35683,299,18220,Chhattisgarh,29436231
2284,16,730,2020-09-03,37967,315,18950,Chhattisgarh,29436231
2667,22,658,2020-09-04,40634,337,19608,Chhattisgarh,29436231
2529,19,879,2020-09-05,43163,356,20487,Chhattisgarh,29436231
2100,24,711,2020-09-06,45263,380,21198,Chhattisgarh,29436231
2017,15,979,2020-09-07,47280,395,22177,Chhattisgarh,29436231
2834,12,615,2020-09-08,50114,407,22792,Chhattisgarh,29436231
2818,70,1146,2020-09-09,52932,477,23938,Chhattisgarh,29436231
2748,16,1917,2020-09-10,55680,493,25855,Chhattisgarh,29436231
2963,25,1268,2020-09-11,58643,518,27123,Chhattisgarh,29436231
3120,21,855,2020-09-12,61763,539,27978,Chhattisgarh,29436231
2228,16,3953,2020-09-13,63991,555,31931,Chhattisgarh,29436231
3336,18,1178,2020-09-14,67327,573,33109,Chhattisgarh,29436231
3450,15,1129,2020-09-15,70777,588,34238,Chhattisgarh,29436231
3189,23,1647,2020-09-16,73966,611,35885,Chhattisgarh,29436231
3809,17,5226,2020-09-17,77775,628,41111,Chhattisgarh,29436231
3842,17,3281,2020-09-18,81617,645,44392,Chhattisgarh,29436231
2617,19,1689,2020-09-19,84234,664,46081,Chhattisgarh,29436231
1949,13,1572,2020-09-20,86183,677,47653,Chhattisgarh,29436231
1998,13,1911,2020-09-21,88181,690,49564,Chhattisgarh,29436231
2736,28,2437,2020-09-22,90917,718,52001,Chhattisgarh,29436231
2434,10,4772,2020-09-23,93351,728,56773,Chhattisgarh,29436231
2272,24,2060,2020-09-24,95623,752,58833,Chhattisgarh,29436231
2942,25,8027,2020-09-25,98565,777,66860,Chhattisgarh,29436231
3896,40,4095,2020-09-26,102461,817,70955,Chhattisgarh,29436231
2272,31,1269,2020-09-27,104733,848,72224,Chhattisgarh,29436231
3725,29,2313,2020-09-28,108458,877,74537,Chhattisgarh,29436231
2197,39,3977,2020-09-29,110655,916,78514,Chhattisgarh,29436231
2947,41,3204,2020-09-30,113602,957,81718,Chhattisgarh,29436231
2551,29,2981,2020-10-01,116153,986,84699,Chhattisgarh,29436231
2637,16,3396,2020-10-02,118790,1002,88095,Chhattisgarh,29436231
2610,29,2982,2020-10-03,121400,1031,91077,Chhattisgarh,29436231
1924,14,2654,2020-10-04,123324,1045,93731,Chhattisgarh,29436231
2681,36,3336,2020-10-05,126005,1081,97067,Chhattisgarh,29436231
2888,23,3484,2020-10-06,128893,1104,100551,Chhattisgarh,29436231
2846,30,3277,2020-10-07,131739,1134,103828,Chhattisgarh,29436231
2873,24,2199,2020-10-08,134612,1158,106027,Chhattisgarh,29436231
2958,38,2908,2020-10-09,137570,1196,108935,Chhattisgarh,29436231
2688,39,2719,2020-10-10,140258,1235,111654,Chhattisgarh,29436231
2114,18,2117,2020-10-11,142372,1253,113771,Chhattisgarh,29436231
2875,33,2769,2020-10-12,145247,1286,116540,Chhattisgarh,29436231
2619,20,2810,2020-10-13,147866,1306,119350,Chhattisgarh,29436231
2830,33,2198,2020-10-14,150696,1339,121548,Chhattisgarh,29436231
2819,46,2395,2020-10-15,153515,1385,123943,Chhattisgarh,29436231
2472,40,2926,2020-10-16,155987,1425,126869,Chhattisgarh,29436231
2515,14,3014,2020-10-17,158502,1439,129883,Chhattisgarh,29436231
1894,39,2285,2020-10-18,160396,1478,132168,Chhattisgarh,29436231
2376,56,3091,2020-10-19,162772,1534,135259,Chhattisgarh,29436231
2507,50,2727,2020-10-20,165279,1584,137986,Chhattisgarh,29436231
2360,44,2230,2020-10-21,167639,1628,140216,Chhattisgarh,29436231
2491,52,2996,2020-10-22,170130,1680,143212,Chhattisgarh,29436231
0,0,0,2020-03-14,0,0,0,Dadra & Nagar Haveli and Daman & Diu,615724
0,0,0,2020-03-15,0,0,0,Dadra & Nagar Haveli and Daman & Diu,615724
0,0,0,2020-03-16,0,0,0,Dadra & Nagar Haveli and Daman & Diu,615724
0,0,0,2020-03-17,0,0,0,Dadra & Nagar Haveli and Daman & Diu,615724
0,0,0,2020-03-18,0,0,0,Dadra & Nagar Haveli and Daman & Diu,615724
0,0,0,2020-03-19,0,0,0,Dadra & Nagar Haveli and Daman & Diu,615724
0,0,0,2020-03-20,0,0,0,Dadra & Nagar Haveli and Daman & Diu,615724
0,0,0,2020-03-21,0,0,0,Dadra & Nagar Haveli and Daman & Diu,615724
0,0,0,2020-03-22,0,0,0,Dadra & Nagar Haveli and Daman & Diu,615724
0,0,0,2020-03-23,0,0,0,Dadra & Nagar Haveli and Daman & Diu,615724
0,0,0,2020-03-24,0,0,0,Dadra & Nagar Haveli and Daman & Diu,615724
0,0,0,2020-03-25,0,0,0,Dadra & Nagar Haveli and Daman & Diu,615724
0,0,0,2020-03-26,0,0,0,Dadra & Nagar Haveli and Daman & Diu,615724
0,0,0,2020-03-27,0,0,0,Dadra & Nagar Haveli and Daman & Diu,615724
0,0,0,2020-03-28,0,0,0,Dadra & Nagar Haveli and Daman & Diu,615724
0,0,0,2020-03-29,0,0,0,Dadra & Nagar Haveli and Daman & Diu,615724
0,0,0,2020-03-30,0,0,0,Dadra & Nagar Haveli and Daman & Diu,615724
0,0,0,2020-03-31,0,0,0,Dadra & Nagar Haveli and Daman & Diu,615724
0,0,0,2020-04-01,0,0,0,Dadra & Nagar Haveli and Daman & Diu,615724
0,0,0,2020-04-02,0,0,0,Dadra & Nagar Haveli and Daman & Diu,615724
0,0,0,2020-04-03,0,0,0,Dadra & Nagar Haveli and Daman & Diu,615724
0,0,0,2020-04-04,0,0,0,Dadra & Nagar Haveli and Daman & Diu,615724
0,0,0,2020-04-05,0,0,0,Dadra & Nagar Haveli and Daman & Diu,615724
0,0,0,2020-04-06,0,0,0,Dadra & Nagar Haveli and Daman & Diu,615724
0,0,0,2020-04-07,0,0,0,Dadra & Nagar Haveli and Daman & Diu,615724
0,0,0,2020-04-08,0,0,0,Dadra & Nagar Haveli and Daman & Diu,615724
0,0,0,2020-04-09,0,0,0,Dadra & Nagar Haveli and Daman & Diu,615724
0,0,0,2020-04-10,0,0,0,Dadra & Nagar Haveli and Daman & Diu,615724
0,0,0,2020-04-11,0,0,0,Dadra & Nagar Haveli and Daman & Diu,615724
0,0,0,2020-04-12,0,0,0,Dadra & Nagar Haveli and Daman & Diu,615724
0,0,0,2020-04-13,0,0,0,Dadra & Nagar Haveli and Daman & Diu,615724
0,0,0,2020-04-14,0,0,0,Dadra & Nagar Haveli and Daman & Diu,615724
0,0,0,2020-04-15,0,0,0,Dadra & Nagar Haveli and Daman & Diu,615724
0,0,0,2020-04-16,0,0,0,Dadra & Nagar Haveli and Daman & Diu,615724
0,0,0,2020-04-17,0,0,0,Dadra & Nagar Haveli and Daman & Diu,615724
0,0,0,2020-04-18,0,0,0,Dadra & Nagar Haveli and Daman & Diu,615724
0,0,0,2020-04-19,0,0,0,Dadra & Nagar Haveli and Daman & Diu,615724
0,0,0,2020-04-20,0,0,0,Dadra & Nagar Haveli and Daman & Diu,615724
0,0,0,2020-04-21,0,0,0,Dadra & Nagar Haveli and Daman & Diu,615724
0,0,0,2020-04-22,0,0,0,Dadra & Nagar Haveli and Daman & Diu,615724
0,0,0,2020-04-23,0,0,0,Dadra & Nagar Haveli and Daman & Diu,615724
0,0,0,2020-04-24,0,0,0,Dadra & Nagar Haveli and Daman & Diu,615724
0,0,0,2020-04-25,0,0,0,Dadra & Nagar Haveli and Daman & Diu,615724
0,0,0,2020-04-26,0,0,0,Dadra & Nagar Haveli and Daman & Diu,615724
0,0,0,2020-04-27,0,0,0,Dadra & Nagar Haveli and Daman & Diu,615724
0,0,0,2020-04-28,0,0,0,Dadra & Nagar Haveli and Daman & Diu,615724
0,0,0,2020-04-29,0,0,0,Dadra & Nagar Haveli and Daman & Diu,615724
0,0,0,2020-04-30,0,0,0,Dadra & Nagar Haveli and Daman & Diu,615724
0,0,0,2020-05-01,0,0,0,Dadra & Nagar Haveli and Daman & Diu,615724
0,0,0,2020-05-02,0,0,0,Dadra & Nagar Haveli and Daman & Diu,615724
0,0,0,2020-05-03,0,0,0,Dadra & Nagar Haveli and Daman & Diu,615724
0,0,0,2020-05-04,0,0,0,Dadra & Nagar Haveli and Daman & Diu,615724
0,0,0,2020-05-05,0,0,0,Dadra & Nagar Haveli and Daman & Diu,615724
1,0,0,2020-05-05,1,0,0,Dadra & Nagar Haveli and Daman & Diu,615724
0,0,0,2020-05-06,1,0,0,Dadra & Nagar Haveli and Daman & Diu,615724
0,0,0,2020-05-07,1,0,0,Dadra & Nagar Haveli and Daman & Diu,615724
0,0,0,2020-05-08,1,0,0,Dadra & Nagar Haveli and Daman & Diu,615724
0,0,0,2020-05-09,1,0,0,Dadra & Nagar Haveli and Daman & Diu,615724
0,0,0,2020-05-10,1,0,0,Dadra & Nagar Haveli and Daman & Diu,615724
0,0,0,2020-05-11,1,0,0,Dadra & Nagar Haveli and Daman & Diu,615724
0,0,0,2020-05-12,1,0,0,Dadra & Nagar Haveli and Daman & Diu,615724
0,0,1,2020-05-12,1,0,1,Dadra & Nagar Haveli and Daman & Diu,615724
0,0,0,2020-05-13,1,0,1,Dadra & Nagar Haveli and Daman & Diu,615724
0,0,0,2020-05-14,1,0,1,Dadra & Nagar Haveli and Daman & Diu,615724
0,0,0,2020-05-15,1,0,1,Dadra & Nagar Haveli and Daman & Diu,615724
0,0,0,2020-05-16,1,0,1,Dadra & Nagar Haveli and Daman & Diu,615724
0,0,0,2020-05-17,1,0,1,Dadra & Nagar Haveli and Daman & Diu,615724
0,0,0,2020-05-18,1,0,1,Dadra & Nagar Haveli and Daman & Diu,615724
0,0,0,2020-05-19,1,0,1,Dadra & Nagar Haveli and Daman & Diu,615724
0,0,0,2020-05-20,1,0,1,Dadra & Nagar Haveli and Daman & Diu,615724
0,0,0,2020-05-21,1,0,1,Dadra & Nagar Haveli and Daman & Diu,615724
0,0,0,2020-05-22,1,0,1,Dadra & Nagar Haveli and Daman & Diu,615724
0,0,0,2020-05-23,1,0,1,Dadra & Nagar Haveli and Daman & Diu,615724
1,0,0,2020-05-23,2,0,1,Dadra & Nagar Haveli and Daman & Diu,615724
0,0,0,2020-05-24,2,0,1,Dadra & Nagar Haveli and Daman & Diu,615724
0,0,0,2020-05-25,2,0,1,Dadra & Nagar Haveli and Daman & Diu,615724
0,0,0,2020-05-26,2,0,1,Dadra & Nagar Haveli and Daman & Diu,615724
0,0,0,2020-05-27,2,0,1,Dadra & Nagar Haveli and Daman & Diu,615724
0,0,0,2020-05-28,2,0,1,Dadra & Nagar Haveli and Daman & Diu,615724
0,0,0,2020-05-29,2,0,1,Dadra & Nagar Haveli and Daman & Diu,615724
0,0,0,2020-05-30,2,0,1,Dadra & Nagar Haveli and Daman & Diu,615724
0,0,0,2020-05-31,2,0,1,Dadra & Nagar Haveli and Daman & Diu,615724
0,0,0,2020-06-01,2,0,1,Dadra & Nagar Haveli and Daman & Diu,615724
1,0,0,2020-06-01,3,0,1,Dadra & Nagar Haveli and Daman & Diu,615724
0,0,0,2020-06-02,3,0,1,Dadra & Nagar Haveli and Daman & Diu,615724
0,0,0,2020-06-03,3,0,1,Dadra & Nagar Haveli and Daman & Diu,615724
8,0,0,2020-06-03,11,0,1,Dadra & Nagar Haveli and Daman & Diu,615724
0,0,0,2020-06-04,11,0,1,Dadra & Nagar Haveli and Daman & Diu,615724
3,0,0,2020-06-04,14,0,1,Dadra & Nagar Haveli and Daman & Diu,615724
0,0,0,2020-06-05,14,0,1,Dadra & Nagar Haveli and Daman & Diu,615724
0,0,0,2020-06-06,14,0,1,Dadra & Nagar Haveli and Daman & Diu,615724
5,0,0,2020-06-06,19,0,1,Dadra & Nagar Haveli and Daman & Diu,615724
0,0,0,2020-06-07,19,0,1,Dadra & Nagar Haveli and Daman & Diu,615724
1,0,1,2020-06-07,20,0,2,Dadra & Nagar Haveli and Daman & Diu,615724
0,0,0,2020-06-08,20,0,2,Dadra & Nagar Haveli and Daman & Diu,615724
2,0,0,2020-06-08,22,0,2,Dadra & Nagar Haveli and Daman & Diu,615724
0,0,0,2020-06-09,22,0,2,Dadra & Nagar Haveli and Daman & Diu,615724
2,0,0,2020-06-09,24,0,2,Dadra & Nagar Haveli and Daman & Diu,615724
0,0,0,2020-06-10,24,0,2,Dadra & Nagar Haveli and Daman & Diu,615724
5,0,0,2020-06-10,29,0,2,Dadra & Nagar Haveli and Daman & Diu,615724
0,0,0,2020-06-11,29,0,2,Dadra & Nagar Haveli and Daman & Diu,615724
1,0,0,2020-06-11,30,0,2,Dadra & Nagar Haveli and Daman & Diu,615724
0,0,0,2020-06-12,30,0,2,Dadra & Nagar Haveli and Daman & Diu,615724
0,0,0,2020-06-13,30,0,2,Dadra & Nagar Haveli and Daman & Diu,615724
5,0,0,2020-06-13,35,0,2,Dadra & Nagar Haveli and Daman & Diu,615724
0,0,0,2020-06-14,35,0,2,Dadra & Nagar Haveli and Daman & Diu,615724
4,0,0,2020-06-14,39,0,2,Dadra & Nagar Haveli and Daman & Diu,615724
0,0,0,2020-06-15,39,0,2,Dadra & Nagar Haveli and Daman & Diu,615724
0,0,0,2020-06-16,39,0,2,Dadra & Nagar Haveli and Daman & Diu,615724
15,0,7,2020-06-16,54,0,9,Dadra & Nagar Haveli and Daman & Diu,615724
0,0,0,2020-06-17,54,0,9,Dadra & Nagar Haveli and Daman & Diu,615724
5,0,3,2020-06-17,59,0,12,Dadra & Nagar Haveli and Daman & Diu,615724
0,0,0,2020-06-18,59,0,12,Dadra & Nagar Haveli and Daman & Diu,615724
4,0,2,2020-06-18,63,0,14,Dadra & Nagar Haveli and Daman & Diu,615724
0,0,0,2020-06-19,63,0,14,Dadra & Nagar Haveli and Daman & Diu,615724
14,0,0,2020-06-19,77,0,14,Dadra & Nagar Haveli and Daman & Diu,615724
0,0,0,2020-06-20,77,0,14,Dadra & Nagar Haveli and Daman & Diu,615724
17,0,12,2020-06-20,94,0,26,Dadra & Nagar Haveli and Daman & Diu,615724
0,0,0,2020-06-21,94,0,26,Dadra & Nagar Haveli and Daman & Diu,615724
5,0,1,2020-06-21,99,0,27,Dadra & Nagar Haveli and Daman & Diu,615724
0,0,0,2020-06-22,99,0,27,Dadra & Nagar Haveli and Daman & Diu,615724
15,0,0,2020-06-22,114,0,27,Dadra & Nagar Haveli and Daman & Diu,615724
0,0,0,2020-06-23,114,0,27,Dadra & Nagar Haveli and Daman & Diu,615724
9,0,0,2020-06-23,123,0,27,Dadra & Nagar Haveli and Daman & Diu,615724
0,0,0,2020-06-24,123,0,27,Dadra & Nagar Haveli and Daman & Diu,615724
13,0,3,2020-06-24,136,0,30,Dadra & Nagar Haveli and Daman & Diu,615724
0,0,0,2020-06-25,136,0,30,Dadra & Nagar Haveli and Daman & Diu,615724
20,0,8,2020-06-25,156,0,38,Dadra & Nagar Haveli and Daman & Diu,615724
0,0,0,2020-06-26,156,0,38,Dadra & Nagar Haveli and Daman & Diu,615724
15,0,12,2020-06-26,171,0,50,Dadra & Nagar Haveli and Daman & Diu,615724
0,0,0,2020-06-27,171,0,50,Dadra & Nagar Haveli and Daman & Diu,615724
15,0,6,2020-06-27,186,0,56,Dadra & Nagar Haveli and Daman & Diu,615724
0,0,0,2020-06-28,186,0,56,Dadra & Nagar Haveli and Daman & Diu,615724
4,0,13,2020-06-28,190,0,69,Dadra & Nagar Haveli and Daman & Diu,615724
0,0,0,2020-06-29,190,0,69,Dadra & Nagar Haveli and Daman & Diu,615724
15,0,6,2020-06-29,205,0,75,Dadra & Nagar Haveli and Daman & Diu,615724
0,0,0,2020-06-30,205,0,75,Dadra & Nagar Haveli and Daman & Diu,615724
10,0,7,2020-06-30,215,0,82,Dadra & Nagar Haveli and Daman & Diu,615724
0,0,0,2020-07-01,215,0,82,Dadra & Nagar Haveli and Daman & Diu,615724
16,0,27,2020-07-01,231,0,109,Dadra & Nagar Haveli and Daman & Diu,615724
0,0,0,2020-07-02,231,0,109,Dadra & Nagar Haveli and Daman & Diu,615724
25,0,3,2020-07-02,256,0,112,Dadra & Nagar Haveli and Daman & Diu,615724
0,0,0,2020-07-03,256,0,112,Dadra & Nagar Haveli and Daman & Diu,615724
50,0,21,2020-07-03,306,0,133,Dadra & Nagar Haveli and Daman & Diu,615724
0,0,0,2020-07-04,306,0,133,Dadra & Nagar Haveli and Daman & Diu,615724
37,0,9,2020-07-04,343,0,142,Dadra & Nagar Haveli and Daman & Diu,615724
0,0,0,2020-07-05,343,0,142,Dadra & Nagar Haveli and Daman & Diu,615724
32,0,17,2020-07-05,375,0,159,Dadra & Nagar Haveli and Daman & Diu,615724
0,0,0,2020-07-06,375,0,159,Dadra & Nagar Haveli and Daman & Diu,615724
27,0,16,2020-07-06,402,0,175,Dadra & Nagar Haveli and Daman & Diu,615724
0,0,0,2020-07-07,402,0,175,Dadra & Nagar Haveli and Daman & Diu,615724
27,1,10,2020-07-07,429,1,185,Dadra & Nagar Haveli and Daman & Diu,615724
0,0,0,2020-07-08,429,1,185,Dadra & Nagar Haveli and Daman & Diu,615724
15,0,11,2020-07-08,444,1,196,Dadra & Nagar Haveli and Daman & Diu,615724
0,0,0,2020-07-09,444,1,196,Dadra & Nagar Haveli and Daman & Diu,615724
14,0,10,2020-07-09,458,1,206,Dadra & Nagar Haveli and Daman & Diu,615724
0,0,0,2020-07-10,458,1,206,Dadra & Nagar Haveli and Daman & Diu,615724
14,0,19,2020-07-10,472,1,225,Dadra & Nagar Haveli and Daman & Diu,615724
0,0,0,2020-07-11,472,1,225,Dadra & Nagar Haveli and Daman & Diu,615724
14,0,12,2020-07-11,486,1,237,Dadra & Nagar Haveli and Daman & Diu,615724
0,0,0,2020-07-12,486,1,237,Dadra & Nagar Haveli and Daman & Diu,615724
16,0,31,2020-07-12,502,1,268,Dadra & Nagar Haveli and Daman & Diu,615724
0,0,0,2020-07-13,502,1,268,Dadra & Nagar Haveli and Daman & Diu,615724
25,0,42,2020-07-13,527,1,310,Dadra & Nagar Haveli and Daman & Diu,615724
0,0,0,2020-07-14,527,1,310,Dadra & Nagar Haveli and Daman & Diu,615724
16,0,33,2020-07-14,543,1,343,Dadra & Nagar Haveli and Daman & Diu,615724
0,0,0,2020-07-15,543,1,343,Dadra & Nagar Haveli and Daman & Diu,615724
17,1,28,2020-07-15,560,2,371,Dadra & Nagar Haveli and Daman & Diu,615724
0,0,0,2020-07-16,560,2,371,Dadra & Nagar Haveli and Daman & Diu,615724
18,0,21,2020-07-16,578,2,392,Dadra & Nagar Haveli and Daman & Diu,615724
0,0,0,2020-07-17,578,2,392,Dadra & Nagar Haveli and Daman & Diu,615724
32,0,22,2020-07-17,610,2,414,Dadra & Nagar Haveli and Daman & Diu,615724
0,0,0,2020-07-18,610,2,414,Dadra & Nagar Haveli and Daman & Diu,615724
45,0,22,2020-07-18,655,2,436,Dadra & Nagar Haveli and Daman & Diu,615724
0,0,0,2020-07-19,655,2,436,Dadra & Nagar Haveli and Daman & Diu,615724
37,0,14,2020-07-19,692,2,450,Dadra & Nagar Haveli and Daman & Diu,615724
0,0,0,2020-07-20,692,2,450,Dadra & Nagar Haveli and Daman & Diu,615724
21,0,15,2020-07-20,713,2,465,Dadra & Nagar Haveli and Daman & Diu,615724
0,0,0,2020-07-21,713,2,465,Dadra & Nagar Haveli and Daman & Diu,615724
28,0,10,2020-07-21,741,2,475,Dadra & Nagar Haveli and Daman & Diu,615724
0,0,0,2020-07-22,741,2,475,Dadra & Nagar Haveli and Daman & Diu,615724
36,0,15,2020-07-22,777,2,490,Dadra & Nagar Haveli and Daman & Diu,615724
0,0,0,2020-07-23,777,2,490,Dadra & Nagar Haveli and Daman & Diu,615724
45,0,23,2020-07-23,822,2,513,Dadra & Nagar Haveli and Daman & Diu,615724
0,0,0,2020-07-24,822,2,513,Dadra & Nagar Haveli and Daman & Diu,615724
44,0,18,2020-07-24,866,2,531,Dadra & Nagar Haveli and Daman & Diu,615724
0,0,0,2020-07-25,866,2,531,Dadra & Nagar Haveli and Daman & Diu,615724
37,0,13,2020-07-25,903,2,544,Dadra & Nagar Haveli and Daman & Diu,615724
0,0,0,2020-07-26,903,2,544,Dadra & Nagar Haveli and Daman & Diu,615724
49,0,21,2020-07-26,952,2,565,Dadra & Nagar Haveli and Daman & Diu,615724
0,0,0,2020-07-27,952,2,565,Dadra & Nagar Haveli and Daman & Diu,615724
36,0,32,2020-07-27,988,2,597,Dadra & Nagar Haveli and Daman & Diu,615724
0,0,0,2020-07-28,988,2,597,Dadra & Nagar Haveli and Daman & Diu,615724
44,0,51,2020-07-28,1032,2,648,Dadra & Nagar Haveli and Daman & Diu,615724
0,0,0,2020-07-29,1032,2,648,Dadra & Nagar Haveli and Daman & Diu,615724
38,0,19,2020-07-29,1070,2,667,Dadra & Nagar Haveli and Daman & Diu,615724
0,0,0,2020-07-30,1070,2,667,Dadra & Nagar Haveli and Daman & Diu,615724
35,0,17,2020-07-30,1105,2,684,Dadra & Nagar Haveli and Daman & Diu,615724
0,0,0,2020-07-31,1105,2,684,Dadra & Nagar Haveli and Daman & Diu,615724
46,0,41,2020-07-31,1151,2,725,Dadra & Nagar Haveli and Daman & Diu,615724
0,0,0,2020-08-01,1151,2,725,Dadra & Nagar Haveli and Daman & Diu,615724
45,0,30,2020-08-01,1196,2,755,Dadra & Nagar Haveli and Daman & Diu,615724
0,0,0,2020-08-02,1196,2,755,Dadra & Nagar Haveli and Daman & Diu,615724
55,0,49,2020-08-02,1251,2,804,Dadra & Nagar Haveli and Daman & Diu,615724
0,0,0,2020-08-03,1251,2,804,Dadra & Nagar Haveli and Daman & Diu,615724
35,0,62,2020-08-03,1286,2,866,Dadra & Nagar Haveli and Daman & Diu,615724
0,0,0,2020-08-04,1286,2,866,Dadra & Nagar Haveli and Daman & Diu,615724
43,0,54,2020-08-04,1329,2,920,Dadra & Nagar Haveli and Daman & Diu,615724
0,0,0,2020-08-05,1329,2,920,Dadra & Nagar Haveli and Daman & Diu,615724
45,0,41,2020-08-05,1374,2,961,Dadra & Nagar Haveli and Daman & Diu,615724
0,0,0,2020-08-06,1374,2,961,Dadra & Nagar Haveli and Daman & Diu,615724
43,0,36,2020-08-06,1417,2,997,Dadra & Nagar Haveli and Daman & Diu,615724
0,0,0,2020-08-07,1417,2,997,Dadra & Nagar Haveli and Daman & Diu,615724
44,0,41,2020-08-07,1461,2,1038,Dadra & Nagar Haveli and Daman & Diu,615724
0,0,0,2020-08-08,1461,2,1038,Dadra & Nagar Haveli and Daman & Diu,615724
51,0,51,2020-08-08,1512,2,1089,Dadra & Nagar Haveli and Daman & Diu,615724
0,0,0,2020-08-09,1512,2,1089,Dadra & Nagar Haveli and Daman & Diu,615724
45,0,28,2020-08-09,1557,2,1117,Dadra & Nagar Haveli and Daman & Diu,615724
0,0,0,2020-08-10,1557,2,1117,Dadra & Nagar Haveli and Daman & Diu,615724
62,0,50,2020-08-10,1619,2,1167,Dadra & Nagar Haveli and Daman & Diu,615724
0,0,0,2020-08-11,1619,2,1167,Dadra & Nagar Haveli and Daman & Diu,615724
39,0,41,2020-08-11,1658,2,1208,Dadra & Nagar Haveli and Daman & Diu,615724
0,0,0,2020-08-12,1658,2,1208,Dadra & Nagar Haveli and Daman & Diu,615724
39,0,35,2020-08-12,1697,2,1243,Dadra & Nagar Haveli and Daman & Diu,615724
0,0,0,2020-08-13,1697,2,1243,Dadra & Nagar Haveli and Daman & Diu,615724
46,0,38,2020-08-13,1743,2,1281,Dadra & Nagar Haveli and Daman & Diu,615724
0,0,0,2020-08-14,1743,2,1281,Dadra & Nagar Haveli and Daman & Diu,615724
41,0,31,2020-08-14,1784,2,1312,Dadra & Nagar Haveli and Daman & Diu,615724
0,0,0,2020-08-15,1784,2,1312,Dadra & Nagar Haveli and Daman & Diu,615724
64,0,72,2020-08-15,1848,2,1384,Dadra & Nagar Haveli and Daman & Diu,615724
0,0,0,2020-08-16,1848,2,1384,Dadra & Nagar Haveli and Daman & Diu,615724
35,0,47,2020-08-16,1883,2,1431,Dadra & Nagar Haveli and Daman & Diu,615724
0,0,0,2020-08-17,1883,2,1431,Dadra & Nagar Haveli and Daman & Diu,615724
27,0,49,2020-08-17,1910,2,1480,Dadra & Nagar Haveli and Daman & Diu,615724
0,0,0,2020-08-18,1910,2,1480,Dadra & Nagar Haveli and Daman & Diu,615724
51,0,39,2020-08-18,1961,2,1519,Dadra & Nagar Haveli and Daman & Diu,615724
0,0,0,2020-08-19,1961,2,1519,Dadra & Nagar Haveli and Daman & Diu,615724
37,0,48,2020-08-19,1998,2,1567,Dadra & Nagar Haveli and Daman & Diu,615724
0,0,0,2020-08-20,1998,2,1567,Dadra & Nagar Haveli and Daman & Diu,615724
34,0,46,2020-08-20,2032,2,1613,Dadra & Nagar Haveli and Daman & Diu,615724
0,0,0,2020-08-21,2032,2,1613,Dadra & Nagar Haveli and Daman & Diu,615724
53,0,39,2020-08-21,2085,2,1652,Dadra & Nagar Haveli and Daman & Diu,615724
0,0,0,2020-08-22,2085,2,1652,Dadra & Nagar Haveli and Daman & Diu,615724
40,0,50,2020-08-22,2125,2,1702,Dadra & Nagar Haveli and Daman & Diu,615724
0,0,0,2020-08-23,2125,2,1702,Dadra & Nagar Haveli and Daman & Diu,615724
36,0,42,2020-08-23,2161,2,1744,Dadra & Nagar Haveli and Daman & Diu,615724
0,0,0,2020-08-24,2161,2,1744,Dadra & Nagar Haveli and Daman & Diu,615724
18,0,39,2020-08-24,2179,2,1783,Dadra & Nagar Haveli and Daman & Diu,615724
0,0,0,2020-08-25,2179,2,1783,Dadra & Nagar Haveli and Daman & Diu,615724
21,0,33,2020-08-25,2200,2,1816,Dadra & Nagar Haveli and Daman & Diu,615724
0,0,0,2020-08-26,2200,2,1816,Dadra & Nagar Haveli and Daman & Diu,615724
22,0,41,2020-08-26,2222,2,1857,Dadra & Nagar Haveli and Daman & Diu,615724
0,0,0,2020-08-27,2222,2,1857,Dadra & Nagar Haveli and Daman & Diu,615724
42,0,56,2020-08-27,2264,2,1913,Dadra & Nagar Haveli and Daman & Diu,615724
0,0,0,2020-08-28,2264,2,1913,Dadra & Nagar Haveli and Daman & Diu,615724
31,0,47,2020-08-28,2295,2,1960,Dadra & Nagar Haveli and Daman & Diu,615724
0,0,0,2020-08-29,2295,2,1960,Dadra & Nagar Haveli and Daman & Diu,615724
15,0,29,2020-08-29,2310,2,1989,Dadra & Nagar Haveli and Daman & Diu,615724
0,0,0,2020-08-30,2310,2,1989,Dadra & Nagar Haveli and Daman & Diu,615724
32,0,53,2020-08-30,2342,2,2042,Dadra & Nagar Haveli and Daman & Diu,615724
0,0,0,2020-08-31,2342,2,2042,Dadra & Nagar Haveli and Daman & Diu,615724
27,0,39,2020-08-31,2369,2,2081,Dadra & Nagar Haveli and Daman & Diu,615724
0,0,0,2020-09-01,2369,2,2081,Dadra & Nagar Haveli and Daman & Diu,615724
19,0,41,2020-09-01,2388,2,2122,Dadra & Nagar Haveli and Daman & Diu,615724
0,0,0,2020-09-02,2388,2,2122,Dadra & Nagar Haveli and Daman & Diu,615724
44,0,17,2020-09-02,2432,2,2139,Dadra & Nagar Haveli and Daman & Diu,615724
0,0,0,2020-09-03,2432,2,2139,Dadra & Nagar Haveli and Daman & Diu,615724
29,0,20,2020-09-03,2461,2,2159,Dadra & Nagar Haveli and Daman & Diu,615724
0,0,0,2020-09-04,2461,2,2159,Dadra & Nagar Haveli and Daman & Diu,615724
51,0,43,2020-09-04,2512,2,2202,Dadra & Nagar Haveli and Daman & Diu,615724
0,0,0,2020-09-05,2512,2,2202,Dadra & Nagar Haveli and Daman & Diu,615724
21,0,28,2020-09-05,2533,2,2230,Dadra & Nagar Haveli and Daman & Diu,615724
0,0,0,2020-09-06,2533,2,2230,Dadra & Nagar Haveli and Daman & Diu,615724
38,0,27,2020-09-06,2571,2,2257,Dadra & Nagar Haveli and Daman & Diu,615724
0,0,0,2020-09-07,2571,2,2257,Dadra & Nagar Haveli and Daman & Diu,615724
15,0,20,2020-09-07,2586,2,2277,Dadra & Nagar Haveli and Daman & Diu,615724
0,0,0,2020-09-08,2586,2,2277,Dadra & Nagar Haveli and Daman & Diu,615724
27,0,32,2020-09-08,2613,2,2309,Dadra & Nagar Haveli and Daman & Diu,615724
0,0,0,2020-09-09,2613,2,2309,Dadra & Nagar Haveli and Daman & Diu,615724
26,0,24,2020-09-09,2639,2,2333,Dadra & Nagar Haveli and Daman & Diu,615724
0,0,0,2020-09-10,2639,2,2333,Dadra & Nagar Haveli and Daman & Diu,615724
28,0,29,2020-09-10,2667,2,2362,Dadra & Nagar Haveli and Daman & Diu,615724
0,0,0,2020-09-11,2667,2,2362,Dadra & Nagar Haveli and Daman & Diu,615724
25,0,39,2020-09-11,2692,2,2401,Dadra & Nagar Haveli and Daman & Diu,615724
0,0,0,2020-09-12,2692,2,2401,Dadra & Nagar Haveli and Daman & Diu,615724
29,0,30,2020-09-12,2721,2,2431,Dadra & Nagar Haveli and Daman & Diu,615724
0,0,0,2020-09-13,2721,2,2431,Dadra & Nagar Haveli and Daman & Diu,615724
20,0,44,2020-09-13,2741,2,2475,Dadra & Nagar Haveli and Daman & Diu,615724
0,0,0,2020-09-14,2741,2,2475,Dadra & Nagar Haveli and Daman & Diu,615724
24,0,30,2020-09-14,2765,2,2505,Dadra & Nagar Haveli and Daman & Diu,615724
0,0,0,2020-09-15,2765,2,2505,Dadra & Nagar Haveli and Daman & Diu,615724
18,0,32,2020-09-15,2783,2,2537,Dadra & Nagar Haveli and Daman & Diu,615724
0,0,0,2020-09-16,2783,2,2537,Dadra & Nagar Haveli and Daman & Diu,615724
27,0,23,2020-09-16,2810,2,2560,Dadra & Nagar Haveli and Daman & Diu,615724
0,0,0,2020-09-17,2810,2,2560,Dadra & Nagar Haveli and Daman & Diu,615724
21,0,33,2020-09-17,2831,2,2593,Dadra & Nagar Haveli and Daman & Diu,615724
0,0,0,2020-09-18,2831,2,2593,Dadra & Nagar Haveli and Daman & Diu,615724
28,0,31,2020-09-18,2859,2,2624,Dadra & Nagar Haveli and Daman & Diu,615724
0,0,0,2020-09-19,2859,2,2624,Dadra & Nagar Haveli and Daman & Diu,615724
28,0,28,2020-09-19,2887,2,2652,Dadra & Nagar Haveli and Daman & Diu,615724
0,0,0,2020-09-20,2887,2,2652,Dadra & Nagar Haveli and Daman & Diu,615724
37,0,16,2020-09-20,2924,2,2668,Dadra & Nagar Haveli and Daman & Diu,615724
0,0,0,2020-09-21,2924,2,2668,Dadra & Nagar Haveli and Daman & Diu,615724
9,0,16,2020-09-21,2933,2,2684,Dadra & Nagar Haveli and Daman & Diu,615724
0,0,0,2020-09-22,2933,2,2684,Dadra & Nagar Haveli and Daman & Diu,615724
11,0,30,2020-09-22,2944,2,2714,Dadra & Nagar Haveli and Daman & Diu,615724
0,0,0,2020-09-23,2944,2,2714,Dadra & Nagar Haveli and Daman & Diu,615724
18,0,9,2020-09-23,2962,2,2723,Dadra & Nagar Haveli and Daman & Diu,615724
0,0,0,2020-09-24,2962,2,2723,Dadra & Nagar Haveli and Daman & Diu,615724
15,0,26,2020-09-24,2977,2,2749,Dadra & Nagar Haveli and Daman & Diu,615724
0,0,0,2020-09-25,2977,2,2749,Dadra & Nagar Haveli and Daman & Diu,615724
12,0,19,2020-09-25,2989,2,2768,Dadra & Nagar Haveli and Daman & Diu,615724
0,0,0,2020-09-26,2989,2,2768,Dadra & Nagar Haveli and Daman & Diu,615724
7,0,25,2020-09-26,2996,2,2793,Dadra & Nagar Haveli and Daman & Diu,615724
0,0,0,2020-09-27,2996,2,2793,Dadra & Nagar Haveli and Daman & Diu,615724
6,0,16,2020-09-27,3002,2,2809,Dadra & Nagar Haveli and Daman & Diu,615724
0,0,0,2020-09-28,3002,2,2809,Dadra & Nagar Haveli and Daman & Diu,615724
10,0,30,2020-09-28,3012,2,2839,Dadra & Nagar Haveli and Daman & Diu,615724
0,0,0,2020-09-29,3012,2,2839,Dadra & Nagar Haveli and Daman & Diu,615724
20,0,33,2020-09-29,3032,2,2872,Dadra & Nagar Haveli and Daman & Diu,615724
0,0,0,2020-09-30,3032,2,2872,Dadra & Nagar Haveli and Daman & Diu,615724
8,0,19,2020-09-30,3040,2,2891,Dadra & Nagar Haveli and Daman & Diu,615724
0,0,0,2020-10-01,3040,2,2891,Dadra & Nagar Haveli and Daman & Diu,615724
14,0,10,2020-10-01,3054,2,2901,Dadra & Nagar Haveli and Daman & Diu,615724
0,0,0,2020-10-02,3054,2,2901,Dadra & Nagar Haveli and Daman & Diu,615724
7,0,20,2020-10-02,3061,2,2921,Dadra & Nagar Haveli and Daman & Diu,615724
0,0,0,2020-10-03,3061,2,2921,Dadra & Nagar Haveli and Daman & Diu,615724
7,0,8,2020-10-03,3068,2,2929,Dadra & Nagar Haveli and Daman & Diu,615724
0,0,0,2020-10-04,3068,2,2929,Dadra & Nagar Haveli and Daman & Diu,615724
17,0,11,2020-10-04,3085,2,2940,Dadra & Nagar Haveli and Daman & Diu,615724
0,0,0,2020-10-05,3085,2,2940,Dadra & Nagar Haveli and Daman & Diu,615724
5,0,8,2020-10-05,3090,2,2948,Dadra & Nagar Haveli and Daman & Diu,615724
0,0,0,2020-10-06,3090,2,2948,Dadra & Nagar Haveli and Daman & Diu,615724
11,0,9,2020-10-06,3101,2,2957,Dadra & Nagar Haveli and Daman & Diu,615724
0,0,0,2020-10-07,3101,2,2957,Dadra & Nagar Haveli and Daman & Diu,615724
17,0,11,2020-10-07,3118,2,2968,Dadra & Nagar Haveli and Daman & Diu,615724
0,0,0,2020-10-08,3118,2,2968,Dadra & Nagar Haveli and Daman & Diu,615724
11,0,15,2020-10-08,3129,2,2983,Dadra & Nagar Haveli and Daman & Diu,615724
0,0,0,2020-10-09,3129,2,2983,Dadra & Nagar Haveli and Daman & Diu,615724
8,0,12,2020-10-09,3137,2,2995,Dadra & Nagar Haveli and Daman & Diu,615724
0,0,0,2020-10-10,3137,2,2995,Dadra & Nagar Haveli and Daman & Diu,615724
12,0,13,2020-10-10,3149,2,3008,Dadra & Nagar Haveli and Daman & Diu,615724
0,0,0,2020-10-11,3149,2,3008,Dadra & Nagar Haveli and Daman & Diu,615724
11,0,9,2020-10-11,3160,2,3017,Dadra & Nagar Haveli and Daman & Diu,615724
0,0,0,2020-10-12,3160,2,3017,Dadra & Nagar Haveli and Daman & Diu,615724
5,0,5,2020-10-12,3165,2,3022,Dadra & Nagar Haveli and Daman & Diu,615724
0,0,0,2020-10-13,3165,2,3022,Dadra & Nagar Haveli and Daman & Diu,615724
0,0,17,2020-10-13,3165,2,3039,Dadra & Nagar Haveli and Daman & Diu,615724
0,0,0,2020-10-14,3165,2,3039,Dadra & Nagar Haveli and Daman & Diu,615724
3,0,9,2020-10-14,3168,2,3048,Dadra & Nagar Haveli and Daman & Diu,615724
0,0,0,2020-10-15,3168,2,3048,Dadra & Nagar Haveli and Daman & Diu,615724
1,0,8,2020-10-15,3169,2,3056,Dadra & Nagar Haveli and Daman & Diu,615724
0,0,0,2020-10-16,3169,2,3056,Dadra & Nagar Haveli and Daman & Diu,615724
5,0,11,2020-10-16,3174,2,3067,Dadra & Nagar Haveli and Daman & Diu,615724
0,0,0,2020-10-17,3174,2,3067,Dadra & Nagar Haveli and Daman & Diu,615724
3,0,10,2020-10-17,3177,2,3077,Dadra & Nagar Haveli and Daman & Diu,615724
0,0,0,2020-10-18,3177,2,3077,Dadra & Nagar Haveli and Daman & Diu,615724
3,0,8,2020-10-18,3180,2,3085,Dadra & Nagar Haveli and Daman & Diu,615724
0,0,0,2020-10-19,3180,2,3085,Dadra & Nagar Haveli and Daman & Diu,615724
2,0,13,2020-10-19,3182,2,3098,Dadra & Nagar Haveli and Daman & Diu,615724
0,0,0,2020-10-20,3182,2,3098,Dadra & Nagar Haveli and Daman & Diu,615724
9,0,13,2020-10-20,3191,2,3111,Dadra & Nagar Haveli and Daman & Diu,615724
0,0,0,2020-10-21,3191,2,3111,Dadra & Nagar Haveli and Daman & Diu,615724
13,0,8,2020-10-21,3204,2,3119,Dadra & Nagar Haveli and Daman & Diu,615724
0,0,0,2020-10-22,3204,2,3119,Dadra & Nagar Haveli and Daman & Diu,615724
2,0,1,2020-10-22,3206,2,3120,Dadra & Nagar Haveli and Daman & Diu,615724
7,1,1,2020-03-14,7,1,1,Delhi,18710922
0,0,1,2020-03-15,7,1,2,Delhi,18710922
0,0,0,2020-03-16,7,1,2,Delhi,18710922
1,0,0,2020-03-17,8,1,2,Delhi,18710922
2,0,0,2020-03-18,10,1,2,Delhi,18710922
4,0,1,2020-03-19,14,1,3,Delhi,18710922
6,0,2,2020-03-20,20,1,5,Delhi,18710922
7,0,0,2020-03-21,27,1,5,Delhi,18710922
0,0,0,2020-03-22,27,1,5,Delhi,18710922
3,0,0,2020-03-23,30,1,5,Delhi,18710922
0,0,1,2020-03-24,30,1,6,Delhi,18710922
5,0,0,2020-03-25,35,1,6,Delhi,18710922
1,0,0,2020-03-26,36,1,6,Delhi,18710922
4,0,0,2020-03-27,40,1,6,Delhi,18710922
9,0,0,2020-03-28,49,1,6,Delhi,18710922
23,1,0,2020-03-29,72,2,6,Delhi,18710922
25,0,0,2020-03-30,97,2,6,Delhi,18710922
23,0,0,2020-03-31,120,2,6,Delhi,18710922
32,0,0,2020-04-01,152,2,6,Delhi,18710922
141,2,2,2020-04-02,293,4,8,Delhi,18710922
93,2,0,2020-04-03,386,6,8,Delhi,18710922
59,0,8,2020-04-04,445,6,16,Delhi,18710922
58,1,0,2020-04-05,503,7,16,Delhi,18710922
22,0,0,2020-04-06,525,7,16,Delhi,18710922
51,2,4,2020-04-07,576,9,20,Delhi,18710922
93,0,1,2020-04-08,669,9,21,Delhi,18710922
51,3,4,2020-04-09,720,12,25,Delhi,18710922
183,2,2,2020-04-10,903,14,27,Delhi,18710922
166,5,0,2020-04-11,1069,19,27,Delhi,18710922
85,5,1,2020-04-12,1154,24,28,Delhi,18710922
356,4,3,2020-04-13,1510,28,31,Delhi,18710922
51,2,0,2020-04-14,1561,30,31,Delhi,18710922
17,2,10,2020-04-15,1578,32,41,Delhi,18710922
62,6,11,2020-04-16,1640,38,52,Delhi,18710922
67,4,20,2020-04-17,1707,42,72,Delhi,18710922
186,1,135,2020-04-18,1893,43,207,Delhi,18710922
110,2,83,2020-04-19,2003,45,290,Delhi,18710922
78,2,141,2020-04-20,2081,47,431,Delhi,18710922
75,0,180,2020-04-21,2156,47,611,Delhi,18710922
92,1,113,2020-04-22,2248,48,724,Delhi,18710922
128,2,84,2020-04-23,2376,50,808,Delhi,18710922
138,3,49,2020-04-24,2514,53,857,Delhi,18710922
111,1,12,2020-04-25,2625,54,869,Delhi,18710922
293,0,8,2020-04-26,2918,54,877,Delhi,18710922
190,0,0,2020-04-27,3108,54,877,Delhi,18710922
206,0,201,2020-04-28,3314,54,1078,Delhi,18710922
125,2,14,2020-04-29,3439,56,1092,Delhi,18710922
76,3,2,2020-04-30,3515,59,1094,Delhi,18710922
223,2,73,2020-05-01,3738,61,1167,Delhi,18710922
384,3,89,2020-05-02,4122,64,1256,Delhi,18710922
427,0,106,2020-05-03,4549,64,1362,Delhi,18710922
349,0,69,2020-05-04,4898,64,1431,Delhi,18710922
206,0,37,2020-05-05,5104,64,1468,Delhi,18710922
428,1,74,2020-05-06,5532,65,1542,Delhi,18710922
448,1,389,2020-05-07,5980,66,1931,Delhi,18710922
338,2,89,2020-05-08,6318,68,2020,Delhi,18710922
224,0,0,2020-05-09,6542,68,2020,Delhi,18710922
381,5,49,2020-05-10,6923,73,2069,Delhi,18710922
310,0,60,2020-05-11,7233,73,2129,Delhi,18710922
406,13,383,2020-05-12,7639,86,2512,Delhi,18710922
359,20,346,2020-05-13,7998,106,2858,Delhi,18710922
472,9,187,2020-05-14,8470,115,3045,Delhi,18710922
425,8,473,2020-05-15,8895,123,3518,Delhi,18710922
438,6,408,2020-05-16,9333,129,3926,Delhi,18710922
422,19,276,2020-05-17,9755,148,4202,Delhi,18710922
299,12,283,2020-05-18,10054,160,4485,Delhi,18710922
500,6,265,2020-05-19,10554,166,4750,Delhi,18710922
534,10,442,2020-05-20,11088,176,5192,Delhi,18710922
571,18,375,2020-05-21,11659,194,5567,Delhi,18710922
660,14,330,2020-05-22,12319,208,5897,Delhi,18710922
591,23,370,2020-05-23,12910,231,6267,Delhi,18710922
508,30,273,2020-05-24,13418,261,6540,Delhi,18710922
635,15,231,2020-05-25,14053,276,6771,Delhi,18710922
412,12,183,2020-05-26,14465,288,6954,Delhi,18710922
792,15,310,2020-05-27,15257,303,7264,Delhi,18710922
1024,13,231,2020-05-28,16281,316,7495,Delhi,18710922
1105,82,351,2020-05-29,17386,398,7846,Delhi,18710922
1163,18,229,2020-05-30,18549,416,8075,Delhi,18710922
1295,57,403,2020-05-31,19844,473,8478,Delhi,18710922
990,50,268,2020-06-01,20834,523,8746,Delhi,18710922
1298,33,497,2020-06-02,22132,556,9243,Delhi,18710922
1513,59,299,2020-06-03,23645,615,9542,Delhi,18710922
1359,44,356,2020-06-04,25004,659,9898,Delhi,18710922
1330,49,417,2020-06-05,26334,708,10315,Delhi,18710922
1320,53,349,2020-06-06,27654,761,10664,Delhi,18710922
1282,51,335,2020-06-07,28936,812,10999,Delhi,18710922
1007,62,358,2020-06-08,29943,874,11357,Delhi,18710922
1366,31,504,2020-06-09,31309,905,11861,Delhi,18710922
1501,79,384,2020-06-10,32810,984,12245,Delhi,18710922
1877,101,486,2020-06-11,34687,1085,12731,Delhi,18710922
2137,129,667,2020-06-12,36824,1214,13398,Delhi,18710922
2134,57,1547,2020-06-13,38958,1271,14945,Delhi,18710922
2224,56,878,2020-06-14,41182,1327,15823,Delhi,18710922
1647,73,604,2020-06-15,42829,1400,16427,Delhi,18710922
1859,437,73,2020-06-16,44688,1837,16500,Delhi,18710922
2414,67,957,2020-06-17,47102,1904,17457,Delhi,18710922
2877,65,3884,2020-06-18,49979,1969,21341,Delhi,18710922
3137,66,2228,2020-06-19,53116,2035,23569,Delhi,18710922
3630,77,7725,2020-06-20,56746,2112,31294,Delhi,18710922
3000,63,1719,2020-06-21,59746,2175,33013,Delhi,18710922
2909,58,3589,2020-06-22,62655,2233,36602,Delhi,18710922
3947,68,2711,2020-06-23,66602,2301,39313,Delhi,18710922
3788,64,2124,2020-06-24,70390,2365,41437,Delhi,18710922
3390,64,3328,2020-06-25,73780,2429,44765,Delhi,18710922
3460,63,2326,2020-06-26,77240,2492,47091,Delhi,18710922
2948,66,2210,2020-06-27,80188,2558,49301,Delhi,18710922
2889,65,3306,2020-06-28,83077,2623,52607,Delhi,18710922
2084,57,3628,2020-06-29,85161,2680,56235,Delhi,18710922
2199,62,2113,2020-06-30,87360,2742,58348,Delhi,18710922
2442,61,1644,2020-07-01,89802,2803,59992,Delhi,18710922
2373,61,3015,2020-07-02,92175,2864,63007,Delhi,18710922
2520,59,2617,2020-07-03,94695,2923,65624,Delhi,18710922
2505,81,2632,2020-07-04,97200,3004,68256,Delhi,18710922
2244,63,3083,2020-07-05,99444,3067,71339,Delhi,18710922
1379,48,749,2020-07-06,100823,3115,72088,Delhi,18710922
2008,50,2129,2020-07-07,102831,3165,74217,Delhi,18710922
2033,48,3982,2020-07-08,104864,3213,78199,Delhi,18710922
2187,45,4027,2020-07-09,107051,3258,82226,Delhi,18710922
2089,42,2468,2020-07-10,109140,3300,84694,Delhi,18710922
1781,34,2998,2020-07-11,110921,3334,87692,Delhi,18710922
1573,37,2276,2020-07-12,112494,3371,89968,Delhi,18710922
1246,40,1344,2020-07-13,113740,3411,91312,Delhi,18710922
1606,35,1924,2020-07-14,115346,3446,93236,Delhi,18710922
1647,41,2463,2020-07-15,116993,3487,95699,Delhi,18710922
1652,58,1994,2020-07-16,118645,3545,97693,Delhi,18710922
1462,26,1608,2020-07-17,120107,3571,99301,Delhi,18710922
1475,26,1973,2020-07-18,121582,3597,101274,Delhi,18710922
1211,31,1860,2020-07-19,122793,3628,103134,Delhi,18710922
954,35,1784,2020-07-20,123747,3663,104918,Delhi,18710922
1349,27,1200,2020-07-21,125096,3690,106118,Delhi,18710922
1227,29,1532,2020-07-22,126323,3719,107650,Delhi,18710922
1041,26,1415,2020-07-23,127364,3745,109065,Delhi,18710922
1025,32,1866,2020-07-24,128389,3777,110931,Delhi,18710922
1142,29,2137,2020-07-25,129531,3806,113068,Delhi,18710922
1075,21,1807,2020-07-26,130606,3827,114875,Delhi,18710922
613,26,1497,2020-07-27,131219,3853,116372,Delhi,18710922
1056,28,1135,2020-07-28,132275,3881,117507,Delhi,18710922
1035,26,1126,2020-07-29,133310,3907,118633,Delhi,18710922
1093,29,1091,2020-07-30,134403,3936,119724,Delhi,18710922
1195,27,1206,2020-07-31,135598,3963,120930,Delhi,18710922
1118,26,1201,2020-08-01,136716,3989,122131,Delhi,18710922
961,15,1186,2020-08-02,137677,4004,123317,Delhi,18710922
805,17,937,2020-08-03,138482,4021,124254,Delhi,18710922
674,12,972,2020-08-04,139156,4033,125226,Delhi,18710922
1076,11,890,2020-08-05,140232,4044,126116,Delhi,18710922
1299,15,1008,2020-08-06,141531,4059,127124,Delhi,18710922
1192,23,1108,2020-08-07,142723,4082,128232,Delhi,18710922
1404,16,1130,2020-08-08,144127,4098,129362,Delhi,18710922
1300,13,1225,2020-08-09,145427,4111,130587,Delhi,18710922
707,20,1070,2020-08-10,146134,4131,131657,Delhi,18710922
1257,8,727,2020-08-11,147391,4139,132384,Delhi,18710922
1113,14,1021,2020-08-12,148504,4153,133405,Delhi,18710922
956,14,913,2020-08-13,149460,4167,134318,Delhi,18710922
1192,11,790,2020-08-14,150652,4178,135108,Delhi,18710922
1276,10,1143,2020-08-15,151928,4188,136251,Delhi,18710922
652,8,1310,2020-08-16,152580,4196,137561,Delhi,18710922
787,18,740,2020-08-17,153367,4214,138301,Delhi,18710922
1374,12,1146,2020-08-18,154741,4226,139447,Delhi,18710922
1398,9,1320,2020-08-19,156139,4235,140767,Delhi,18710922
1215,22,1059,2020-08-20,157354,4257,141826,Delhi,18710922
1250,13,1082,2020-08-21,158604,4270,142908,Delhi,18710922
1412,14,1230,2020-08-22,160016,4284,144138,Delhi,18710922
1450,16,1250,2020-08-23,161466,4300,145388,Delhi,18710922
1061,13,1200,2020-08-24,162527,4313,146588,Delhi,18710922
1544,17,1155,2020-08-25,164071,4330,147743,Delhi,18710922
1693,17,1154,2020-08-26,165764,4347,148897,Delhi,18710922
1840,22,1130,2020-08-27,167604,4369,150027,Delhi,18710922
1808,20,1446,2020-08-28,169412,4389,151473,Delhi,18710922
1954,15,1449,2020-08-29,171366,4404,152922,Delhi,18710922
2024,22,1249,2020-08-30,173390,4426,154171,Delhi,18710922
1358,18,1507,2020-08-31,174748,4444,155678,Delhi,18710922
2312,18,1050,2020-09-01,177060,4462,156728,Delhi,18710922
2509,19,1858,2020-09-02,179569,4481,158586,Delhi,18710922
2737,19,1528,2020-09-03,182306,4500,160114,Delhi,18710922
2914,13,1751,2020-09-04,185220,4513,161865,Delhi,18710922
2973,25,1920,2020-09-05,188193,4538,163785,Delhi,18710922
3256,29,2188,2020-09-06,191449,4567,165973,Delhi,18710922
2077,32,2411,2020-09-07,193526,4599,168384,Delhi,18710922
3609,19,1756,2020-09-08,197135,4618,170140,Delhi,18710922
4039,20,2623,2020-09-09,201174,4638,172763,Delhi,18710922
4308,28,2637,2020-09-10,205482,4666,175400,Delhi,18710922
4266,21,2754,2020-09-11,209748,4687,178154,Delhi,18710922
4321,28,3141,2020-09-12,214069,4715,181295,Delhi,18710922
4235,29,3403,2020-09-13,218304,4744,184698,Delhi,18710922
3229,26,3374,2020-09-14,221533,4770,188072,Delhi,18710922
4263,36,3131,2020-09-15,225796,4806,191203,Delhi,18710922
4473,33,3313,2020-09-16,230269,4839,194516,Delhi,18710922
4432,38,3587,2020-09-17,234701,4877,198103,Delhi,18710922
4127,30,3568,2020-09-18,238828,4907,201671,Delhi,18710922
4071,38,4219,2020-09-19,242899,4945,205890,Delhi,18710922
3812,37,3742,2020-09-20,246711,4982,209632,Delhi,18710922
2548,32,3672,2020-09-21,249259,5014,213304,Delhi,18710922
3816,37,3097,2020-09-22,253075,5051,216401,Delhi,18710922
3714,36,4465,2020-09-23,256789,5087,220866,Delhi,18710922
3834,36,3509,2020-09-24,260623,5123,224375,Delhi,18710922
3827,24,4061,2020-09-25,264450,5147,228436,Delhi,18710922
3372,46,4476,2020-09-26,267822,5193,232912,Delhi,18710922
3292,42,3739,2020-09-27,271114,5235,236651,Delhi,18710922
1984,37,4052,2020-09-28,273098,5272,240703,Delhi,18710922
3227,48,2778,2020-09-29,276325,5320,243481,Delhi,18710922
3390,41,3965,2020-09-30,279715,5361,247446,Delhi,18710922
3037,40,3167,2020-10-01,282752,5401,250613,Delhi,18710922
2920,37,3171,2020-10-02,285672,5438,253784,Delhi,18710922
2258,34,3440,2020-10-03,287930,5472,257224,Delhi,18710922
2683,38,3126,2020-10-04,290613,5510,260350,Delhi,18710922
1947,32,3588,2020-10-05,292560,5542,263938,Delhi,18710922
2676,39,2997,2020-10-06,295236,5581,266935,Delhi,18710922
2871,35,3370,2020-10-07,298107,5616,270305,Delhi,18710922
2726,37,2643,2020-10-08,300833,5653,272948,Delhi,18710922
2860,39,3098,2020-10-09,303693,5692,276046,Delhi,18710922
2866,48,2766,2020-10-10,306559,5740,278812,Delhi,18710922
2780,29,3057,2020-10-11,309339,5769,281869,Delhi,18710922
1849,40,2975,2020-10-12,311188,5809,284844,Delhi,18710922
3036,45,2036,2020-10-13,314224,5854,286880,Delhi,18710922
3324,44,2867,2020-10-14,317548,5898,289747,Delhi,18710922
3483,26,2755,2020-10-15,321031,5924,292502,Delhi,18710922
3428,22,3197,2020-10-16,324459,5946,295699,Delhi,18710922
3259,35,3154,2020-10-17,327718,5981,298853,Delhi,18710922
3299,28,2863,2020-10-18,331017,6009,301716,Delhi,18710922
2154,31,2845,2020-10-19,333171,6040,304561,Delhi,18710922
3579,41,2186,2020-10-20,336750,6081,306747,Delhi,18710922
3686,47,3444,2020-10-21,340436,6128,310191,Delhi,18710922
3882,35,2727,2020-10-22,344318,6163,312918,Delhi,18710922
0,0,0,2020-03-14,0,0,0,Goa,1586250
0,0,0,2020-03-15,0,0,0,Goa,1586250
0,0,0,2020-03-16,0,0,0,Goa,1586250
0,0,0,2020-03-17,0,0,0,Goa,1586250
0,0,0,2020-03-18,0,0,0,Goa,1586250
0,0,0,2020-03-19,0,0,0,Goa,1586250
0,0,0,2020-03-20,0,0,0,Goa,1586250
0,0,0,2020-03-21,0,0,0,Goa,1586250
0,0,0,2020-03-22,0,0,0,Goa,1586250
0,0,0,2020-03-23,0,0,0,Goa,1586250
0,0,0,2020-03-24,0,0,0,Goa,1586250
3,0,0,2020-03-25,3,0,0,Goa,1586250
0,0,0,2020-03-26,3,0,0,Goa,1586250
0,0,0,2020-03-27,3,0,0,Goa,1586250
0,0,0,2020-03-28,3,0,0,Goa,1586250
2,0,0,2020-03-29,5,0,0,Goa,1586250
0,0,0,2020-03-30,5,0,0,Goa,1586250
0,0,0,2020-03-31,5,0,0,Goa,1586250
0,0,0,2020-04-01,5,0,0,Goa,1586250
0,0,0,2020-04-02,5,0,0,Goa,1586250
1,0,0,2020-04-03,6,0,0,Goa,1586250
1,0,0,2020-04-04,7,0,0,Goa,1586250
0,0,0,2020-04-05,7,0,0,Goa,1586250
0,0,0,2020-04-06,7,0,0,Goa,1586250
0,0,0,2020-04-07,7,0,0,Goa,1586250
0,0,0,2020-04-08,7,0,0,Goa,1586250
0,0,0,2020-04-09,7,0,0,Goa,1586250
0,0,1,2020-04-10,7,0,1,Goa,1586250
0,0,4,2020-04-11,7,0,5,Goa,1586250
0,0,0,2020-04-12,7,0,5,Goa,1586250
0,0,0,2020-04-13,7,0,5,Goa,1586250
0,0,0,2020-04-14,7,0,5,Goa,1586250
0,0,1,2020-04-15,7,0,6,Goa,1586250
0,0,0,2020-04-16,7,0,6,Goa,1586250
0,0,0,2020-04-17,7,0,6,Goa,1586250
0,0,0,2020-04-18,7,0,6,Goa,1586250
0,0,1,2020-04-19,7,0,7,Goa,1586250
0,0,0,2020-04-20,7,0,7,Goa,1586250
0,0,0,2020-04-21,7,0,7,Goa,1586250
0,0,0,2020-04-22,7,0,7,Goa,1586250
0,0,0,2020-04-23,7,0,7,Goa,1586250
0,0,0,2020-04-24,7,0,7,Goa,1586250
0,0,0,2020-04-25,7,0,7,Goa,1586250
0,0,0,2020-04-26,7,0,7,Goa,1586250
0,0,0,2020-04-27,7,0,7,Goa,1586250
0,0,0,2020-04-28,7,0,7,Goa,1586250
0,0,0,2020-04-29,7,0,7,Goa,1586250
0,0,0,2020-04-30,7,0,7,Goa,1586250
0,0,0,2020-05-01,7,0,7,Goa,1586250
0,0,0,2020-05-02,7,0,7,Goa,1586250
0,0,0,2020-05-03,7,0,7,Goa,1586250
0,0,0,2020-05-04,7,0,7,Goa,1586250
0,0,0,2020-05-05,7,0,7,Goa,1586250
0,0,0,2020-05-06,7,0,7,Goa,1586250
0,0,0,2020-05-07,7,0,7,Goa,1586250
0,0,0,2020-05-08,7,0,7,Goa,1586250
0,0,0,2020-05-09,7,0,7,Goa,1586250
0,0,0,2020-05-10,7,0,7,Goa,1586250
0,0,0,2020-05-11,7,0,7,Goa,1586250
0,0,0,2020-05-12,7,0,7,Goa,1586250
0,0,0,2020-05-13,7,0,7,Goa,1586250
8,0,0,2020-05-14,15,0,7,Goa,1586250
0,0,0,2020-05-15,15,0,7,Goa,1586250
5,0,0,2020-05-16,20,0,7,Goa,1586250
9,0,0,2020-05-17,29,0,7,Goa,1586250
9,0,0,2020-05-18,38,0,7,Goa,1586250
8,0,0,2020-05-19,46,0,7,Goa,1586250
4,0,0,2020-05-20,50,0,7,Goa,1586250
2,0,0,2020-05-21,52,0,7,Goa,1586250
2,0,9,2020-05-22,54,0,16,Goa,1586250
1,0,0,2020-05-23,55,0,16,Goa,1586250
11,0,0,2020-05-24,66,0,16,Goa,1586250
1,0,3,2020-05-25,67,0,19,Goa,1586250
0,0,9,2020-05-26,67,0,28,Goa,1586250
1,0,9,2020-05-27,68,0,37,Goa,1586250
1,0,1,2020-05-28,69,0,38,Goa,1586250
0,0,3,2020-05-29,69,0,41,Goa,1586250
1,0,1,2020-05-30,70,0,42,Goa,1586250
1,0,2,2020-05-31,71,0,44,Goa,1586250
2,0,6,2020-06-01,73,0,50,Goa,1586250
6,0,7,2020-06-02,79,0,57,Goa,1586250
47,0,0,2020-06-03,126,0,57,Goa,1586250
40,0,0,2020-06-04,166,0,57,Goa,1586250
30,0,8,2020-06-05,196,0,65,Goa,1586250
71,0,0,2020-06-06,267,0,65,Goa,1586250
33,0,0,2020-06-07,300,0,65,Goa,1586250
30,0,2,2020-06-08,330,0,67,Goa,1586250
29,0,0,2020-06-09,359,0,67,Goa,1586250
28,0,0,2020-06-10,387,0,67,Goa,1586250
30,0,0,2020-06-11,417,0,67,Goa,1586250
46,0,2,2020-06-12,463,0,69,Goa,1586250
60,0,1,2020-06-13,523,0,70,Goa,1586250
41,0,4,2020-06-14,564,0,74,Goa,1586250
28,0,11,2020-06-15,592,0,85,Goa,1586250
37,0,0,2020-06-16,629,0,85,Goa,1586250
27,0,11,2020-06-17,656,0,96,Goa,1586250
49,0,13,2020-06-18,705,0,109,Goa,1586250
20,0,9,2020-06-19,725,0,118,Goa,1586250
29,0,11,2020-06-20,754,0,129,Goa,1586250
64,0,6,2020-06-21,818,0,135,Goa,1586250
46,1,17,2020-06-22,864,1,152,Goa,1586250
45,1,53,2020-06-23,909,2,205,Goa,1586250
42,0,84,2020-06-24,951,2,289,Goa,1586250
44,0,46,2020-06-25,995,2,335,Goa,1586250
44,0,35,2020-06-26,1039,2,370,Goa,1586250
89,0,50,2020-06-27,1128,2,420,Goa,1586250
70,1,58,2020-06-28,1198,3,478,Goa,1586250
53,0,46,2020-06-29,1251,3,524,Goa,1586250
64,0,72,2020-06-30,1315,3,596,Goa,1586250
72,1,74,2020-07-01,1387,4,670,Goa,1586250
95,0,64,2020-07-02,1482,4,734,Goa,1586250
94,0,38,2020-07-03,1576,4,772,Goa,1586250
108,2,53,2020-07-04,1684,6,825,Goa,1586250
77,1,111,2020-07-05,1761,7,936,Goa,1586250
52,0,125,2020-07-06,1813,7,1061,Goa,1586250
90,1,95,2020-07-07,1903,8,1156,Goa,1586250
136,0,51,2020-07-08,2039,8,1207,Goa,1586250
112,1,66,2020-07-09,2151,9,1273,Goa,1586250
100,0,74,2020-07-10,2251,9,1347,Goa,1586250
117,3,81,2020-07-11,2368,12,1428,Goa,1586250
85,2,59,2020-07-12,2453,14,1487,Goa,1586250
130,3,53,2020-07-13,2583,17,1540,Goa,1586250
170,1,67,2020-07-14,2753,18,1607,Goa,1586250
198,0,67,2020-07-15,2951,18,1674,Goa,1586250
157,1,143,2020-07-16,3108,19,1817,Goa,1586250
196,2,129,2020-07-17,3304,21,1946,Goa,1586250
180,0,92,2020-07-18,3484,21,2038,Goa,1586250
173,1,180,2020-07-19,3657,22,2218,Goa,1586250
196,1,143,2020-07-20,3853,23,2361,Goa,1586250
174,3,88,2020-07-21,4027,26,2449,Goa,1586250
149,2,92,2020-07-22,4176,28,2541,Goa,1586250
174,1,114,2020-07-23,4350,29,2655,Goa,1586250
190,0,210,2020-07-24,4540,29,2865,Goa,1586250
146,4,182,2020-07-25,4686,33,3047,Goa,1586250
175,2,230,2020-07-26,4861,35,3277,Goa,1586250
258,1,133,2020-07-27,5119,36,3410,Goa,1586250
168,0,185,2020-07-28,5287,36,3595,Goa,1586250
202,3,189,2020-07-29,5489,39,3784,Goa,1586250
215,3,221,2020-07-30,5704,42,4005,Goa,1586250
209,3,206,2020-07-31,5913,45,4211,Goa,1586250
280,3,227,2020-08-01,6193,48,4438,Goa,1586250
337,5,230,2020-08-02,6530,53,4668,Goa,1586250
286,3,208,2020-08-03,6816,56,4876,Goa,1586250
259,4,238,2020-08-04,7075,60,5114,Goa,1586250
348,4,173,2020-08-05,7423,64,5287,Goa,1586250
191,2,166,2020-08-06,7614,66,5453,Goa,1586250
333,4,142,2020-08-07,7947,70,5595,Goa,1586250
259,2,207,2020-08-08,8206,72,5802,Goa,1586250
506,3,193,2020-08-09,8712,75,5995,Goa,1586250
317,5,213,2020-08-10,9029,80,6208,Goa,1586250
415,6,272,2020-08-11,9444,86,6480,Goa,1586250
480,3,161,2020-08-12,9924,89,6641,Goa,1586250
570,2,271,2020-08-13,10494,91,6912,Goa,1586250
476,2,245,2020-08-14,10970,93,7157,Goa,1586250
369,5,331,2020-08-15,11339,98,7488,Goa,1586250
300,6,287,2020-08-16,11639,104,7775,Goa,1586250
355,7,283,2020-08-17,11994,111,8058,Goa,1586250
339,5,298,2020-08-18,12333,116,8356,Goa,1586250
342,8,357,2020-08-19,12675,124,8713,Goa,1586250
424,2,350,2020-08-20,13099,126,9063,Goa,1586250
385,9,477,2020-08-21,13484,135,9540,Goa,1586250
306,5,479,2020-08-22,13790,140,10019,Goa,1586250
209,4,453,2020-08-23,13999,144,10472,Goa,1586250
139,4,437,2020-08-24,14138,148,10909,Goa,1586250
392,9,315,2020-08-25,14530,157,11224,Goa,1586250
497,8,287,2020-08-26,15027,165,11511,Goa,1586250
456,6,356,2020-08-27,15483,171,11867,Goa,1586250
523,4,429,2020-08-28,16006,175,12296,Goa,1586250
547,3,433,2020-08-29,16553,178,12729,Goa,1586250
451,5,457,2020-08-30,17004,183,13186,Goa,1586250
414,9,391,2020-08-31,17418,192,13577,Goa,1586250
588,2,273,2020-09-01,18006,194,13850,Goa,1586250
636,10,209,2020-09-02,18642,204,14059,Goa,1586250
713,8,302,2020-09-03,19355,212,14361,Goa,1586250
508,8,386,2020-09-04,19863,220,14747,Goa,1586250
592,9,534,2020-09-05,20455,229,15281,Goa,1586250
374,7,558,2020-09-06,20829,236,15839,Goa,1586250
344,9,588,2020-09-07,21173,245,16427,Goa,1586250
457,11,448,2020-09-08,21630,256,16875,Goa,1586250
621,6,281,2020-09-09,22251,262,17156,Goa,1586250
639,6,436,2020-09-10,22890,268,17592,Goa,1586250
555,8,473,2020-09-11,23445,276,18065,Goa,1586250
740,10,511,2020-09-12,24185,286,18576,Goa,1586250
407,4,553,2020-09-13,24592,290,19129,Goa,1586250
306,14,519,2020-09-14,24898,304,19648,Goa,1586250
613,11,446,2020-09-15,25511,315,20094,Goa,1586250
628,4,351,2020-09-16,26139,319,20445,Goa,1586250
644,8,399,2020-09-17,26783,327,20844,Goa,1586250
596,8,470,2020-09-18,27379,335,21314,Goa,1586250
643,7,446,2020-09-19,28022,342,21760,Goa,1586250
407,9,537,2020-09-20,28429,351,22297,Goa,1586250
324,9,429,2020-09-21,28753,360,22726,Goa,1586250
590,8,736,2020-09-22,29343,368,23462,Goa,1586250
536,8,395,2020-09-23,29879,376,23857,Goa,1586250
673,7,490,2020-09-24,30552,383,24347,Goa,1586250
519,3,724,2020-09-25,31071,386,25071,Goa,1586250
503,5,688,2020-09-26,31574,391,25759,Goa,1586250
384,10,701,2020-09-27,31958,401,26460,Goa,1586250
438,6,612,2020-09-28,32396,407,27072,Goa,1586250
381,12,709,2020-09-29,32777,419,27781,Goa,1586250
641,9,344,2020-09-30,33418,428,28125,Goa,1586250
524,12,400,2020-10-01,33942,440,28525,Goa,1586250
513,2,479,2020-10-02,34455,442,29004,Goa,1586250
445,8,523,2020-10-03,34900,450,29527,Goa,1586250
428,6,506,2020-10-04,35328,456,30033,Goa,1586250
391,4,423,2020-10-05,35719,460,30456,Goa,1586250
519,8,594,2020-10-06,36238,468,31050,Goa,1586250
432,9,394,2020-10-07,36670,477,31444,Goa,1586250
432,7,458,2020-10-08,37102,484,31902,Goa,1586250
489,7,415,2020-10-09,37591,491,32317,Goa,1586250
343,8,460,2020-10-10,37934,499,32777,Goa,1586250
432,8,426,2020-10-11,38366,507,33203,Goa,1586250
308,4,495,2020-10-12,38674,511,33698,Goa,1586250
408,3,554,2020-10-13,39082,514,34252,Goa,1586250
356,5,479,2020-10-14,39438,519,34731,Goa,1586250
332,6,430,2020-10-15,39770,525,35161,Goa,1586250
321,6,449,2020-10-16,40091,531,35610,Goa,1586250
309,7,425,2020-10-17,40400,538,36035,Goa,1586250
187,6,360,2020-10-18,40587,544,36395,Goa,1586250
159,5,519,2020-10-19,40746,549,36914,Goa,1586250
285,6,361,2020-10-20,41031,555,37275,Goa,1586250
308,2,408,2020-10-21,41339,557,37683,Goa,1586250
247,7,348,2020-10-22,41586,564,38031,Goa,1586250
0,0,0,2020-03-14,0,0,0,Gujarat,63872399
0,0,0,2020-03-15,0,0,0,Gujarat,63872399
0,0,0,2020-03-16,0,0,0,Gujarat,63872399
0,0,0,2020-03-17,0,0,0,Gujarat,63872399
0,0,0,2020-03-18,0,0,0,Gujarat,63872399
2,0,0,2020-03-19,2,0,0,Gujarat,63872399
5,0,0,2020-03-20,7,0,0,Gujarat,63872399
7,0,0,2020-03-21,14,0,0,Gujarat,63872399
4,1,0,2020-03-22,18,1,0,Gujarat,63872399
12,0,0,2020-03-23,30,1,0,Gujarat,63872399
4,0,0,2020-03-24,34,1,0,Gujarat,63872399
4,0,0,2020-03-25,38,1,0,Gujarat,63872399
5,2,0,2020-03-26,43,3,0,Gujarat,63872399
4,0,0,2020-03-27,47,3,0,Gujarat,63872399
8,1,0,2020-03-28,55,4,0,Gujarat,63872399
8,1,1,2020-03-29,63,5,1,Gujarat,63872399
7,1,2,2020-03-30,70,6,3,Gujarat,63872399
4,0,2,2020-03-31,74,6,5,Gujarat,63872399
13,0,0,2020-04-01,87,6,5,Gujarat,63872399
1,1,5,2020-04-02,88,7,10,Gujarat,63872399
7,2,0,2020-04-03,95,9,10,Gujarat,63872399
13,1,3,2020-04-04,108,10,13,Gujarat,63872399
20,1,8,2020-04-05,128,11,21,Gujarat,63872399
18,1,1,2020-04-06,146,12,22,Gujarat,63872399
29,2,3,2020-04-07,175,14,25,Gujarat,63872399
11,2,0,2020-04-08,186,16,25,Gujarat,63872399
76,2,1,2020-04-09,262,18,26,Gujarat,63872399
116,1,7,2020-04-10,378,19,33,Gujarat,63872399
90,3,11,2020-04-11,468,22,44,Gujarat,63872399
48,2,0,2020-04-12,516,24,44,Gujarat,63872399
56,2,10,2020-04-13,572,26,54,Gujarat,63872399
78,2,5,2020-04-14,650,28,59,Gujarat,63872399
116,5,5,2020-04-15,766,33,64,Gujarat,63872399
163,3,9,2020-04-16,929,36,73,Gujarat,63872399
170,5,13,2020-04-17,1099,41,86,Gujarat,63872399
277,12,7,2020-04-18,1376,53,93,Gujarat,63872399
367,10,12,2020-04-19,1743,63,105,Gujarat,63872399
196,8,26,2020-04-20,1939,71,131,Gujarat,63872399
239,19,8,2020-04-21,2178,90,139,Gujarat,63872399
229,13,40,2020-04-22,2407,103,179,Gujarat,63872399
217,9,79,2020-04-23,2624,112,258,Gujarat,63872399
191,15,7,2020-04-24,2815,127,265,Gujarat,63872399
256,6,17,2020-04-25,3071,133,282,Gujarat,63872399
230,18,31,2020-04-26,3301,151,313,Gujarat,63872399
247,11,81,2020-04-27,3548,162,394,Gujarat,63872399
226,19,40,2020-04-28,3774,181,434,Gujarat,63872399
308,16,93,2020-04-29,4082,197,527,Gujarat,63872399
313,17,86,2020-04-30,4395,214,613,Gujarat,63872399
326,22,123,2020-05-01,4721,236,736,Gujarat,63872399
333,26,160,2020-05-02,5054,262,896,Gujarat,63872399
374,28,146,2020-05-03,5428,290,1042,Gujarat,63872399
376,29,153,2020-05-04,5804,319,1195,Gujarat,63872399
441,49,186,2020-05-05,6245,368,1381,Gujarat,63872399
380,28,119,2020-05-06,6625,396,1500,Gujarat,63872399
388,29,209,2020-05-07,7013,425,1709,Gujarat,63872399
390,24,163,2020-05-08,7403,449,1872,Gujarat,63872399
394,23,219,2020-05-09,7797,472,2091,Gujarat,63872399
398,21,454,2020-05-10,8195,493,2545,Gujarat,63872399
347,20,235,2020-05-11,8542,513,2780,Gujarat,63872399
362,24,466,2020-05-12,8904,537,3246,Gujarat,63872399
364,29,316,2020-05-13,9268,566,3562,Gujarat,63872399
324,20,191,2020-05-14,9592,586,3753,Gujarat,63872399
340,20,282,2020-05-15,9932,606,4035,Gujarat,63872399
1057,19,273,2020-05-16,10989,625,4308,Gujarat,63872399
391,34,191,2020-05-17,11380,659,4499,Gujarat,63872399
366,35,305,2020-05-18,11746,694,4804,Gujarat,63872399
395,25,239,2020-05-19,12141,719,5043,Gujarat,63872399
398,30,176,2020-05-20,12539,749,5219,Gujarat,63872399
371,24,269,2020-05-21,12910,773,5488,Gujarat,63872399
363,29,392,2020-05-22,13273,802,5880,Gujarat,63872399
396,27,289,2020-05-23,13669,829,6169,Gujarat,63872399
394,29,243,2020-05-24,14063,858,6412,Gujarat,63872399
405,30,224,2020-05-25,14468,888,6636,Gujarat,63872399
361,27,501,2020-05-26,14829,915,7137,Gujarat,63872399
376,23,410,2020-05-27,15205,938,7547,Gujarat,63872399
367,22,454,2020-05-28,15572,960,8001,Gujarat,63872399
372,20,608,2020-05-29,15944,980,8609,Gujarat,63872399
412,27,621,2020-05-30,16356,1007,9230,Gujarat,63872399
438,31,689,2020-05-31,16794,1038,9919,Gujarat,63872399
423,25,861,2020-06-01,17217,1063,10780,Gujarat,63872399
415,29,1114,2020-06-02,17632,1092,11894,Gujarat,63872399
485,30,318,2020-06-03,18117,1122,12212,Gujarat,63872399
492,33,455,2020-06-04,18609,1155,12667,Gujarat,63872399
510,35,344,2020-06-05,19119,1190,13011,Gujarat,63872399
498,29,313,2020-06-06,19617,1219,13324,Gujarat,63872399
480,30,319,2020-06-07,20097,1249,13643,Gujarat,63872399
477,31,321,2020-06-08,20574,1280,13964,Gujarat,63872399
470,33,409,2020-06-09,21044,1313,14373,Gujarat,63872399
510,34,370,2020-06-10,21554,1347,14743,Gujarat,63872399
513,38,366,2020-06-11,22067,1385,15109,Gujarat,63872399
495,31,392,2020-06-12,22562,1416,15501,Gujarat,63872399
517,33,390,2020-06-13,23079,1449,15891,Gujarat,63872399
511,29,442,2020-06-14,23590,1478,16333,Gujarat,63872399
514,28,339,2020-06-15,24104,1506,16672,Gujarat,63872399
524,28,418,2020-06-16,24628,1534,17090,Gujarat,63872399
520,27,348,2020-06-17,25148,1561,17438,Gujarat,63872399
510,31,389,2020-06-18,25658,1592,17827,Gujarat,63872399
540,27,340,2020-06-19,26198,1619,18167,Gujarat,63872399
539,20,535,2020-06-20,26737,1639,18702,Gujarat,63872399
580,25,655,2020-06-21,27317,1664,19357,Gujarat,63872399
563,21,560,2020-06-22,27880,1685,19917,Gujarat,63872399
549,26,604,2020-06-23,28429,1711,20521,Gujarat,63872399
572,25,575,2020-06-24,29001,1736,21096,Gujarat,63872399
577,18,410,2020-06-25,29578,1754,21506,Gujarat,63872399
580,18,532,2020-06-26,30158,1772,22038,Gujarat,63872399
615,18,379,2020-06-27,30773,1790,22417,Gujarat,63872399
624,19,391,2020-06-28,31397,1809,22808,Gujarat,63872399
626,19,440,2020-06-29,32023,1828,23248,Gujarat,63872399
620,20,422,2020-06-30,32643,1848,23670,Gujarat,63872399
675,21,368,2020-07-01,33318,1869,24038,Gujarat,63872399
681,19,563,2020-07-02,33999,1888,24601,Gujarat,63872399
687,18,340,2020-07-03,34686,1906,24941,Gujarat,63872399
712,21,473,2020-07-04,35398,1927,25414,Gujarat,63872399
725,18,486,2020-07-05,36123,1945,25900,Gujarat,63872399
735,17,423,2020-07-06,36858,1962,26323,Gujarat,63872399
778,17,421,2020-07-07,37636,1979,26744,Gujarat,63872399
783,16,569,2020-07-08,38419,1995,27313,Gujarat,63872399
861,15,429,2020-07-09,39280,2010,27742,Gujarat,63872399
875,14,441,2020-07-10,40155,2024,28183,Gujarat,63872399
872,10,502,2020-07-11,41027,2034,28685,Gujarat,63872399
879,13,513,2020-07-12,41906,2047,29198,Gujarat,63872399
902,10,608,2020-07-13,42808,2057,29806,Gujarat,63872399
915,14,749,2020-07-14,43723,2071,30555,Gujarat,63872399
925,10,791,2020-07-15,44648,2081,31346,Gujarat,63872399
919,10,828,2020-07-16,45567,2091,32174,Gujarat,63872399
949,17,770,2020-07-17,46516,2108,32944,Gujarat,63872399
960,19,1062,2020-07-18,47476,2127,34006,Gujarat,63872399
965,20,877,2020-07-19,48441,2147,34883,Gujarat,63872399
998,20,777,2020-07-20,49439,2167,35660,Gujarat,63872399
1026,34,744,2020-07-21,50465,2201,36404,Gujarat,63872399
1020,28,837,2020-07-22,51485,2229,37241,Gujarat,63872399
1078,28,718,2020-07-23,52563,2257,37959,Gujarat,63872399
1068,26,872,2020-07-24,53631,2283,38831,Gujarat,63872399
1081,22,782,2020-07-25,54712,2305,39613,Gujarat,63872399
1110,21,753,2020-07-26,55822,2326,40366,Gujarat,63872399
1052,22,1015,2020-07-27,56874,2348,41381,Gujarat,63872399
1108,24,1032,2020-07-28,57982,2372,42413,Gujarat,63872399
1144,24,783,2020-07-29,59126,2396,43196,Gujarat,63872399
1159,22,879,2020-07-30,60285,2418,44075,Gujarat,63872399
1153,22,833,2020-07-31,61438,2440,44908,Gujarat,63872399
1136,24,875,2020-08-01,62574,2464,45783,Gujarat,63872399
1101,22,805,2020-08-02,63675,2486,46588,Gujarat,63872399
1009,22,974,2020-08-03,64684,2508,47562,Gujarat,63872399
1020,25,898,2020-08-04,65704,2533,48460,Gujarat,63872399
1073,23,1046,2020-08-05,66777,2556,49506,Gujarat,63872399
1034,27,917,2020-08-06,67811,2583,50423,Gujarat,63872399
1074,22,1370,2020-08-07,68885,2605,51793,Gujarat,63872399
1101,23,1135,2020-08-08,69986,2628,52928,Gujarat,63872399
1078,25,1311,2020-08-09,71064,2653,54239,Gujarat,63872399
1056,20,1138,2020-08-10,72120,2673,55377,Gujarat,63872399
1118,23,1140,2020-08-11,73238,2696,56517,Gujarat,63872399
1152,18,977,2020-08-12,74390,2714,57494,Gujarat,63872399
1092,18,1046,2020-08-13,75482,2732,58540,Gujarat,63872399
1087,15,1083,2020-08-14,76569,2747,59623,Gujarat,63872399
1094,19,1015,2020-08-15,77663,2766,60638,Gujarat,63872399
1120,20,959,2020-08-16,78783,2786,61597,Gujarat,63872399
1033,15,1083,2020-08-17,79816,2801,62680,Gujarat,63872399
1126,20,1131,2020-08-18,80942,2821,63811,Gujarat,63872399
1145,17,1120,2020-08-19,82087,2838,64931,Gujarat,63872399
1175,16,1123,2020-08-20,83262,2854,66054,Gujarat,63872399
1204,14,1324,2020-08-21,84466,2868,67378,Gujarat,63872399
1212,14,980,2020-08-22,85678,2882,68358,Gujarat,63872399
1101,14,972,2020-08-23,86779,2896,69330,Gujarat,63872399
1067,13,1021,2020-08-24,87846,2909,70351,Gujarat,63872399
1096,20,1011,2020-08-25,88942,2929,71362,Gujarat,63872399
1197,17,1047,2020-08-26,90139,2946,72409,Gujarat,63872399
1190,17,1193,2020-08-27,91329,2963,73602,Gujarat,63872399
1272,14,1050,2020-08-28,92601,2977,74652,Gujarat,63872399
1282,13,1111,2020-08-29,93883,2990,75763,Gujarat,63872399
1272,17,1095,2020-08-30,95155,3007,76858,Gujarat,63872399
1280,14,1025,2020-08-31,96435,3021,77883,Gujarat,63872399
1310,14,1131,2020-09-01,97745,3035,79014,Gujarat,63872399
1305,12,1141,2020-09-02,99050,3047,80155,Gujarat,63872399
1325,16,1126,2020-09-03,100375,3063,81281,Gujarat,63872399
1320,14,1218,2020-09-04,101695,3077,82499,Gujarat,63872399
1311,16,1148,2020-09-05,103006,3093,83647,Gujarat,63872399
1335,14,1212,2020-09-06,104341,3107,84859,Gujarat,63872399
1330,15,1276,2020-09-07,105671,3122,86135,Gujarat,63872399
1295,13,1445,2020-09-08,106966,3135,87580,Gujarat,63872399
1329,16,1336,2020-09-09,108295,3151,88916,Gujarat,63872399
1332,15,1415,2020-09-10,109627,3166,90331,Gujarat,63872399
1344,16,1240,2020-09-11,110971,3182,91571,Gujarat,63872399
1365,15,1335,2020-09-12,112336,3197,92906,Gujarat,63872399
1326,15,1205,2020-09-13,113662,3212,94111,Gujarat,63872399
1334,17,1255,2020-09-14,114996,3229,95366,Gujarat,63872399
1349,17,1444,2020-09-15,116345,3246,96810,Gujarat,63872399
1364,12,1447,2020-09-16,117709,3258,98257,Gujarat,63872399
1379,14,1652,2020-09-17,119088,3272,99909,Gujarat,63872399
1410,16,1293,2020-09-18,120498,3288,101202,Gujarat,63872399
1432,16,1470,2020-09-19,121930,3304,102672,Gujarat,63872399
1407,17,1204,2020-09-20,123337,3321,103876,Gujarat,63872399
1430,17,1316,2020-09-21,124767,3338,105192,Gujarat,63872399
1402,16,1321,2020-09-22,126169,3354,106513,Gujarat,63872399
1372,15,1289,2020-09-23,127541,3369,107802,Gujarat,63872399
1408,14,1510,2020-09-24,128949,3383,109312,Gujarat,63872399
1442,12,1279,2020-09-25,130391,3395,110591,Gujarat,63872399
1417,13,1419,2020-09-26,131808,3408,112010,Gujarat,63872399
1411,10,1231,2020-09-27,133219,3418,113241,Gujarat,63872399
1404,12,1336,2020-09-28,134623,3430,114577,Gujarat,63872399
1381,11,1383,2020-09-29,136004,3441,115960,Gujarat,63872399
1390,11,1372,2020-09-30,137394,3452,117332,Gujarat,63872399
1350,10,1334,2020-10-01,138744,3462,118666,Gujarat,63872399
1310,15,1250,2020-10-02,140054,3477,119916,Gujarat,63872399
1343,12,1304,2020-10-03,141397,3489,121220,Gujarat,63872399
1302,9,1246,2020-10-04,142699,3498,122466,Gujarat,63872399
1327,13,1405,2020-10-05,144026,3511,123871,Gujarat,63872399
1335,10,1473,2020-10-06,145361,3521,125344,Gujarat,63872399
1311,9,1414,2020-10-07,146672,3530,126758,Gujarat,63872399
1278,10,1266,2020-10-08,147950,3540,128024,Gujarat,63872399
1243,9,1518,2020-10-09,149193,3549,129542,Gujarat,63872399
1221,10,1456,2020-10-10,150414,3559,130998,Gujarat,63872399
1181,9,1413,2020-10-11,151595,3568,132411,Gujarat,63872399
1169,8,1442,2020-10-12,152764,3576,133853,Gujarat,63872399
1158,10,1375,2020-10-13,153922,3586,135228,Gujarat,63872399
1175,11,1414,2020-10-14,155097,3597,136642,Gujarat,63872399
1185,11,1329,2020-10-15,156282,3608,137971,Gujarat,63872399
1191,11,1279,2020-10-16,157473,3619,139250,Gujarat,63872399
1161,9,1270,2020-10-17,158634,3628,140520,Gujarat,63872399
1091,9,1233,2020-10-18,159725,3637,141753,Gujarat,63872399
996,8,1147,2020-10-19,160721,3645,142900,Gujarat,63872399
1126,8,1128,2020-10-20,161847,3653,144028,Gujarat,63872399
1137,9,1180,2020-10-21,162984,3662,145208,Gujarat,63872399
1136,7,1201,2020-10-22,164120,3669,146409,Gujarat,63872399
14,0,0,2020-03-14,14,0,0,Haryana,28204692
0,0,0,2020-03-15,14,0,0,Haryana,28204692
0,0,0,2020-03-16,14,0,0,Haryana,28204692
1,0,0,2020-03-17,15,0,0,Haryana,28204692
1,0,0,2020-03-18,16,0,0,Haryana,28204692
1,0,0,2020-03-19,17,0,0,Haryana,28204692
2,0,0,2020-03-20,19,0,0,Haryana,28204692
2,0,0,2020-03-21,21,0,0,Haryana,28204692
0,0,0,2020-03-22,21,0,0,Haryana,28204692
7,0,11,2020-03-23,28,0,11,Haryana,28204692
2,0,0,2020-03-24,30,0,11,Haryana,28204692
1,0,0,2020-03-25,31,0,11,Haryana,28204692
1,0,0,2020-03-26,32,0,11,Haryana,28204692
1,0,0,2020-03-27,33,0,11,Haryana,28204692
2,0,0,2020-03-28,35,0,11,Haryana,28204692
0,0,0,2020-03-29,35,0,11,Haryana,28204692
1,0,6,2020-03-30,36,0,17,Haryana,28204692
7,0,0,2020-03-31,43,0,17,Haryana,28204692
0,0,10,2020-04-01,43,0,27,Haryana,28204692
6,0,0,2020-04-02,49,0,27,Haryana,28204692
9,0,0,2020-04-03,58,0,27,Haryana,28204692
26,0,1,2020-04-04,84,0,28,Haryana,28204692
6,0,0,2020-04-05,90,0,28,Haryana,28204692
20,2,0,2020-04-06,110,2,28,Haryana,28204692
33,0,2,2020-04-07,143,2,30,Haryana,28204692
24,0,1,2020-04-08,167,2,31,Haryana,28204692
3,0,0,2020-04-09,170,2,31,Haryana,28204692
6,0,4,2020-04-10,176,2,35,Haryana,28204692
3,0,0,2020-04-11,179,2,35,Haryana,28204692
16,1,8,2020-04-12,195,3,43,Haryana,28204692
1,0,7,2020-04-13,196,3,50,Haryana,28204692
2,0,4,2020-04-14,198,3,54,Haryana,28204692
6,0,2,2020-04-15,204,3,56,Haryana,28204692
11,0,8,2020-04-16,215,3,64,Haryana,28204692
8,0,21,2020-04-17,223,3,85,Haryana,28204692
9,0,14,2020-04-18,232,3,99,Haryana,28204692
18,0,4,2020-04-19,250,3,103,Haryana,28204692
1,0,37,2020-04-20,251,3,140,Haryana,28204692
4,0,6,2020-04-21,255,3,146,Haryana,28204692
9,0,11,2020-04-22,264,3,157,Haryana,28204692
6,0,12,2020-04-23,270,3,169,Haryana,28204692
5,0,16,2020-04-24,275,3,185,Haryana,28204692
12,0,5,2020-04-25,287,3,190,Haryana,28204692
9,0,8,2020-04-26,296,3,198,Haryana,28204692
5,0,14,2020-04-27,301,3,212,Haryana,28204692
7,0,11,2020-04-28,308,3,223,Haryana,28204692
3,0,1,2020-04-29,311,3,224,Haryana,28204692
28,1,10,2020-04-30,339,4,234,Haryana,28204692
18,0,6,2020-05-01,357,4,240,Haryana,28204692
19,1,1,2020-05-02,376,5,241,Haryana,28204692
66,0,3,2020-05-03,442,5,244,Haryana,28204692
75,1,9,2020-05-04,517,6,253,Haryana,28204692
31,0,2,2020-05-05,548,6,255,Haryana,28204692
46,1,4,2020-05-06,594,7,259,Haryana,28204692
31,0,0,2020-05-07,625,7,259,Haryana,28204692
22,1,19,2020-05-08,647,8,278,Haryana,28204692
28,1,11,2020-05-09,675,9,289,Haryana,28204692
28,1,10,2020-05-10,703,10,299,Haryana,28204692
27,1,37,2020-05-11,730,11,336,Haryana,28204692
50,0,5,2020-05-12,780,11,341,Haryana,28204692
13,0,76,2020-05-13,793,11,417,Haryana,28204692
25,0,21,2020-05-14,818,11,438,Haryana,28204692
36,2,25,2020-05-15,854,13,463,Haryana,28204692
33,0,50,2020-05-16,887,13,513,Haryana,28204692
23,1,48,2020-05-17,910,14,561,Haryana,28204692
18,0,36,2020-05-18,928,14,597,Haryana,28204692
36,0,29,2020-05-19,964,14,626,Haryana,28204692
29,0,21,2020-05-20,993,14,647,Haryana,28204692
37,0,33,2020-05-21,1030,14,680,Haryana,28204692
37,2,25,2020-05-22,1067,16,705,Haryana,28204692
64,0,44,2020-05-23,1131,16,749,Haryana,28204692
53,0,15,2020-05-24,1184,16,764,Haryana,28204692
29,0,37,2020-05-25,1213,16,801,Haryana,28204692
92,0,22,2020-05-26,1305,16,823,Haryana,28204692
76,2,14,2020-05-27,1381,18,837,Haryana,28204692
123,1,43,2020-05-28,1504,19,880,Haryana,28204692
217,0,59,2020-05-29,1721,19,939,Haryana,28204692
202,1,31,2020-05-30,1923,20,970,Haryana,28204692
168,0,77,2020-05-31,2091,20,1047,Haryana,28204692
265,1,7,2020-06-01,2356,21,1054,Haryana,28204692
296,2,14,2020-06-02,2652,23,1068,Haryana,28204692
302,0,20,2020-06-03,2954,23,1088,Haryana,28204692
327,1,34,2020-06-04,3281,24,1122,Haryana,28204692
316,0,86,2020-06-05,3597,24,1208,Haryana,28204692
355,0,71,2020-06-06,3952,24,1279,Haryana,28204692
496,4,194,2020-06-07,4448,28,1473,Haryana,28204692
406,11,226,2020-06-08,4854,39,1699,Haryana,28204692
355,6,107,2020-06-09,5209,45,1806,Haryana,28204692
370,7,381,2020-06-10,5579,52,2187,Haryana,28204692
389,12,73,2020-06-11,5968,64,2260,Haryana,28204692
366,6,214,2020-06-12,6334,70,2474,Haryana,28204692
415,8,328,2020-06-13,6749,78,2802,Haryana,28204692
459,10,200,2020-06-14,7208,88,3002,Haryana,28204692
514,12,562,2020-06-15,7722,100,3564,Haryana,28204692
550,18,183,2020-06-16,8272,118,3747,Haryana,28204692
560,12,204,2020-06-17,8832,130,3951,Haryana,28204692
386,4,604,2020-06-18,9218,134,4555,Haryana,28204692
525,10,333,2020-06-19,9743,144,4888,Haryana,28204692
480,5,239,2020-06-20,10223,149,5127,Haryana,28204692
412,11,429,2020-06-21,10635,160,5556,Haryana,28204692
390,9,359,2020-06-22,11025,169,5915,Haryana,28204692
495,9,582,2020-06-23,11520,178,6497,Haryana,28204692
490,10,427,2020-06-24,12010,188,6924,Haryana,28204692
453,10,455,2020-06-25,12463,198,7379,Haryana,28204692
421,13,636,2020-06-26,12884,211,8015,Haryana,28204692
543,7,456,2020-06-27,13427,218,8471,Haryana,28204692
402,5,445,2020-06-28,13829,223,8916,Haryana,28204692
381,9,585,2020-06-29,14210,232,9501,Haryana,28204692
338,4,470,2020-06-30,14548,236,9971,Haryana,28204692
393,4,527,2020-07-01,14941,240,10498,Haryana,28204692
568,11,520,2020-07-02,15509,251,11018,Haryana,28204692
494,4,672,2020-07-03,16003,255,11690,Haryana,28204692
545,5,566,2020-07-04,16548,260,12256,Haryana,28204692
457,5,687,2020-07-05,17005,265,12943,Haryana,28204692
499,11,391,2020-07-06,17504,276,13334,Haryana,28204692
495,3,310,2020-07-07,17999,279,13644,Haryana,28204692
691,3,461,2020-07-08,18690,282,14105,Haryana,28204692
674,5,399,2020-07-09,19364,287,14504,Haryana,28204692
570,3,399,2020-07-10,19934,290,14903,Haryana,28204692
648,7,490,2020-07-11,20582,297,15393,Haryana,28204692
658,4,589,2020-07-12,21240,301,15982,Haryana,28204692
689,7,654,2020-07-13,21929,308,16636,Haryana,28204692
699,4,453,2020-07-14,22628,312,17089,Haryana,28204692
678,7,577,2020-07-15,23306,319,17666,Haryana,28204692
696,3,518,2020-07-16,24002,322,18184,Haryana,28204692
795,5,533,2020-07-17,24797,327,18717,Haryana,28204692
750,17,600,2020-07-18,25547,344,19317,Haryana,28204692
617,5,475,2020-07-19,26164,349,19792,Haryana,28204692
694,6,433,2020-07-20,26858,355,20225,Haryana,28204692
604,9,726,2020-07-21,27462,364,20951,Haryana,28204692
724,8,745,2020-07-22,28186,372,21696,Haryana,28204692
789,6,552,2020-07-23,28975,378,22248,Haryana,28204692
780,4,704,2020-07-24,29755,382,22952,Haryana,28204692
783,7,701,2020-07-25,30538,389,23653,Haryana,28204692
794,3,730,2020-07-26,31332,392,24383,Haryana,28204692
795,5,662,2020-07-27,32127,397,25045,Haryana,28204692
749,9,712,2020-07-28,32876,406,25757,Haryana,28204692
755,7,662,2020-07-29,33631,413,26419,Haryana,28204692
623,4,920,2020-07-30,34254,417,27339,Haryana,28204692
711,4,887,2020-07-31,34965,421,28226,Haryana,28204692
793,7,853,2020-08-01,35758,428,29079,Haryana,28204692
761,5,610,2020-08-02,36519,433,29689,Haryana,28204692
654,7,780,2020-08-03,37173,440,30469,Haryana,28204692
623,8,756,2020-08-04,37796,448,31225,Haryana,28204692
752,7,734,2020-08-05,38548,455,31959,Haryana,28204692
755,3,680,2020-08-06,39303,458,32639,Haryana,28204692
751,9,804,2020-08-07,40054,467,33443,Haryana,28204692
789,7,587,2020-08-08,40843,474,34030,Haryana,28204692
792,9,750,2020-08-09,41635,483,34780,Haryana,28204692
794,6,711,2020-08-10,42429,489,35491,Haryana,28204692
798,11,590,2020-08-11,43227,500,36081,Haryana,28204692
797,3,612,2020-08-12,44024,503,36693,Haryana,28204692
793,8,792,2020-08-13,44817,511,37485,Haryana,28204692
797,7,862,2020-08-14,45614,518,38347,Haryana,28204692
796,10,591,2020-08-15,46410,528,38938,Haryana,28204692
743,10,662,2020-08-16,47153,538,39600,Haryana,28204692
887,12,1009,2020-08-17,48040,550,40609,Haryana,28204692
896,7,688,2020-08-18,48936,557,41297,Haryana,28204692
994,10,758,2020-08-19,49930,567,42055,Haryana,28204692
996,11,737,2020-08-20,50926,578,42792,Haryana,28204692
1203,7,620,2020-08-21,52129,585,43412,Haryana,28204692
1161,12,600,2020-08-22,53290,597,44012,Haryana,28204692
1096,6,809,2020-08-23,54386,603,44821,Haryana,28204692
1074,10,583,2020-08-24,55460,613,45404,Haryana,28204692
1148,10,1091,2020-08-25,56608,623,46495,Haryana,28204692
1397,11,1117,2020-08-26,58005,634,47612,Haryana,28204692
1293,12,1077,2020-08-27,59298,646,48689,Haryana,28204692
1298,15,1020,2020-08-28,60596,661,49709,Haryana,28204692
1391,9,1001,2020-08-29,61987,670,50710,Haryana,28204692
1295,12,909,2020-08-30,63282,682,51619,Haryana,28204692
1450,7,1052,2020-08-31,64732,689,52671,Haryana,28204692
1694,17,1163,2020-09-01,66426,706,53834,Haryana,28204692
1792,15,1040,2020-09-02,68218,721,54874,Haryana,28204692
1881,19,1014,2020-09-03,70099,740,55888,Haryana,28204692
1884,19,1282,2020-09-04,71983,759,57170,Haryana,28204692
2289,22,1409,2020-09-05,74272,781,58579,Haryana,28204692
2277,25,1471,2020-09-06,76549,806,60050,Haryana,28204692
2224,23,1560,2020-09-07,78773,829,61610,Haryana,28204692
2286,25,1704,2020-09-08,81059,854,63314,Haryana,28204692
2294,28,1828,2020-09-09,83353,882,65142,Haryana,28204692
2591,25,1562,2020-09-10,85944,907,66704,Haryana,28204692
2388,25,1820,2020-09-11,88332,932,68524,Haryana,28204692
2783,24,2188,2020-09-12,91115,956,70712,Haryana,28204692
2526,19,1874,2020-09-13,93641,975,72586,Haryana,28204692
2488,25,2125,2020-09-14,96129,1000,74711,Haryana,28204692
2493,26,2454,2020-09-15,98622,1026,77165,Haryana,28204692
2694,19,1771,2020-09-16,101316,1045,78936,Haryana,28204692
2457,24,2753,2020-09-17,103773,1069,81689,Haryana,28204692
2488,23,2188,2020-09-18,106261,1092,83877,Haryana,28204692
2691,28,2272,2020-09-19,108952,1120,86149,Haryana,28204692
2305,29,2547,2020-09-20,111257,1149,88696,Haryana,28204692
1818,28,2187,2020-09-21,113075,1177,90883,Haryana,28204692
1795,29,2892,2020-09-22,114870,1206,93775,Haryana,28204692
1986,27,2571,2020-09-23,116856,1233,96346,Haryana,28204692
1698,22,2063,2020-09-24,118554,1255,98409,Haryana,28204692
2024,18,2863,2020-09-25,120578,1273,101272,Haryana,28204692
1689,18,2554,2020-09-26,122267,1291,103826,Haryana,28204692
1515,16,2163,2020-09-27,123782,1307,105989,Haryana,28204692
1630,24,2421,2020-09-28,125412,1331,108410,Haryana,28204692
1562,25,2403,2020-09-29,126974,1356,110813,Haryana,28204692
1625,26,2063,2020-09-30,128599,1382,112876,Haryana,28204692
1313,20,2161,2020-10-01,129912,1402,115037,Haryana,28204692
1476,23,1678,2020-10-02,131388,1425,116715,Haryana,28204692
1188,25,1542,2020-10-03,132576,1450,118257,Haryana,28204692
1302,20,2083,2020-10-04,133878,1470,120340,Haryana,28204692
1031,21,1255,2020-10-05,134909,1491,121595,Haryana,28204692
1206,18,1690,2020-10-06,136115,1509,123285,Haryana,28204692
1283,19,1555,2020-10-07,137398,1528,124840,Haryana,28204692
1284,20,1426,2020-10-08,138682,1548,126266,Haryana,28204692
1250,14,1273,2020-10-09,139932,1562,127539,Haryana,28204692
1158,10,1301,2020-10-10,141090,1572,128840,Haryana,28204692
1065,7,1162,2020-10-11,142155,1579,130002,Haryana,28204692
1066,13,1225,2020-10-12,143221,1592,131227,Haryana,28204692
1081,9,1154,2020-10-13,144302,1601,132381,Haryana,28204692
1205,13,1324,2020-10-14,145507,1614,133705,Haryana,28204692
1199,9,1013,2020-10-15,146706,1623,134718,Haryana,28204692
1227,11,1139,2020-10-16,147933,1634,135857,Haryana,28204692
1148,6,1318,2020-10-17,149081,1640,137175,Haryana,28204692
952,0,1175,2020-10-18,150033,1640,138350,Haryana,28204692
1201,8,1160,2020-10-19,151234,1648,139510,Haryana,28204692
940,12,925,2020-10-20,152174,1660,140435,Haryana,28204692
1193,14,1070,2020-10-21,153367,1674,141505,Haryana,28204692
1128,14,1292,2020-10-22,154495,1688,142797,Haryana,28204692
0,0,0,2020-03-14,0,0,0,Himachal Pradesh,7451955
0,0,0,2020-03-15,0,0,0,Himachal Pradesh,7451955
0,0,0,2020-03-16,0,0,0,Himachal Pradesh,7451955
0,0,0,2020-03-17,0,0,0,Himachal Pradesh,7451955
0,0,0,2020-03-18,0,0,0,Himachal Pradesh,7451955
0,0,0,2020-03-19,0,0,0,Himachal Pradesh,7451955
2,0,0,2020-03-20,2,0,0,Himachal Pradesh,7451955
0,0,0,2020-03-21,2,0,0,Himachal Pradesh,7451955
0,0,0,2020-03-22,2,0,0,Himachal Pradesh,7451955
1,1,0,2020-03-23,3,1,0,Himachal Pradesh,7451955
0,0,0,2020-03-24,3,1,0,Himachal Pradesh,7451955
0,0,0,2020-03-25,3,1,0,Himachal Pradesh,7451955
0,0,0,2020-03-26,3,1,0,Himachal Pradesh,7451955
0,0,1,2020-03-27,3,1,1,Himachal Pradesh,7451955
0,0,1,2020-03-28,3,1,2,Himachal Pradesh,7451955
0,0,0,2020-03-29,3,1,2,Himachal Pradesh,7451955
0,0,0,2020-03-30,3,1,2,Himachal Pradesh,7451955
0,0,0,2020-03-31,3,1,2,Himachal Pradesh,7451955
0,0,0,2020-04-01,3,1,2,Himachal Pradesh,7451955
3,0,0,2020-04-02,6,1,2,Himachal Pradesh,7451955
0,1,0,2020-04-03,6,2,2,Himachal Pradesh,7451955
7,0,0,2020-04-04,13,2,2,Himachal Pradesh,7451955
1,0,0,2020-04-05,14,2,2,Himachal Pradesh,7451955
4,0,0,2020-04-06,18,2,2,Himachal Pradesh,7451955
9,0,1,2020-04-07,27,2,3,Himachal Pradesh,7451955
0,0,0,2020-04-08,27,2,3,Himachal Pradesh,7451955
1,0,0,2020-04-09,28,2,3,Himachal Pradesh,7451955
0,0,0,2020-04-10,28,2,3,Himachal Pradesh,7451955
4,0,6,2020-04-11,32,2,9,Himachal Pradesh,7451955
0,0,4,2020-04-12,32,2,13,Himachal Pradesh,7451955
0,0,0,2020-04-13,32,2,13,Himachal Pradesh,7451955
1,0,1,2020-04-14,33,2,14,Himachal Pradesh,7451955
2,0,0,2020-04-15,35,2,14,Himachal Pradesh,7451955
0,0,3,2020-04-16,35,2,17,Himachal Pradesh,7451955
3,0,0,2020-04-17,38,2,17,Himachal Pradesh,7451955
1,0,0,2020-04-18,39,2,17,Himachal Pradesh,7451955
0,0,0,2020-04-19,39,2,17,Himachal Pradesh,7451955
0,0,0,2020-04-20,39,2,17,Himachal Pradesh,7451955
0,0,0,2020-04-21,39,2,17,Himachal Pradesh,7451955
0,0,0,2020-04-22,39,2,17,Himachal Pradesh,7451955
1,0,2,2020-04-23,40,2,19,Himachal Pradesh,7451955
0,0,0,2020-04-24,40,2,19,Himachal Pradesh,7451955
0,0,4,2020-04-25,40,2,23,Himachal Pradesh,7451955
0,0,0,2020-04-26,40,2,23,Himachal Pradesh,7451955
0,0,3,2020-04-27,40,2,26,Himachal Pradesh,7451955
0,0,0,2020-04-28,40,2,26,Himachal Pradesh,7451955
0,0,0,2020-04-29,40,2,26,Himachal Pradesh,7451955
0,0,3,2020-04-30,40,2,29,Himachal Pradesh,7451955
0,0,2,2020-05-01,40,2,31,Himachal Pradesh,7451955
0,0,3,2020-05-02,40,2,34,Himachal Pradesh,7451955
0,0,1,2020-05-03,40,2,35,Himachal Pradesh,7451955
1,0,0,2020-05-04,41,2,35,Himachal Pradesh,7451955
1,1,0,2020-05-05,42,3,35,Himachal Pradesh,7451955
1,0,0,2020-05-06,43,3,35,Himachal Pradesh,7451955
3,0,0,2020-05-07,46,3,35,Himachal Pradesh,7451955
4,0,0,2020-05-08,50,3,35,Himachal Pradesh,7451955
2,0,1,2020-05-09,52,3,36,Himachal Pradesh,7451955
6,0,0,2020-05-10,58,3,36,Himachal Pradesh,7451955
1,0,0,2020-05-11,59,3,36,Himachal Pradesh,7451955
8,0,0,2020-05-12,67,3,36,Himachal Pradesh,7451955
1,0,0,2020-05-13,68,3,36,Himachal Pradesh,7451955
6,0,0,2020-05-14,74,3,36,Himachal Pradesh,7451955
2,0,0,2020-05-15,76,3,36,Himachal Pradesh,7451955
2,0,4,2020-05-16,78,3,40,Himachal Pradesh,7451955
2,0,1,2020-05-17,80,3,41,Himachal Pradesh,7451955
10,0,2,2020-05-18,90,3,43,Himachal Pradesh,7451955
2,1,5,2020-05-19,92,4,48,Himachal Pradesh,7451955
18,0,3,2020-05-20,110,4,51,Himachal Pradesh,7451955
42,0,5,2020-05-21,152,4,56,Himachal Pradesh,7451955
16,0,0,2020-05-22,168,4,56,Himachal Pradesh,7451955
17,0,2,2020-05-23,185,4,58,Himachal Pradesh,7451955
18,0,2,2020-05-24,203,4,60,Himachal Pradesh,7451955
20,0,4,2020-05-25,223,4,64,Himachal Pradesh,7451955
24,0,0,2020-05-26,247,4,64,Himachal Pradesh,7451955
26,2,3,2020-05-27,273,6,67,Himachal Pradesh,7451955
8,0,7,2020-05-28,281,6,74,Himachal Pradesh,7451955
14,0,10,2020-05-29,295,6,84,Himachal Pradesh,7451955
18,0,24,2020-05-30,313,6,108,Himachal Pradesh,7451955
18,0,9,2020-05-31,331,6,117,Himachal Pradesh,7451955
9,0,2,2020-06-01,340,6,119,Himachal Pradesh,7451955
5,0,18,2020-06-02,345,6,137,Himachal Pradesh,7451955
14,0,10,2020-06-03,359,6,147,Himachal Pradesh,7451955
24,0,29,2020-06-04,383,6,176,Himachal Pradesh,7451955
10,0,10,2020-06-05,393,6,186,Himachal Pradesh,7451955
7,0,5,2020-06-06,400,6,191,Himachal Pradesh,7451955
11,0,28,2020-06-07,411,6,219,Himachal Pradesh,7451955
10,0,5,2020-06-08,421,6,224,Himachal Pradesh,7451955
16,0,14,2020-06-09,437,6,238,Himachal Pradesh,7451955
14,1,13,2020-06-10,451,7,251,Himachal Pradesh,7451955
19,0,26,2020-06-11,470,7,277,Himachal Pradesh,7451955
16,0,17,2020-06-12,486,7,294,Himachal Pradesh,7451955
16,0,16,2020-06-13,502,7,310,Himachal Pradesh,7451955
16,0,17,2020-06-14,518,7,327,Himachal Pradesh,7451955
38,0,16,2020-06-15,556,7,343,Himachal Pradesh,7451955
4,0,19,2020-06-16,560,7,362,Himachal Pradesh,7451955
25,0,7,2020-06-17,585,7,369,Himachal Pradesh,7451955
10,0,5,2020-06-18,595,7,374,Himachal Pradesh,7451955
32,0,12,2020-06-19,627,7,386,Himachal Pradesh,7451955
29,0,20,2020-06-20,656,7,406,Himachal Pradesh,7451955
17,0,12,2020-06-21,673,7,418,Himachal Pradesh,7451955
54,0,12,2020-06-22,727,7,430,Himachal Pradesh,7451955
48,0,3,2020-06-23,775,7,433,Himachal Pradesh,7451955
31,0,34,2020-06-24,806,7,467,Himachal Pradesh,7451955
33,1,8,2020-06-25,839,8,475,Himachal Pradesh,7451955
25,0,20,2020-06-26,864,8,495,Himachal Pradesh,7451955
30,0,7,2020-06-27,894,8,502,Himachal Pradesh,7451955
22,0,17,2020-06-28,916,8,519,Himachal Pradesh,7451955
26,0,38,2020-06-29,942,8,557,Himachal Pradesh,7451955
11,1,19,2020-06-30,953,9,576,Himachal Pradesh,7451955
26,0,42,2020-07-01,979,9,618,Himachal Pradesh,7451955
35,0,15,2020-07-02,1014,9,633,Himachal Pradesh,7451955
19,0,39,2020-07-03,1033,9,672,Himachal Pradesh,7451955
13,1,25,2020-07-04,1046,10,697,Himachal Pradesh,7451955
17,0,28,2020-07-05,1063,10,725,Himachal Pradesh,7451955
14,0,26,2020-07-06,1077,10,751,Himachal Pradesh,7451955
6,0,27,2020-07-07,1083,10,778,Himachal Pradesh,7451955
18,0,43,2020-07-08,1101,10,821,Himachal Pradesh,7451955
39,0,13,2020-07-09,1140,10,834,Himachal Pradesh,7451955
31,0,39,2020-07-10,1171,10,873,Himachal Pradesh,7451955
11,0,23,2020-07-11,1182,10,896,Himachal Pradesh,7451955
31,0,21,2020-07-12,1213,10,917,Himachal Pradesh,7451955
30,0,11,2020-07-13,1243,10,928,Himachal Pradesh,7451955
66,0,11,2020-07-14,1309,10,939,Himachal Pradesh,7451955
32,0,28,2020-07-15,1341,10,967,Himachal Pradesh,7451955
36,0,5,2020-07-16,1377,10,972,Himachal Pradesh,7451955
40,0,40,2020-07-17,1417,10,1012,Himachal Pradesh,7451955
40,0,19,2020-07-18,1457,10,1031,Himachal Pradesh,7451955
64,0,29,2020-07-19,1521,10,1060,Himachal Pradesh,7451955
110,0,8,2020-07-20,1631,10,1068,Himachal Pradesh,7451955
33,1,10,2020-07-21,1664,11,1078,Himachal Pradesh,7451955
61,0,28,2020-07-22,1725,11,1106,Himachal Pradesh,7451955
109,0,31,2020-07-23,1834,11,1137,Himachal Pradesh,7451955
120,1,9,2020-07-24,1954,12,1146,Himachal Pradesh,7451955
95,0,28,2020-07-25,2049,12,1174,Himachal Pradesh,7451955
127,1,25,2020-07-26,2176,13,1199,Himachal Pradesh,7451955
94,0,18,2020-07-27,2270,13,1217,Himachal Pradesh,7451955
60,0,18,2020-07-28,2330,13,1235,Himachal Pradesh,7451955
73,0,98,2020-07-29,2403,13,1333,Himachal Pradesh,7451955
103,0,55,2020-07-30,2506,13,1388,Himachal Pradesh,7451955
58,0,72,2020-07-31,2564,13,1460,Himachal Pradesh,7451955
70,0,43,2020-08-01,2634,13,1503,Himachal Pradesh,7451955
69,0,57,2020-08-02,2703,13,1560,Himachal Pradesh,7451955
115,0,99,2020-08-03,2818,13,1659,Himachal Pradesh,7451955
61,0,52,2020-08-04,2879,13,1711,Himachal Pradesh,7451955
37,0,52,2020-08-05,2916,13,1763,Himachal Pradesh,7451955
131,0,103,2020-08-06,3047,13,1866,Himachal Pradesh,7451955
103,0,89,2020-08-07,3150,13,1955,Himachal Pradesh,7451955
114,0,127,2020-08-08,3264,13,2082,Himachal Pradesh,7451955
107,1,100,2020-08-09,3371,14,2182,Himachal Pradesh,7451955
92,2,24,2020-08-10,3463,16,2206,Himachal Pradesh,7451955
34,1,68,2020-08-11,3497,17,2274,Himachal Pradesh,7451955
139,0,89,2020-08-12,3636,17,2363,Himachal Pradesh,7451955
180,1,73,2020-08-13,3816,18,2436,Himachal Pradesh,7451955
58,0,116,2020-08-14,3874,18,2552,Himachal Pradesh,7451955
119,0,81,2020-08-15,3993,18,2633,Himachal Pradesh,7451955
163,0,88,2020-08-16,4156,18,2721,Himachal Pradesh,7451955
18,0,114,2020-08-17,4174,18,2835,Himachal Pradesh,7451955
61,0,89,2020-08-18,4235,18,2924,Himachal Pradesh,7451955
176,2,69,2020-08-19,4411,20,2993,Himachal Pradesh,7451955
127,2,93,2020-08-20,4538,22,3086,Himachal Pradesh,7451955
190,2,149,2020-08-21,4728,24,3235,Himachal Pradesh,7451955
167,4,107,2020-08-22,4895,28,3342,Himachal Pradesh,7451955
106,0,120,2020-08-23,5001,28,3462,Himachal Pradesh,7451955
100,0,123,2020-08-24,5101,28,3585,Himachal Pradesh,7451955
53,1,164,2020-08-25,5154,29,3749,Himachal Pradesh,7451955
167,2,62,2020-08-26,5321,31,3811,Himachal Pradesh,7451955
180,1,198,2020-08-27,5501,32,4009,Himachal Pradesh,7451955
136,0,141,2020-08-28,5637,32,4150,Himachal Pradesh,7451955
144,1,117,2020-08-29,5781,33,4267,Himachal Pradesh,7451955
164,1,142,2020-08-30,5945,34,4409,Himachal Pradesh,7451955
171,3,65,2020-08-31,6116,37,4474,Himachal Pradesh,7451955
139,4,173,2020-09-01,6255,41,4647,Himachal Pradesh,7451955
161,1,69,2020-09-02,6416,42,4716,Himachal Pradesh,7451955
199,5,98,2020-09-03,6615,47,4814,Himachal Pradesh,7451955
215,2,107,2020-09-04,6830,49,4921,Himachal Pradesh,7451955
188,4,21,2020-09-05,7018,53,4942,Himachal Pradesh,7451955
397,1,197,2020-09-06,7415,54,5139,Himachal Pradesh,7451955
245,1,221,2020-09-07,7660,55,5360,Himachal Pradesh,7451955
171,4,85,2020-09-08,7831,59,5445,Himachal Pradesh,7451955
316,3,142,2020-09-09,8147,62,5587,Himachal Pradesh,7451955
319,3,80,2020-09-10,8466,65,5667,Himachal Pradesh,7451955
318,5,158,2020-09-11,8784,70,5825,Himachal Pradesh,7451955
445,2,123,2020-09-12,9229,72,5948,Himachal Pradesh,7451955
326,4,152,2020-09-13,9555,76,6100,Himachal Pradesh,7451955
368,5,68,2020-09-14,9923,81,6168,Himachal Pradesh,7451955
412,8,250,2020-09-15,10335,89,6418,Himachal Pradesh,7451955
460,1,114,2020-09-16,10795,90,6532,Himachal Pradesh,7451955
395,7,388,2020-09-17,11190,97,6920,Himachal Pradesh,7451955
432,12,135,2020-09-18,11622,109,7055,Himachal Pradesh,7451955
286,5,403,2020-09-19,11908,114,7458,Himachal Pradesh,7451955
221,4,91,2020-09-20,12129,118,7549,Himachal Pradesh,7451955
309,7,288,2020-09-21,12438,125,7837,Himachal Pradesh,7451955
331,5,655,2020-09-22,12769,130,8492,Himachal Pradesh,7451955
280,5,446,2020-09-23,13049,135,8938,Himachal Pradesh,7451955
337,10,295,2020-09-24,13386,145,9233,Himachal Pradesh,7451955
293,7,296,2020-09-25,13679,152,9529,Himachal Pradesh,7451955
317,7,182,2020-09-26,13996,159,9711,Himachal Pradesh,7451955
195,11,629,2020-09-27,14191,170,10340,Himachal Pradesh,7451955
266,5,268,2020-09-28,14457,175,10608,Himachal Pradesh,7451955
290,3,364,2020-09-29,14747,178,10972,Himachal Pradesh,7451955
229,3,399,2020-09-30,14976,181,11371,Himachal Pradesh,7451955
243,9,218,2020-10-01,15219,190,11589,Himachal Pradesh,7451955
235,7,388,2020-10-02,15454,197,11977,Himachal Pradesh,7451955
241,8,197,2020-10-03,15695,205,12174,Himachal Pradesh,7451955
156,7,168,2020-10-04,15851,212,12342,Himachal Pradesh,7451955
182,7,292,2020-10-05,16033,219,12634,Himachal Pradesh,7451955
250,5,265,2020-10-06,16283,224,12899,Himachal Pradesh,7451955
282,2,418,2020-10-07,16565,226,13317,Himachal Pradesh,7451955
213,7,267,2020-10-08,16778,233,13584,Himachal Pradesh,7451955
199,7,278,2020-10-09,16977,240,13862,Himachal Pradesh,7451955
267,3,400,2020-10-10,17244,243,14262,Himachal Pradesh,7451955
164,2,190,2020-10-11,17408,245,14452,Himachal Pradesh,7451955
170,1,219,2020-10-12,17578,246,14671,Himachal Pradesh,7451955
184,3,312,2020-10-13,17762,249,14983,Himachal Pradesh,7451955
246,1,232,2020-10-14,18008,250,15215,Himachal Pradesh,7451955
295,5,153,2020-10-15,18303,255,15368,Himachal Pradesh,7451955
219,2,219,2020-10-16,18522,257,15587,Himachal Pradesh,7451955
275,3,234,2020-10-17,18797,260,15821,Himachal Pradesh,7451955
170,3,217,2020-10-18,18967,263,16038,Himachal Pradesh,7451955
168,4,201,2020-10-19,19135,267,16239,Himachal Pradesh,7451955
222,2,216,2020-10-20,19357,269,16455,Himachal Pradesh,7451955
264,5,219,2020-10-21,19621,274,16674,Himachal Pradesh,7451955
223,5,238,2020-10-22,19844,279,16912,Himachal Pradesh,7451955
2,0,0,2020-03-14,2,0,0,Jammu and Kashmir,13606320
0,0,0,2020-03-15,2,0,0,Jammu and Kashmir,13606320
1,0,0,2020-03-16,3,0,0,Jammu and Kashmir,13606320
0,0,0,2020-03-17,3,0,0,Jammu and Kashmir,13606320
1,0,0,2020-03-18,4,0,0,Jammu and Kashmir,13606320
0,0,0,2020-03-19,4,0,0,Jammu and Kashmir,13606320
0,0,0,2020-03-20,4,0,0,Jammu and Kashmir,13606320
0,0,0,2020-03-21,4,0,0,Jammu and Kashmir,13606320
0,0,0,2020-03-22,4,0,0,Jammu and Kashmir,13606320
0,0,0,2020-03-23,4,0,0,Jammu and Kashmir,13606320
2,0,0,2020-03-24,6,0,0,Jammu and Kashmir,13606320
5,0,1,2020-03-25,11,0,1,Jammu and Kashmir,13606320
3,1,0,2020-03-26,14,1,1,Jammu and Kashmir,13606320
6,0,0,2020-03-27,20,1,1,Jammu and Kashmir,13606320
13,0,0,2020-03-28,33,1,1,Jammu and Kashmir,13606320
5,0,0,2020-03-29,38,1,1,Jammu and Kashmir,13606320
11,0,0,2020-03-30,49,1,1,Jammu and Kashmir,13606320
6,1,0,2020-03-31,55,2,1,Jammu and Kashmir,13606320
7,0,1,2020-04-01,62,2,2,Jammu and Kashmir,13606320
8,0,1,2020-04-02,70,2,3,Jammu and Kashmir,13606320
5,0,0,2020-04-03,75,2,3,Jammu and Kashmir,13606320
17,0,0,2020-04-04,92,2,3,Jammu and Kashmir,13606320
14,0,1,2020-04-05,106,2,4,Jammu and Kashmir,13606320
3,0,0,2020-04-06,109,2,4,Jammu and Kashmir,13606320
16,1,0,2020-04-07,125,3,4,Jammu and Kashmir,13606320
33,0,2,2020-04-08,158,3,6,Jammu and Kashmir,13606320
26,1,0,2020-04-09,184,4,6,Jammu and Kashmir,13606320
23,0,0,2020-04-10,207,4,6,Jammu and Kashmir,13606320
17,0,0,2020-04-11,224,4,6,Jammu and Kashmir,13606320
21,0,0,2020-04-12,245,4,6,Jammu and Kashmir,13606320
25,0,10,2020-04-13,270,4,16,Jammu and Kashmir,13606320
8,0,14,2020-04-14,278,4,30,Jammu and Kashmir,13606320
22,0,6,2020-04-15,300,4,36,Jammu and Kashmir,13606320
14,0,2,2020-04-16,314,4,38,Jammu and Kashmir,13606320
14,1,4,2020-04-17,328,5,42,Jammu and Kashmir,13606320
13,0,9,2020-04-18,341,5,51,Jammu and Kashmir,13606320
13,0,5,2020-04-19,354,5,56,Jammu and Kashmir,13606320
14,0,15,2020-04-20,368,5,71,Jammu and Kashmir,13606320
12,0,10,2020-04-21,380,5,81,Jammu and Kashmir,13606320
27,0,11,2020-04-22,407,5,92,Jammu and Kashmir,13606320
27,0,0,2020-04-23,434,5,92,Jammu and Kashmir,13606320
20,0,17,2020-04-24,454,5,109,Jammu and Kashmir,13606320
40,1,3,2020-04-25,494,6,112,Jammu and Kashmir,13606320
29,0,25,2020-04-26,523,6,137,Jammu and Kashmir,13606320
23,1,27,2020-04-27,546,7,164,Jammu and Kashmir,13606320
19,1,12,2020-04-28,565,8,176,Jammu and Kashmir,13606320
16,0,16,2020-04-29,581,8,192,Jammu and Kashmir,13606320
33,0,24,2020-04-30,614,8,216,Jammu and Kashmir,13606320
25,0,31,2020-05-01,639,8,247,Jammu and Kashmir,13606320
27,0,7,2020-05-02,666,8,254,Jammu and Kashmir,13606320
35,0,33,2020-05-03,701,8,287,Jammu and Kashmir,13606320
25,0,16,2020-05-04,726,8,303,Jammu and Kashmir,13606320
15,0,17,2020-05-05,741,8,320,Jammu and Kashmir,13606320
34,0,2,2020-05-06,775,8,322,Jammu and Kashmir,13606320
18,1,13,2020-05-07,793,9,335,Jammu and Kashmir,13606320
30,0,29,2020-05-08,823,9,364,Jammu and Kashmir,13606320
13,0,4,2020-05-09,836,9,368,Jammu and Kashmir,13606320
25,0,15,2020-05-10,861,9,383,Jammu and Kashmir,13606320
18,1,44,2020-05-11,879,10,427,Jammu and Kashmir,13606320
55,0,28,2020-05-12,934,10,455,Jammu and Kashmir,13606320
37,1,11,2020-05-13,971,11,466,Jammu and Kashmir,13606320
12,0,19,2020-05-14,983,11,485,Jammu and Kashmir,13606320
30,0,28,2020-05-15,1013,11,513,Jammu and Kashmir,13606320
108,1,29,2020-05-16,1121,12,542,Jammu and Kashmir,13606320
62,1,33,2020-05-17,1183,13,575,Jammu and Kashmir,13606320
106,2,34,2020-05-18,1289,15,609,Jammu and Kashmir,13606320
28,2,38,2020-05-19,1317,17,647,Jammu and Kashmir,13606320
73,1,31,2020-05-20,1390,18,678,Jammu and Kashmir,13606320
59,2,6,2020-05-21,1449,20,684,Jammu and Kashmir,13606320
40,0,36,2020-05-22,1489,20,720,Jammu and Kashmir,13606320
80,1,54,2020-05-23,1569,21,774,Jammu and Kashmir,13606320
52,0,35,2020-05-24,1621,21,809,Jammu and Kashmir,13606320
47,2,0,2020-05-25,1668,23,809,Jammu and Kashmir,13606320
91,1,24,2020-05-26,1759,24,833,Jammu and Kashmir,13606320
162,2,21,2020-05-27,1921,26,854,Jammu and Kashmir,13606320
115,1,5,2020-05-28,2036,27,859,Jammu and Kashmir,13606320
128,1,16,2020-05-29,2164,28,875,Jammu and Kashmir,13606320
177,0,33,2020-05-30,2341,28,908,Jammu and Kashmir,13606320
105,0,19,2020-05-31,2446,28,927,Jammu and Kashmir,13606320
155,3,19,2020-06-01,2601,31,946,Jammu and Kashmir,13606320
117,2,7,2020-06-02,2718,33,953,Jammu and Kashmir,13606320
139,1,54,2020-06-03,2857,34,1007,Jammu and Kashmir,13606320
285,1,41,2020-06-04,3142,35,1048,Jammu and Kashmir,13606320
182,1,38,2020-06-05,3324,36,1086,Jammu and Kashmir,13606320
143,3,40,2020-06-06,3467,39,1126,Jammu and Kashmir,13606320
620,2,90,2020-06-07,4087,41,1216,Jammu and Kashmir,13606320
198,4,108,2020-06-08,4285,45,1324,Jammu and Kashmir,13606320
61,3,182,2020-06-09,4346,48,1506,Jammu and Kashmir,13606320
161,3,165,2020-06-10,4507,51,1671,Jammu and Kashmir,13606320
67,1,149,2020-06-11,4574,52,1820,Jammu and Kashmir,13606320
156,1,266,2020-06-12,4730,53,2086,Jammu and Kashmir,13606320
148,2,183,2020-06-13,4878,55,2269,Jammu and Kashmir,13606320
163,4,120,2020-06-14,5041,59,2389,Jammu and Kashmir,13606320
179,3,215,2020-06-15,5220,62,2604,Jammu and Kashmir,13606320
78,1,177,2020-06-16,5298,63,2781,Jammu and Kashmir,13606320
108,1,133,2020-06-17,5406,64,2914,Jammu and Kashmir,13606320
149,7,230,2020-06-18,5555,71,3144,Jammu and Kashmir,13606320
125,4,50,2020-06-19,5680,75,3194,Jammu and Kashmir,13606320
154,6,142,2020-06-20,5834,81,3336,Jammu and Kashmir,13606320
122,1,46,2020-06-21,5956,82,3382,Jammu and Kashmir,13606320
132,3,149,2020-06-22,6088,85,3531,Jammu and Kashmir,13606320
148,2,111,2020-06-23,6236,87,3642,Jammu and Kashmir,13606320
186,1,176,2020-06-24,6422,88,3818,Jammu and Kashmir,13606320
127,2,149,2020-06-25,6549,90,3967,Jammu and Kashmir,13606320
213,1,113,2020-06-26,6762,91,4080,Jammu and Kashmir,13606320
204,2,145,2020-06-27,6966,93,4225,Jammu and Kashmir,13606320
127,1,91,2020-06-28,7093,94,4316,Jammu and Kashmir,13606320
144,1,269,2020-06-29,7237,95,4585,Jammu and Kashmir,13606320
260,6,137,2020-06-30,7497,101,4722,Jammu and Kashmir,13606320
198,4,134,2020-07-01,7695,105,4856,Jammu and Kashmir,13606320
154,10,118,2020-07-02,7849,115,4974,Jammu and Kashmir,13606320
170,4,101,2020-07-03,8019,119,5075,Jammu and Kashmir,13606320
227,8,68,2020-07-04,8246,127,5143,Jammu and Kashmir,13606320
183,5,112,2020-07-05,8429,132,5255,Jammu and Kashmir,13606320
246,6,63,2020-07-06,8675,138,5318,Jammu and Kashmir,13606320
256,5,81,2020-07-07,8931,143,5399,Jammu and Kashmir,13606320
330,6,168,2020-07-08,9261,149,5567,Jammu and Kashmir,13606320
240,5,128,2020-07-09,9501,154,5695,Jammu and Kashmir,13606320
387,5,91,2020-07-10,9888,159,5786,Jammu and Kashmir,13606320
268,10,109,2020-07-11,10156,169,5895,Jammu and Kashmir,13606320
357,10,84,2020-07-12,10513,179,5979,Jammu and Kashmir,13606320
314,8,116,2020-07-13,10827,187,6095,Jammu and Kashmir,13606320
346,8,128,2020-07-14,11173,195,6223,Jammu and Kashmir,13606320
493,11,114,2020-07-15,11666,206,6337,Jammu and Kashmir,13606320
490,16,109,2020-07-16,12156,222,6446,Jammu and Kashmir,13606320
601,9,112,2020-07-17,12757,231,6558,Jammu and Kashmir,13606320
441,5,607,2020-07-18,13198,236,7165,Jammu and Kashmir,13606320
701,8,646,2020-07-19,13899,244,7811,Jammu and Kashmir,13606320
751,10,463,2020-07-20,14650,254,8274,Jammu and Kashmir,13606320
608,9,181,2020-07-21,15258,263,8455,Jammu and Kashmir,13606320
453,10,152,2020-07-22,15711,273,8607,Jammu and Kashmir,13606320
718,9,102,2020-07-23,16429,282,8709,Jammu and Kashmir,13606320
353,14,508,2020-07-24,16782,296,9217,Jammu and Kashmir,13606320
523,9,300,2020-07-25,17305,305,9517,Jammu and Kashmir,13606320
615,7,411,2020-07-26,17920,312,9928,Jammu and Kashmir,13606320
470,9,474,2020-07-27,18390,321,10402,Jammu and Kashmir,13606320
489,12,483,2020-07-28,18879,333,10885,Jammu and Kashmir,13606320
540,15,437,2020-07-29,19419,348,11322,Jammu and Kashmir,13606320
450,17,520,2020-07-30,19869,365,11842,Jammu and Kashmir,13606320
490,12,375,2020-07-31,20359,377,12217,Jammu and Kashmir,13606320
613,11,654,2020-08-01,20972,388,12871,Jammu and Kashmir,13606320
444,8,256,2020-08-02,21416,396,13127,Jammu and Kashmir,13606320
590,11,905,2020-08-03,22006,407,14032,Jammu and Kashmir,13606320
390,10,824,2020-08-04,22396,417,14856,Jammu and Kashmir,13606320
559,9,388,2020-08-05,22955,426,15244,Jammu and Kashmir,13606320
499,10,464,2020-08-06,23454,436,15708,Jammu and Kashmir,13606320
473,13,510,2020-08-07,23927,449,16218,Jammu and Kashmir,13606320
463,10,449,2020-08-08,24390,459,16667,Jammu and Kashmir,13606320
507,13,336,2020-08-09,24897,472,17003,Jammu and Kashmir,13606320
470,6,372,2020-08-10,25367,478,17375,Jammu and Kashmir,13606320
564,12,604,2020-08-11,25931,490,17979,Jammu and Kashmir,13606320
482,8,544,2020-08-12,26413,498,18523,Jammu and Kashmir,13606320
536,11,779,2020-08-13,26949,509,19302,Jammu and Kashmir,13606320
540,11,640,2020-08-14,27489,520,19942,Jammu and Kashmir,13606320
532,7,734,2020-08-15,28021,527,20676,Jammu and Kashmir,13606320
449,15,267,2020-08-16,28470,542,20943,Jammu and Kashmir,13606320
422,6,353,2020-08-17,28892,548,21296,Jammu and Kashmir,13606320
434,13,590,2020-08-18,29326,561,21886,Jammu and Kashmir,13606320
708,11,611,2020-08-19,30034,572,22497,Jammu and Kashmir,13606320
683,6,728,2020-08-20,30717,578,23225,Jammu and Kashmir,13606320
654,15,580,2020-08-21,31371,593,23805,Jammu and Kashmir,13606320
610,15,593,2020-08-22,31981,608,24398,Jammu and Kashmir,13606320
666,9,434,2020-08-23,32647,617,24832,Jammu and Kashmir,13606320
428,7,373,2020-08-24,33075,624,25205,Jammu and Kashmir,13606320
701,14,389,2020-08-25,33776,638,25594,Jammu and Kashmir,13606320
704,19,599,2020-08-26,34480,657,26193,Jammu and Kashmir,13606320
655,14,528,2020-08-27,35135,671,26721,Jammu and Kashmir,13606320
696,7,651,2020-08-28,35831,678,27372,Jammu and Kashmir,13606320
546,7,648,2020-08-29,36377,685,28020,Jammu and Kashmir,13606320
786,9,490,2020-08-30,37163,694,28510,Jammu and Kashmir,13606320
535,9,505,2020-08-31,37698,703,29015,Jammu and Kashmir,13606320
525,14,469,2020-09-01,38223,717,29484,Jammu and Kashmir,13606320
641,15,595,2020-09-02,38864,732,30079,Jammu and Kashmir,13606320
1079,11,680,2020-09-03,39943,743,30759,Jammu and Kashmir,13606320
1047,12,676,2020-09-04,40990,755,31435,Jammu and Kashmir,13606320
1251,15,489,2020-09-05,42241,770,31924,Jammu and Kashmir,13606320
1316,14,403,2020-09-06,43557,784,32327,Jammu and Kashmir,13606320
1013,17,433,2020-09-07,44570,801,32760,Jammu and Kashmir,13606320
1355,14,491,2020-09-08,45925,815,33251,Jammu and Kashmir,13606320
1617,17,620,2020-09-09,47542,832,33871,Jammu and Kashmir,13606320
1592,13,344,2020-09-10,49134,845,34215,Jammu and Kashmir,13606320
1578,9,474,2020-09-11,50712,854,34689,Jammu and Kashmir,13606320
1698,10,596,2020-09-12,52410,864,35285,Jammu and Kashmir,13606320
1686,14,452,2020-09-13,54096,878,35737,Jammu and Kashmir,13606320
1229,17,644,2020-09-14,55325,895,36381,Jammu and Kashmir,13606320
1329,19,681,2020-09-15,56654,914,37062,Jammu and Kashmir,13606320
1590,18,747,2020-09-16,58244,932,37809,Jammu and Kashmir,13606320
1467,19,712,2020-09-17,59711,951,38521,Jammu and Kashmir,13606320
1330,15,784,2020-09-18,61041,966,39305,Jammu and Kashmir,13606320
1492,21,960,2020-09-19,62533,987,40265,Jammu and Kashmir,13606320
1457,14,692,2020-09-20,63990,1001,40957,Jammu and Kashmir,13606320
1036,23,1158,2020-09-21,65026,1024,42115,Jammu and Kashmir,13606320
1235,18,1619,2020-09-22,66261,1042,43734,Jammu and Kashmir,13606320
1249,20,2796,2020-09-23,67510,1062,46530,Jammu and Kashmir,13606320
1104,22,1549,2020-09-24,68614,1084,48079,Jammu and Kashmir,13606320
1218,21,1478,2020-09-25,69832,1105,49557,Jammu and Kashmir,13606320
1217,20,1937,2020-09-26,71049,1125,51494,Jammu and Kashmir,13606320
1141,7,1365,2020-09-27,72190,1132,52859,Jammu and Kashmir,13606320
824,14,1408,2020-09-28,73014,1146,54267,Jammu and Kashmir,13606320
1081,18,1250,2020-09-29,74095,1164,55517,Jammu and Kashmir,13606320
975,17,1355,2020-09-30,75070,1181,56872,Jammu and Kashmir,13606320
1093,17,1680,2020-10-01,76163,1198,58552,Jammu and Kashmir,13606320
1090,14,1400,2020-10-02,77253,1212,59952,Jammu and Kashmir,13606320
975,19,1399,2020-10-03,78228,1231,61351,Jammu and Kashmir,13606320
878,11,1053,2020-10-04,79106,1242,62404,Jammu and Kashmir,13606320
632,10,1386,2020-10-05,79738,1252,63790,Jammu and Kashmir,13606320
738,16,1706,2020-10-06,80476,1268,65496,Jammu and Kashmir,13606320
621,14,2188,2020-10-07,81097,1282,67684,Jammu and Kashmir,13606320
696,9,1336,2020-10-08,81793,1291,69020,Jammu and Kashmir,13606320
636,15,959,2020-10-09,82429,1306,69979,Jammu and Kashmir,13606320
635,7,976,2020-10-10,83064,1313,70955,Jammu and Kashmir,13606320
569,9,890,2020-10-11,83633,1322,71845,Jammu and Kashmir,13606320
398,11,861,2020-10-12,84031,1333,72706,Jammu and Kashmir,13606320
677,7,796,2020-10-13,84708,1340,73502,Jammu and Kashmir,13606320
701,12,816,2020-10-14,85409,1352,74318,Jammu and Kashmir,13606320
648,6,1323,2020-10-15,86057,1358,75641,Jammu and Kashmir,13606320
697,8,838,2020-10-16,86754,1366,76479,Jammu and Kashmir,13606320
610,6,809,2020-10-17,87364,1372,77288,Jammu and Kashmir,13606320
578,7,598,2020-10-18,87942,1379,77886,Jammu and Kashmir,13606320
427,9,781,2020-10-19,88369,1388,78667,Jammu and Kashmir,13606320
589,9,770,2020-10-20,88958,1397,79437,Jammu and Kashmir,13606320
624,5,655,2020-10-21,89582,1402,80092,Jammu and Kashmir,13606320
584,10,710,2020-10-22,90166,1412,80802,Jammu and Kashmir,13606320
0,0,0,2020-03-14,0,0,0,Jharkhand,38593948
0,0,0,2020-03-15,0,0,0,Jharkhand,38593948
0,0,0,2020-03-16,0,0,0,Jharkhand,38593948
0,0,0,2020-03-17,0,0,0,Jharkhand,38593948
0,0,0,2020-03-18,0,0,0,Jharkhand,38593948
0,0,0,2020-03-19,0,0,0,Jharkhand,38593948
0,0,0,2020-03-20,0,0,0,Jharkhand,38593948
0,0,0,2020-03-21,0,0,0,Jharkhand,38593948
0,0,0,2020-03-22,0,0,0,Jharkhand,38593948
0,0,0,2020-03-23,0,0,0,Jharkhand,38593948
0,0,0,2020-03-24,0,0,0,Jharkhand,38593948
0,0,0,2020-03-25,0,0,0,Jharkhand,38593948
0,0,0,2020-03-26,0,0,0,Jharkhand,38593948
0,0,0,2020-03-27,0,0,0,Jharkhand,38593948
0,0,0,2020-03-28,0,0,0,Jharkhand,38593948
0,0,0,2020-03-29,0,0,0,Jharkhand,38593948
0,0,0,2020-03-30,0,0,0,Jharkhand,38593948
1,0,0,2020-03-31,1,0,0,Jharkhand,38593948
0,0,0,2020-04-01,1,0,0,Jharkhand,38593948
1,0,0,2020-04-02,2,0,0,Jharkhand,38593948
0,0,0,2020-04-03,2,0,0,Jharkhand,38593948
0,0,0,2020-04-04,2,0,0,Jharkhand,38593948
1,0,0,2020-04-05,3,0,0,Jharkhand,38593948
1,0,0,2020-04-06,4,0,0,Jharkhand,38593948
0,0,0,2020-04-07,4,0,0,Jharkhand,38593948
0,0,0,2020-04-08,4,0,0,Jharkhand,38593948
9,1,0,2020-04-09,13,1,0,Jharkhand,38593948
1,0,0,2020-04-10,14,1,0,Jharkhand,38593948
3,0,0,2020-04-11,17,1,0,Jharkhand,38593948
2,1,0,2020-04-12,19,2,0,Jharkhand,38593948
5,0,0,2020-04-13,24,2,0,Jharkhand,38593948
3,0,0,2020-04-14,27,2,0,Jharkhand,38593948
1,0,0,2020-04-15,28,2,0,Jharkhand,38593948
1,0,0,2020-04-16,29,2,0,Jharkhand,38593948
3,0,0,2020-04-17,32,2,0,Jharkhand,38593948
1,0,0,2020-04-18,33,2,0,Jharkhand,38593948
8,0,0,2020-04-19,41,2,0,Jharkhand,38593948
5,0,4,2020-04-20,46,2,4,Jharkhand,38593948
0,0,0,2020-04-21,46,2,4,Jharkhand,38593948
0,0,0,2020-04-22,46,2,4,Jharkhand,38593948
7,1,4,2020-04-23,53,3,8,Jharkhand,38593948
6,0,0,2020-04-24,59,3,8,Jharkhand,38593948
8,0,0,2020-04-25,67,3,8,Jharkhand,38593948
15,0,5,2020-04-26,82,3,13,Jharkhand,38593948
21,0,4,2020-04-27,103,3,17,Jharkhand,38593948
2,0,2,2020-04-28,105,3,19,Jharkhand,38593948
2,0,0,2020-04-29,107,3,19,Jharkhand,38593948
3,0,0,2020-04-30,110,3,19,Jharkhand,38593948
3,0,2,2020-05-01,113,3,21,Jharkhand,38593948
2,0,1,2020-05-02,115,3,22,Jharkhand,38593948
0,0,5,2020-05-03,115,3,27,Jharkhand,38593948
0,0,0,2020-05-04,115,3,27,Jharkhand,38593948
10,0,6,2020-05-05,125,3,33,Jharkhand,38593948
2,0,4,2020-05-06,127,3,37,Jharkhand,38593948
5,0,4,2020-05-07,132,3,41,Jharkhand,38593948
22,0,0,2020-05-08,154,3,41,Jharkhand,38593948
2,0,37,2020-05-09,156,3,78,Jharkhand,38593948
1,0,0,2020-05-10,157,3,78,Jharkhand,38593948
4,0,0,2020-05-11,161,3,78,Jharkhand,38593948
11,0,1,2020-05-12,172,3,79,Jharkhand,38593948
5,0,8,2020-05-13,177,3,87,Jharkhand,38593948
26,0,0,2020-05-14,203,3,87,Jharkhand,38593948
8,0,10,2020-05-15,211,3,97,Jharkhand,38593948
6,0,16,2020-05-16,217,3,113,Jharkhand,38593948
6,0,0,2020-05-17,223,3,113,Jharkhand,38593948
5,0,14,2020-05-18,228,3,127,Jharkhand,38593948
20,0,0,2020-05-19,248,3,127,Jharkhand,38593948
42,0,2,2020-05-20,290,3,129,Jharkhand,38593948
13,0,7,2020-05-21,303,3,136,Jharkhand,38593948
20,0,0,2020-05-22,323,3,136,Jharkhand,38593948
27,0,5,2020-05-23,350,3,141,Jharkhand,38593948
20,1,7,2020-05-24,370,4,148,Jharkhand,38593948
35,0,0,2020-05-25,405,4,148,Jharkhand,38593948
21,0,5,2020-05-26,426,4,153,Jharkhand,38593948
7,0,0,2020-05-27,433,4,153,Jharkhand,38593948
6,0,0,2020-05-28,439,4,153,Jharkhand,38593948
82,1,63,2020-05-29,521,5,216,Jharkhand,38593948
73,0,40,2020-05-30,594,5,256,Jharkhand,38593948
41,0,0,2020-05-31,635,5,256,Jharkhand,38593948
26,0,40,2020-06-01,661,5,296,Jharkhand,38593948
61,0,0,2020-06-02,722,5,296,Jharkhand,38593948
42,0,1,2020-06-03,764,5,297,Jharkhand,38593948
63,1,69,2020-06-04,827,6,366,Jharkhand,38593948
95,1,69,2020-06-05,922,7,435,Jharkhand,38593948
106,0,38,2020-06-06,1028,7,473,Jharkhand,38593948
75,0,17,2020-06-07,1103,7,490,Jharkhand,38593948
187,0,29,2020-06-08,1290,7,519,Jharkhand,38593948
126,1,40,2020-06-09,1416,8,559,Jharkhand,38593948
135,0,33,2020-06-10,1551,8,592,Jharkhand,38593948
48,0,38,2020-06-11,1599,8,630,Jharkhand,38593948
57,0,55,2020-06-12,1656,8,685,Jharkhand,38593948
55,0,131,2020-06-13,1711,8,816,Jharkhand,38593948
52,0,89,2020-06-14,1763,8,905,Jharkhand,38593948
30,1,95,2020-06-15,1793,9,1000,Jharkhand,38593948
46,0,121,2020-06-16,1839,9,1121,Jharkhand,38593948
57,1,30,2020-06-17,1896,10,1151,Jharkhand,38593948
23,1,47,2020-06-18,1919,11,1198,Jharkhand,38593948
42,0,137,2020-06-19,1961,11,1335,Jharkhand,38593948
63,0,69,2020-06-20,2024,11,1404,Jharkhand,38593948
74,0,2,2020-06-21,2098,11,1406,Jharkhand,38593948
42,0,63,2020-06-22,2140,11,1469,Jharkhand,38593948
53,0,51,2020-06-23,2193,11,1520,Jharkhand,38593948
26,1,55,2020-06-24,2219,12,1575,Jharkhand,38593948
44,0,30,2020-06-25,2263,12,1605,Jharkhand,38593948
31,0,42,2020-06-26,2294,12,1647,Jharkhand,38593948
45,0,77,2020-06-27,2339,12,1724,Jharkhand,38593948
25,0,69,2020-06-28,2364,12,1793,Jharkhand,38593948
62,3,56,2020-06-29,2426,15,1849,Jharkhand,38593948
64,0,35,2020-06-30,2490,15,1884,Jharkhand,38593948
35,0,47,2020-07-01,2525,15,1931,Jharkhand,38593948
60,0,57,2020-07-02,2585,15,1988,Jharkhand,38593948
112,0,13,2020-07-03,2697,15,2001,Jharkhand,38593948
42,3,34,2020-07-04,2739,18,2035,Jharkhand,38593948
68,1,10,2020-07-05,2807,19,2045,Jharkhand,38593948
47,1,23,2020-07-06,2854,20,2068,Jharkhand,38593948
164,2,36,2020-07-07,3018,22,2104,Jharkhand,38593948
116,0,66,2020-07-08,3134,22,2170,Jharkhand,38593948
134,1,40,2020-07-09,3268,23,2210,Jharkhand,38593948
250,0,14,2020-07-10,3518,23,2224,Jharkhand,38593948
145,1,32,2020-07-11,3663,24,2256,Jharkhand,38593948
97,7,52,2020-07-12,3760,31,2308,Jharkhand,38593948
203,2,43,2020-07-13,3963,33,2351,Jharkhand,38593948
262,3,77,2020-07-14,4225,36,2428,Jharkhand,38593948
337,2,57,2020-07-15,4562,38,2485,Jharkhand,38593948
221,4,28,2020-07-16,4783,42,2513,Jharkhand,38593948
313,4,64,2020-07-17,5096,46,2577,Jharkhand,38593948
289,2,79,2020-07-18,5385,48,2656,Jharkhand,38593948
167,1,62,2020-07-19,5552,49,2718,Jharkhand,38593948
225,4,117,2020-07-20,5777,53,2835,Jharkhand,38593948
418,8,107,2020-07-21,6195,61,2942,Jharkhand,38593948
487,3,106,2020-07-22,6682,64,3048,Jharkhand,38593948
482,3,206,2020-07-23,7164,67,3254,Jharkhand,38593948
400,9,100,2020-07-24,7564,76,3354,Jharkhand,38593948
277,7,167,2020-07-25,7841,83,3521,Jharkhand,38593948
508,0,183,2020-07-26,8349,83,3704,Jharkhand,38593948
454,7,101,2020-07-27,8803,90,3805,Jharkhand,38593948
760,4,179,2020-07-28,9563,94,3984,Jharkhand,38593948
331,5,77,2020-07-29,9894,99,4061,Jharkhand,38593948
505,4,115,2020-07-30,10399,103,4176,Jharkhand,38593948
915,3,167,2020-07-31,11314,106,4343,Jharkhand,38593948
790,8,170,2020-08-01,12104,114,4513,Jharkhand,38593948
455,4,169,2020-08-02,12559,118,4682,Jharkhand,38593948
941,7,112,2020-08-03,13500,125,4794,Jharkhand,38593948
570,4,405,2020-08-04,14070,129,5199,Jharkhand,38593948
978,7,627,2020-08-05,15048,136,5826,Jharkhand,38593948
708,9,768,2020-08-06,15756,145,6594,Jharkhand,38593948
726,6,897,2020-08-07,16482,151,7491,Jharkhand,38593948
986,9,834,2020-08-08,17468,160,8325,Jharkhand,38593948
688,17,673,2020-08-09,18156,177,8998,Jharkhand,38593948
630,12,750,2020-08-10,18786,189,9748,Jharkhand,38593948
683,5,807,2020-08-11,19469,194,10555,Jharkhand,38593948
788,8,1642,2020-08-12,20257,202,12197,Jharkhand,38593948
693,7,816,2020-08-13,20950,209,13013,Jharkhand,38593948
1175,15,665,2020-08-14,22125,224,13678,Jharkhand,38593948
547,5,503,2020-08-15,22672,229,14181,Jharkhand,38593948
552,15,566,2020-08-16,23224,244,14747,Jharkhand,38593948
843,11,601,2020-08-17,24067,255,15348,Jharkhand,38593948
1241,10,361,2020-08-18,25308,265,15709,Jharkhand,38593948
967,13,857,2020-08-19,26275,278,16566,Jharkhand,38593948
638,8,754,2020-08-20,26913,286,17320,Jharkhand,38593948
1258,11,1052,2020-08-21,28171,297,18372,Jharkhand,38593948
907,13,814,2020-08-22,29078,310,19186,Jharkhand,38593948
1075,8,950,2020-08-23,30153,318,20136,Jharkhand,38593948
940,17,889,2020-08-24,31093,335,21025,Jharkhand,38593948
1056,12,725,2020-08-25,32149,347,21750,Jharkhand,38593948
1137,15,736,2020-08-26,33286,362,22486,Jharkhand,38593948
1365,15,633,2020-08-27,34651,377,23119,Jharkhand,38593948
1137,12,1019,2020-08-28,35788,389,24138,Jharkhand,38593948
1299,9,1078,2020-08-29,37087,398,25216,Jharkhand,38593948
1323,12,1232,2020-08-30,38410,410,26448,Jharkhand,38593948
3221,7,695,2020-08-31,41631,417,27143,Jharkhand,38593948
2177,11,1006,2020-09-01,43808,428,28149,Jharkhand,38593948
1029,10,1598,2020-09-02,44837,438,29747,Jharkhand,38593948
1618,6,1139,2020-09-03,46455,444,30886,Jharkhand,38593948
1559,3,1157,2020-09-04,48014,447,32043,Jharkhand,38593948
1758,15,2287,2020-09-05,49772,462,34330,Jharkhand,38593948
1266,7,1854,2020-09-06,51038,469,36184,Jharkhand,38593948
1557,13,1366,2020-09-07,52595,482,37550,Jharkhand,38593948
2676,14,1812,2020-09-08,55271,496,39362,Jharkhand,38593948
1601,16,1297,2020-09-09,56872,512,40659,Jharkhand,38593948
1182,5,1456,2020-09-10,58054,517,42115,Jharkhand,38593948
961,15,1213,2020-09-11,59015,532,43328,Jharkhand,38593948
1420,10,1746,2020-09-12,60435,542,45074,Jharkhand,38593948
1014,13,1509,2020-09-13,61449,555,46583,Jharkhand,38593948
1263,6,1529,2020-09-14,62712,561,48112,Jharkhand,38593948
1702,10,1638,2020-09-15,64414,571,49750,Jharkhand,38593948
1635,8,1607,2020-09-16,66049,579,51357,Jharkhand,38593948
1026,11,1450,2020-09-17,67075,590,52807,Jharkhand,38593948
1478,12,1245,2020-09-18,68553,602,54052,Jharkhand,38593948
1282,13,1645,2020-09-19,69835,615,55697,Jharkhand,38593948
1492,2,1247,2020-09-20,71327,617,56944,Jharkhand,38593948
1321,9,1599,2020-09-21,72648,626,58543,Jharkhand,38593948
1275,15,1484,2020-09-22,73923,641,60027,Jharkhand,38593948
1141,7,1532,2020-09-23,75064,648,61559,Jharkhand,38593948
1349,4,1386,2020-09-24,76413,652,62945,Jharkhand,38593948
1271,9,1570,2020-09-25,77684,661,64515,Jharkhand,38593948
1226,9,1324,2020-09-26,78910,670,65839,Jharkhand,38593948
974,9,958,2020-09-27,79884,679,66797,Jharkhand,38593948
1508,9,1806,2020-09-28,81392,688,68603,Jharkhand,38593948
1123,12,1295,2020-09-29,82515,700,69898,Jharkhand,38593948
1111,13,1444,2020-09-30,83626,713,71342,Jharkhand,38593948
1013,8,1119,2020-10-01,84639,721,72461,Jharkhand,38593948
736,8,967,2020-10-02,85375,729,73428,Jharkhand,38593948
877,5,1176,2020-10-03,86252,734,74604,Jharkhand,38593948
933,9,907,2020-10-04,87185,743,75511,Jharkhand,38593948
816,4,1332,2020-10-05,88001,747,76843,Jharkhand,38593948
847,10,1246,2020-10-06,88848,757,78089,Jharkhand,38593948
829,10,1087,2020-10-07,89677,767,79176,Jharkhand,38593948
784,8,1263,2020-10-08,90461,775,80439,Jharkhand,38593948
768,6,1215,2020-10-09,91229,781,81654,Jharkhand,38593948
697,3,1151,2020-10-10,91926,784,82805,Jharkhand,38593948
574,3,766,2020-10-11,92500,787,83571,Jharkhand,38593948
510,11,890,2020-10-12,93010,798,84461,Jharkhand,38593948
701,7,853,2020-10-13,93711,805,85314,Jharkhand,38593948
633,6,1053,2020-10-14,94344,811,86367,Jharkhand,38593948
583,8,873,2020-10-15,94927,819,87240,Jharkhand,38593948
473,5,818,2020-10-16,95400,824,88058,Jharkhand,38593948
542,8,501,2020-10-17,95942,832,88559,Jharkhand,38593948
385,7,452,2020-10-18,96327,839,89011,Jharkhand,38593948
490,3,769,2020-10-19,96817,842,89780,Jharkhand,38593948
572,7,605,2020-10-20,97389,849,90385,Jharkhand,38593948
647,2,619,2020-10-21,98036,851,91004,Jharkhand,38593948
549,8,625,2020-10-22,98585,859,91629,Jharkhand,38593948
6,1,0,2020-03-14,6,1,0,Karnataka,67562686
0,0,0,2020-03-15,6,1,0,Karnataka,67562686
1,0,0,2020-03-16,7,1,0,Karnataka,67562686
2,0,0,2020-03-17,9,1,0,Karnataka,67562686
5,0,0,2020-03-18,14,1,0,Karnataka,67562686
1,0,0,2020-03-19,15,1,0,Karnataka,67562686
0,0,1,2020-03-20,15,1,1,Karnataka,67562686
5,0,0,2020-03-21,20,1,1,Karnataka,67562686
6,0,0,2020-03-22,26,1,1,Karnataka,67562686
7,0,1,2020-03-23,33,1,2,Karnataka,67562686
8,0,1,2020-03-24,41,1,3,Karnataka,67562686
10,0,0,2020-03-25,51,1,3,Karnataka,67562686
4,1,0,2020-03-26,55,2,3,Karnataka,67562686
9,1,2,2020-03-27,64,3,5,Karnataka,67562686
17,0,0,2020-03-28,81,3,5,Karnataka,67562686
2,0,0,2020-03-29,83,3,5,Karnataka,67562686
5,0,1,2020-03-30,88,3,6,Karnataka,67562686
13,0,2,2020-03-31,101,3,8,Karnataka,67562686
9,0,1,2020-04-01,110,3,9,Karnataka,67562686
14,0,2,2020-04-02,124,3,11,Karnataka,67562686
4,1,0,2020-04-03,128,4,11,Karnataka,67562686
16,0,0,2020-04-04,144,4,11,Karnataka,67562686
7,0,1,2020-04-05,151,4,12,Karnataka,67562686
12,0,8,2020-04-06,163,4,20,Karnataka,67562686
12,0,5,2020-04-07,175,4,25,Karnataka,67562686
6,1,3,2020-04-08,181,5,28,Karnataka,67562686
16,1,2,2020-04-09,197,6,30,Karnataka,67562686
10,0,4,2020-04-10,207,6,34,Karnataka,67562686
8,0,5,2020-04-11,215,6,39,Karnataka,67562686
17,0,15,2020-04-12,232,6,54,Karnataka,67562686
15,2,6,2020-04-13,247,8,60,Karnataka,67562686
13,2,11,2020-04-14,260,10,71,Karnataka,67562686
19,2,9,2020-04-15,279,12,80,Karnataka,67562686
36,1,2,2020-04-16,315,13,82,Karnataka,67562686
44,0,6,2020-04-17,359,13,88,Karnataka,67562686
25,1,16,2020-04-18,384,14,104,Karnataka,67562686
6,2,7,2020-04-19,390,16,111,Karnataka,67562686
18,0,1,2020-04-20,408,16,112,Karnataka,67562686
10,1,17,2020-04-21,418,17,129,Karnataka,67562686
9,0,2,2020-04-22,427,17,131,Karnataka,67562686
18,0,14,2020-04-23,445,17,145,Karnataka,67562686
29,1,7,2020-04-24,474,18,152,Karnataka,67562686
26,0,6,2020-04-25,500,18,158,Karnataka,67562686
3,1,24,2020-04-26,503,19,182,Karnataka,67562686
9,1,11,2020-04-27,512,20,193,Karnataka,67562686
11,0,14,2020-04-28,523,20,207,Karnataka,67562686
12,1,9,2020-04-29,535,21,216,Karnataka,67562686
30,1,13,2020-04-30,565,22,229,Karnataka,67562686
24,0,22,2020-05-01,589,22,251,Karnataka,67562686
12,3,20,2020-05-02,601,25,271,Karnataka,67562686
13,0,22,2020-05-03,614,25,293,Karnataka,67562686
37,2,28,2020-05-04,651,27,321,Karnataka,67562686
22,2,10,2020-05-05,673,29,331,Karnataka,67562686
20,0,23,2020-05-06,693,29,354,Karnataka,67562686
12,1,12,2020-05-07,705,30,366,Karnataka,67562686
48,0,10,2020-05-08,753,30,376,Karnataka,67562686
41,0,10,2020-05-09,794,30,386,Karnataka,67562686
54,1,36,2020-05-10,848,31,422,Karnataka,67562686
14,0,4,2020-05-11,862,31,426,Karnataka,67562686
63,0,7,2020-05-12,925,31,433,Karnataka,67562686
34,2,18,2020-05-13,959,33,451,Karnataka,67562686
28,2,9,2020-05-14,987,35,460,Karnataka,67562686
69,1,20,2020-05-15,1056,36,480,Karnataka,67562686
36,0,16,2020-05-16,1092,36,496,Karnataka,67562686
55,1,13,2020-05-17,1147,37,509,Karnataka,67562686
99,0,21,2020-05-18,1246,37,530,Karnataka,67562686
149,3,13,2020-05-19,1395,40,543,Karnataka,67562686
67,1,13,2020-05-20,1462,41,556,Karnataka,67562686
143,0,15,2020-05-21,1605,41,571,Karnataka,67562686
138,0,26,2020-05-22,1743,41,597,Karnataka,67562686
216,1,11,2020-05-23,1959,42,608,Karnataka,67562686
130,0,46,2020-05-24,2089,42,654,Karnataka,67562686
93,2,51,2020-05-25,2182,44,705,Karnataka,67562686
101,0,59,2020-05-26,2283,44,764,Karnataka,67562686
135,3,17,2020-05-27,2418,47,781,Karnataka,67562686
115,0,53,2020-05-28,2533,47,834,Karnataka,67562686
248,1,60,2020-05-29,2781,48,894,Karnataka,67562686
141,1,103,2020-05-30,2922,49,997,Karnataka,67562686
299,2,221,2020-05-31,3221,51,1218,Karnataka,67562686
187,1,100,2020-06-01,3408,52,1318,Karnataka,67562686
388,0,75,2020-06-02,3796,52,1393,Karnataka,67562686
267,1,111,2020-06-03,4063,53,1504,Karnataka,67562686
257,4,106,2020-06-04,4320,57,1610,Karnataka,67562686
515,0,83,2020-06-05,4835,57,1693,Karnataka,67562686
378,2,280,2020-06-06,5213,59,1973,Karnataka,67562686
239,2,159,2020-06-07,5452,61,2132,Karnataka,67562686
308,3,309,2020-06-08,5760,64,2441,Karnataka,67562686
161,2,164,2020-06-09,5921,66,2605,Karnataka,67562686
120,3,257,2020-06-10,6041,69,2862,Karnataka,67562686
204,3,114,2020-06-11,6245,72,2976,Karnataka,67562686
271,7,464,2020-06-12,6516,79,3440,Karnataka,67562686
308,3,208,2020-06-13,6824,82,3648,Karnataka,67562686
176,5,312,2020-06-14,7000,87,3960,Karnataka,67562686
213,2,174,2020-06-15,7213,89,4134,Karnataka,67562686
317,7,322,2020-06-16,7530,96,4456,Karnataka,67562686
204,8,348,2020-06-17,7734,104,4804,Karnataka,67562686
210,12,176,2020-06-18,7944,116,4980,Karnataka,67562686
337,9,230,2020-06-19,8281,125,5210,Karnataka,67562686
416,9,183,2020-06-20,8697,134,5393,Karnataka,67562686
453,5,226,2020-06-21,9150,139,5619,Karnataka,67562686
249,5,111,2020-06-22,9399,144,5730,Karnataka,67562686
322,8,274,2020-06-23,9721,152,6004,Karnataka,67562686
397,14,149,2020-06-24,10118,166,6153,Karnataka,67562686
442,6,519,2020-06-25,10560,172,6672,Karnataka,67562686
445,10,246,2020-06-26,11005,182,6918,Karnataka,67562686
918,11,371,2020-06-27,11923,193,7289,Karnataka,67562686
1267,16,220,2020-06-28,13190,209,7509,Karnataka,67562686
1105,19,176,2020-06-29,14295,228,7685,Karnataka,67562686
947,20,235,2020-06-30,15242,248,7920,Karnataka,67562686
1272,7,145,2020-07-01,16514,255,8065,Karnataka,67562686
1502,19,271,2020-07-02,18016,274,8336,Karnataka,67562686
1694,21,471,2020-07-03,19710,295,8807,Karnataka,67562686
1839,42,439,2020-07-04,21549,337,9246,Karnataka,67562686
1925,37,603,2020-07-05,23474,374,9849,Karnataka,67562686
1843,30,680,2020-07-06,25317,404,10529,Karnataka,67562686
1498,15,571,2020-07-07,26815,419,11100,Karnataka,67562686
2062,54,778,2020-07-08,28877,473,11878,Karnataka,67562686
2228,17,957,2020-07-09,31105,490,12835,Karnataka,67562686
2313,57,1003,2020-07-10,33418,547,13838,Karnataka,67562686
2798,70,880,2020-07-11,36216,617,14718,Karnataka,67562686
2627,71,693,2020-07-12,38843,688,15411,Karnataka,67562686
2738,73,838,2020-07-13,41581,761,16249,Karnataka,67562686
2496,87,1142,2020-07-14,44077,848,17391,Karnataka,67562686
3176,87,1076,2020-07-15,47253,935,18467,Karnataka,67562686
4169,104,1263,2020-07-16,51422,1039,19730,Karnataka,67562686
3693,115,1028,2020-07-17,55115,1154,20758,Karnataka,67562686
4537,93,1018,2020-07-18,59652,1247,21776,Karnataka,67562686
4120,91,1290,2020-07-19,63772,1338,23066,Karnataka,67562686
3648,72,730,2020-07-20,67420,1410,23796,Karnataka,67562686
3649,61,1664,2020-07-21,71069,1471,25460,Karnataka,67562686
4764,55,1780,2020-07-22,75833,1526,27240,Karnataka,67562686
5030,97,2071,2020-07-23,80863,1623,29311,Karnataka,67562686
5007,110,2037,2020-07-24,85870,1733,31348,Karnataka,67562686
5072,72,2403,2020-07-25,90942,1805,33751,Karnataka,67562686
5199,82,2088,2020-07-26,96141,1887,35839,Karnataka,67562686
5324,75,1847,2020-07-27,101465,1962,37686,Karnataka,67562686
5536,102,2819,2020-07-28,107001,2064,40505,Karnataka,67562686
5503,90,2397,2020-07-29,112504,2154,42902,Karnataka,67562686
6128,83,3793,2020-07-30,118632,2237,46695,Karnataka,67562686
5483,84,3094,2020-07-31,124115,2321,49789,Karnataka,67562686
5172,98,3860,2020-08-01,129287,2419,53649,Karnataka,67562686
5532,84,4077,2020-08-02,134819,2503,57726,Karnataka,67562686
4752,98,4775,2020-08-03,139571,2601,62501,Karnataka,67562686
6259,110,6772,2020-08-04,145830,2711,69273,Karnataka,67562686
5619,100,5407,2020-08-05,151449,2811,74680,Karnataka,67562686
6805,93,5602,2020-08-06,158254,2904,80282,Karnataka,67562686
6670,100,3951,2020-08-07,164924,3004,84233,Karnataka,67562686
7178,93,5006,2020-08-08,172102,3097,89239,Karnataka,67562686
5985,107,4670,2020-08-09,178087,3204,93909,Karnataka,67562686
4267,114,5218,2020-08-10,182354,3318,99127,Karnataka,67562686
6257,86,6473,2020-08-11,188611,3404,105600,Karnataka,67562686
7883,113,7034,2020-08-12,196494,3517,112634,Karnataka,67562686
6706,103,8609,2020-08-13,203200,3620,121243,Karnataka,67562686
7908,104,6940,2020-08-14,211108,3724,128183,Karnataka,67562686
8818,114,6629,2020-08-15,219926,3838,134812,Karnataka,67562686
7040,116,6680,2020-08-16,226966,3954,141492,Karnataka,67562686
6317,115,7071,2020-08-17,233283,4069,148563,Karnataka,67562686
7665,139,8387,2020-08-18,240948,4208,156950,Karnataka,67562686
8642,126,7201,2020-08-19,249590,4334,164151,Karnataka,67562686
7385,102,6231,2020-08-20,256975,4436,170382,Karnataka,67562686
7571,93,6561,2020-08-21,264546,4529,176943,Karnataka,67562686
7330,93,7626,2020-08-22,271876,4622,184569,Karnataka,67562686
5938,68,4996,2020-08-23,277814,4690,189565,Karnataka,67562686
5851,127,8061,2020-08-24,283665,4817,197626,Karnataka,67562686
8161,148,6814,2020-08-25,291826,4965,204440,Karnataka,67562686
8580,133,7249,2020-08-26,300406,5098,211689,Karnataka,67562686
9386,141,7866,2020-08-27,309792,5239,219555,Karnataka,67562686
8960,136,7464,2020-08-28,318752,5375,227019,Karnataka,67562686
8324,115,8110,2020-08-29,327076,5490,235129,Karnataka,67562686
8852,106,7101,2020-08-30,335928,5596,242230,Karnataka,67562686
6495,113,7238,2020-08-31,342423,5709,249468,Karnataka,67562686
9058,0,5159,2020-09-01,351481,5709,254627,Karnataka,67562686
9860,0,6287,2020-09-02,361341,5709,260914,Karnataka,67562686
8865,0,7122,2020-09-03,370206,5709,268036,Karnataka,67562686
9280,0,6161,2020-09-04,379486,5709,274197,Karnataka,67562686
9746,0,9102,2020-09-05,389232,5709,283299,Karnataka,67562686
9319,95,9575,2020-09-06,398551,5804,292874,Karnataka,67562686
5773,141,7897,2020-09-07,404324,5945,300771,Karnataka,67562686
7866,146,7803,2020-09-08,412190,6091,308574,Karnataka,67562686
9540,128,6860,2020-09-09,421730,6219,315434,Karnataka,67562686
9217,129,7021,2020-09-10,430947,6348,322455,Karnataka,67562686
9464,130,12545,2020-09-11,440411,6478,335000,Karnataka,67562686
9140,94,9557,2020-09-12,449551,6572,344557,Karnataka,67562686
9894,104,8402,2020-09-13,459445,6676,352959,Karnataka,67562686
8244,119,8865,2020-09-14,467689,6795,361824,Karnataka,67562686
7576,97,7406,2020-09-15,475265,6892,369230,Karnataka,67562686
9725,55,6580,2020-09-16,484990,6947,375810,Karnataka,67562686
9366,93,7268,2020-09-17,494356,7040,383078,Karnataka,67562686
8626,179,10949,2020-09-18,502982,7219,394027,Karnataka,67562686
8364,114,10815,2020-09-19,511346,7333,404842,Karnataka,67562686
8191,101,8611,2020-09-20,519537,7434,413453,Karnataka,67562686
7339,122,9925,2020-09-21,526876,7556,423378,Karnataka,67562686
6974,83,9073,2020-09-22,533850,7639,432451,Karnataka,67562686
6997,38,5460,2020-09-23,540847,7677,437911,Karnataka,67562686
7710,65,6748,2020-09-24,548557,7742,444659,Karnataka,67562686
8655,86,5644,2020-09-25,557212,7828,450303,Karnataka,67562686
8811,86,5417,2020-09-26,566023,7914,455720,Karnataka,67562686
9543,79,6522,2020-09-27,575566,7993,462242,Karnataka,67562686
6892,59,7509,2020-09-28,582458,8052,469751,Karnataka,67562686
10453,136,6628,2020-09-29,592911,8188,476379,Karnataka,67562686
8856,87,8890,2020-09-30,601767,8275,485269,Karnataka,67562686
10070,130,7144,2020-10-01,611837,8405,492413,Karnataka,67562686
8793,125,7094,2020-10-02,620630,8530,499507,Karnataka,67562686
9886,100,8989,2020-10-03,630516,8630,508496,Karnataka,67562686
10145,67,7287,2020-10-04,640661,8697,515783,Karnataka,67562686
7051,84,7064,2020-10-05,647712,8781,522847,Karnataka,67562686
9993,91,10228,2020-10-06,657705,8872,533075,Karnataka,67562686
10947,113,9832,2020-10-07,668652,8985,542907,Karnataka,67562686
10704,101,9613,2020-10-08,679356,9086,552520,Karnataka,67562686
10913,114,9091,2020-10-09,690269,9200,561611,Karnataka,67562686
10517,102,8337,2020-10-10,700786,9302,569948,Karnataka,67562686
9523,75,10107,2020-10-11,710309,9377,580055,Karnataka,67562686
7606,70,12030,2020-10-12,717915,9447,592085,Karnataka,67562686
8191,87,10421,2020-10-13,726106,9534,602506,Karnataka,67562686
9265,75,8662,2020-10-14,735371,9609,611168,Karnataka,67562686
8477,85,8841,2020-10-15,743848,9694,620009,Karnataka,67562686
7542,73,8580,2020-10-16,751390,9767,628589,Karnataka,67562686
7184,71,8893,2020-10-17,758574,9838,637482,Karnataka,67562686
7012,51,8344,2020-10-18,765586,9889,645826,Karnataka,67562686
5018,64,8004,2020-10-19,770604,9953,653830,Karnataka,67562686
6297,66,8500,2020-10-20,776901,10019,662330,Karnataka,67562686
5872,88,9289,2020-10-21,782773,10107,671619,Karnataka,67562686
5778,74,13217,2020-10-22,788551,10181,684836,Karnataka,67562686
19,0,3,2020-03-14,19,0,3,Kerala,35699443
5,0,0,2020-03-15,24,0,3,Kerala,35699443
3,0,0,2020-03-16,27,0,3,Kerala,35699443
0,0,0,2020-03-17,27,0,3,Kerala,35699443
0,0,0,2020-03-18,27,0,3,Kerala,35699443
1,0,0,2020-03-19,28,0,3,Kerala,35699443
12,0,0,2020-03-20,40,0,3,Kerala,35699443
12,0,0,2020-03-21,52,0,3,Kerala,35699443
15,0,0,2020-03-22,67,0,3,Kerala,35699443
28,0,0,2020-03-23,95,0,3,Kerala,35699443
14,0,1,2020-03-24,109,0,4,Kerala,35699443
9,0,0,2020-03-25,118,0,4,Kerala,35699443
19,0,7,2020-03-26,137,0,11,Kerala,35699443
39,0,0,2020-03-27,176,0,11,Kerala,35699443
6,1,1,2020-03-28,182,1,12,Kerala,35699443
20,0,4,2020-03-29,202,1,16,Kerala,35699443
32,0,4,2020-03-30,234,1,20,Kerala,35699443
7,1,4,2020-03-31,241,2,24,Kerala,35699443
24,0,2,2020-04-01,265,2,26,Kerala,35699443
21,0,2,2020-04-02,286,2,28,Kerala,35699443
9,0,14,2020-04-03,295,2,42,Kerala,35699443
11,0,8,2020-04-04,306,2,50,Kerala,35699443
8,0,6,2020-04-05,314,2,56,Kerala,35699443
13,0,3,2020-04-06,327,2,59,Kerala,35699443
9,0,12,2020-04-07,336,2,71,Kerala,35699443
9,0,13,2020-04-08,345,2,84,Kerala,35699443
12,0,13,2020-04-09,357,2,97,Kerala,35699443
7,0,27,2020-04-10,364,2,124,Kerala,35699443
10,1,19,2020-04-11,374,3,143,Kerala,35699443
2,0,36,2020-04-12,376,3,179,Kerala,35699443
3,0,19,2020-04-13,379,3,198,Kerala,35699443
8,0,13,2020-04-14,387,3,211,Kerala,35699443
1,0,7,2020-04-15,388,3,218,Kerala,35699443
7,0,27,2020-04-16,395,3,245,Kerala,35699443
1,0,10,2020-04-17,396,3,255,Kerala,35699443
4,0,2,2020-04-18,400,3,257,Kerala,35699443
2,0,13,2020-04-19,402,3,270,Kerala,35699443
6,0,21,2020-04-20,408,3,291,Kerala,35699443
19,0,16,2020-04-21,427,3,307,Kerala,35699443
11,0,1,2020-04-22,438,3,308,Kerala,35699443
10,0,8,2020-04-23,448,3,316,Kerala,35699443
3,1,15,2020-04-24,451,4,331,Kerala,35699443
7,0,7,2020-04-25,458,4,338,Kerala,35699443
11,0,4,2020-04-26,469,4,342,Kerala,35699443
13,0,13,2020-04-27,482,4,355,Kerala,35699443
4,0,4,2020-04-28,486,4,359,Kerala,35699443
10,0,10,2020-04-29,496,4,369,Kerala,35699443
2,0,14,2020-04-30,498,4,383,Kerala,35699443
0,0,9,2020-05-01,498,4,392,Kerala,35699443
2,0,8,2020-05-02,500,4,400,Kerala,35699443
0,0,1,2020-05-03,500,4,401,Kerala,35699443
0,0,61,2020-05-04,500,4,462,Kerala,35699443
3,0,0,2020-05-05,503,4,462,Kerala,35699443
0,0,7,2020-05-06,503,4,469,Kerala,35699443
0,0,5,2020-05-07,503,4,474,Kerala,35699443
1,0,10,2020-05-08,504,4,484,Kerala,35699443
2,0,1,2020-05-09,506,4,485,Kerala,35699443
7,0,4,2020-05-10,513,4,489,Kerala,35699443
7,0,0,2020-05-11,520,4,489,Kerala,35699443
5,0,0,2020-05-12,525,4,489,Kerala,35699443
10,0,1,2020-05-13,535,4,490,Kerala,35699443
26,0,3,2020-05-14,561,4,493,Kerala,35699443
16,0,0,2020-05-15,577,4,493,Kerala,35699443
11,0,4,2020-05-16,588,4,497,Kerala,35699443
14,0,0,2020-05-17,602,4,497,Kerala,35699443
29,0,0,2020-05-18,631,4,497,Kerala,35699443
12,0,0,2020-05-19,643,4,497,Kerala,35699443
24,0,5,2020-05-20,667,4,502,Kerala,35699443
24,0,8,2020-05-21,691,4,510,Kerala,35699443
42,1,2,2020-05-22,733,5,512,Kerala,35699443
62,0,3,2020-05-23,795,5,515,Kerala,35699443
53,1,5,2020-05-24,848,6,520,Kerala,35699443
49,0,12,2020-05-25,897,6,532,Kerala,35699443
67,1,10,2020-05-26,964,7,542,Kerala,35699443
40,0,10,2020-05-27,1004,7,552,Kerala,35699443
85,1,3,2020-05-28,1089,8,555,Kerala,35699443
62,1,10,2020-05-29,1151,9,565,Kerala,35699443
58,1,10,2020-05-30,1209,10,575,Kerala,35699443
61,0,15,2020-05-31,1270,10,590,Kerala,35699443
57,1,18,2020-06-01,1327,11,608,Kerala,35699443
86,1,19,2020-06-02,1413,12,627,Kerala,35699443
82,0,24,2020-06-03,1495,12,651,Kerala,35699443
94,3,39,2020-06-04,1589,15,690,Kerala,35699443
111,0,22,2020-06-05,1700,15,712,Kerala,35699443
108,1,50,2020-06-06,1808,16,762,Kerala,35699443
107,0,41,2020-06-07,1915,16,803,Kerala,35699443
91,1,11,2020-06-08,2006,17,814,Kerala,35699443
91,0,34,2020-06-09,2097,17,848,Kerala,35699443
65,1,57,2020-06-10,2162,18,905,Kerala,35699443
83,1,62,2020-06-11,2245,19,967,Kerala,35699443
78,1,32,2020-06-12,2323,20,999,Kerala,35699443
85,0,46,2020-06-13,2408,20,1045,Kerala,35699443
54,0,56,2020-06-14,2462,20,1101,Kerala,35699443
82,1,73,2020-06-15,2544,21,1174,Kerala,35699443
79,0,60,2020-06-16,2623,21,1234,Kerala,35699443
75,0,90,2020-06-17,2698,21,1324,Kerala,35699443
97,1,89,2020-06-18,2795,22,1413,Kerala,35699443
118,0,96,2020-06-19,2913,22,1509,Kerala,35699443
127,0,57,2020-06-20,3040,22,1566,Kerala,35699443
133,0,93,2020-06-21,3173,22,1659,Kerala,35699443
138,0,88,2020-06-22,3311,22,1747,Kerala,35699443
141,1,60,2020-06-23,3452,23,1807,Kerala,35699443
152,0,81,2020-06-24,3604,23,1888,Kerala,35699443
123,0,53,2020-06-25,3727,23,1941,Kerala,35699443
150,0,65,2020-06-26,3877,23,2006,Kerala,35699443
195,0,102,2020-06-27,4072,23,2108,Kerala,35699443
118,0,42,2020-06-28,4190,23,2150,Kerala,35699443
122,1,79,2020-06-29,4312,24,2229,Kerala,35699443
131,1,75,2020-06-30,4443,25,2304,Kerala,35699443
151,1,132,2020-07-01,4594,26,2436,Kerala,35699443
160,0,202,2020-07-02,4754,26,2638,Kerala,35699443
211,0,201,2020-07-03,4965,26,2839,Kerala,35699443
240,0,209,2020-07-04,5205,26,3048,Kerala,35699443
225,0,126,2020-07-05,5430,26,3174,Kerala,35699443
193,2,167,2020-07-06,5623,28,3341,Kerala,35699443
272,0,111,2020-07-07,5895,28,3452,Kerala,35699443
301,0,107,2020-07-08,6196,28,3559,Kerala,35699443
339,0,149,2020-07-09,6535,28,3708,Kerala,35699443
416,0,112,2020-07-10,6951,28,3820,Kerala,35699443
488,2,143,2020-07-11,7439,30,3963,Kerala,35699443
435,2,132,2020-07-12,7874,32,4095,Kerala,35699443
449,2,162,2020-07-13,8323,34,4257,Kerala,35699443
608,1,181,2020-07-14,8931,35,4438,Kerala,35699443
623,1,196,2020-07-15,9554,36,4634,Kerala,35699443
722,2,228,2020-07-16,10276,38,4862,Kerala,35699443
791,1,132,2020-07-17,11067,39,4994,Kerala,35699443
593,2,204,2020-07-18,11660,41,5198,Kerala,35699443
821,2,172,2020-07-19,12481,43,5370,Kerala,35699443
794,1,245,2020-07-20,13275,44,5615,Kerala,35699443
720,1,274,2020-07-21,13995,45,5889,Kerala,35699443
1038,1,272,2020-07-22,15033,46,6161,Kerala,35699443
1078,5,432,2020-07-23,16111,51,6593,Kerala,35699443
885,4,968,2020-07-24,16996,55,7561,Kerala,35699443
1103,5,1049,2020-07-25,18099,60,8610,Kerala,35699443
927,2,689,2020-07-26,19026,62,9299,Kerala,35699443
702,2,745,2020-07-27,19728,64,10044,Kerala,35699443
1167,4,679,2020-07-28,20895,68,10723,Kerala,35699443
903,1,641,2020-07-29,21798,69,11364,Kerala,35699443
506,2,794,2020-07-30,22304,71,12158,Kerala,35699443
1310,3,864,2020-07-31,23614,74,13022,Kerala,35699443
1129,8,752,2020-08-01,24743,82,13774,Kerala,35699443
1169,1,688,2020-08-02,25912,83,14462,Kerala,35699443
961,2,815,2020-08-03,26873,85,15277,Kerala,35699443
1083,3,1021,2020-08-04,27956,88,16298,Kerala,35699443
1195,7,1234,2020-08-05,29151,95,17532,Kerala,35699443
1298,3,800,2020-08-06,30449,98,18332,Kerala,35699443
1251,5,814,2020-08-07,31700,103,19146,Kerala,35699443
1420,4,1715,2020-08-08,33120,107,20861,Kerala,35699443
1211,2,970,2020-08-09,34331,109,21831,Kerala,35699443
1184,7,784,2020-08-10,35515,116,22615,Kerala,35699443
1417,5,1426,2020-08-11,36932,121,24041,Kerala,35699443
1212,6,880,2020-08-12,38144,127,24921,Kerala,35699443
1564,3,766,2020-08-13,39708,130,25687,Kerala,35699443
1569,10,1304,2020-08-14,41277,140,26991,Kerala,35699443
1608,7,803,2020-08-15,42885,147,27794,Kerala,35699443
1530,10,1099,2020-08-16,44415,157,28893,Kerala,35699443
1725,13,1131,2020-08-17,46140,170,30024,Kerala,35699443
1758,6,1365,2020-08-18,47898,176,31389,Kerala,35699443
2333,7,1217,2020-08-19,50231,183,32606,Kerala,35699443
1968,9,1217,2020-08-20,52199,192,33823,Kerala,35699443
1983,12,1419,2020-08-21,54182,204,35242,Kerala,35699443
2172,15,1292,2020-08-22,56354,219,36534,Kerala,35699443
1908,5,1110,2020-08-23,58262,224,37644,Kerala,35699443
1242,11,1238,2020-08-24,59504,235,38882,Kerala,35699443
2375,10,1456,2020-08-25,61879,245,40338,Kerala,35699443
2476,13,1351,2020-08-26,64355,258,41689,Kerala,35699443
2406,10,2067,2020-08-27,66761,268,43756,Kerala,35699443
2543,7,2097,2020-08-28,69304,275,45853,Kerala,35699443
2397,6,2225,2020-08-29,71701,281,48078,Kerala,35699443
2154,7,1766,2020-08-30,73855,288,49844,Kerala,35699443
1530,7,1693,2020-08-31,75385,295,51537,Kerala,35699443
1140,4,2111,2020-09-01,76525,299,53648,Kerala,35699443
1547,7,2129,2020-09-02,78072,306,55777,Kerala,35699443
1553,10,1950,2020-09-03,79625,316,57727,Kerala,35699443
2479,11,2716,2020-09-04,82104,327,60443,Kerala,35699443
2655,11,2111,2020-09-05,84759,338,62554,Kerala,35699443
3082,10,2196,2020-09-06,87841,348,64750,Kerala,35699443
1648,12,2246,2020-09-07,89489,360,66996,Kerala,35699443
3026,13,1862,2020-09-08,92515,373,68858,Kerala,35699443
3402,12,2058,2020-09-09,95917,385,70916,Kerala,35699443
3349,12,1657,2020-09-10,99266,397,72573,Kerala,35699443
2988,14,1326,2020-09-11,102254,411,73899,Kerala,35699443
2885,15,1944,2020-09-12,105139,426,75843,Kerala,35699443
3139,14,1855,2020-09-13,108278,440,77698,Kerala,35699443
2540,15,2110,2020-09-14,110818,455,79808,Kerala,35699443
3216,11,2532,2020-09-15,114034,466,82340,Kerala,35699443
3830,14,2263,2020-09-16,117864,480,84603,Kerala,35699443
4351,10,2737,2020-09-17,122215,490,87340,Kerala,35699443
4167,12,2744,2020-09-18,126382,502,90084,Kerala,35699443
4644,18,2862,2020-09-19,131026,520,92946,Kerala,35699443
4696,16,2751,2020-09-20,135722,536,95697,Kerala,35699443
2910,18,3022,2020-09-21,138632,554,98719,Kerala,35699443
4125,19,3007,2020-09-22,142757,573,101726,Kerala,35699443
5376,20,2951,2020-09-23,148133,593,104677,Kerala,35699443
6324,21,3168,2020-09-24,154457,614,107845,Kerala,35699443
6477,22,3481,2020-09-25,160934,636,111326,Kerala,35699443
7006,21,3199,2020-09-26,167940,657,114525,Kerala,35699443
7445,21,3391,2020-09-27,175385,678,117916,Kerala,35699443
4538,20,3347,2020-09-28,179923,698,121263,Kerala,35699443
7354,22,3420,2020-09-29,187277,720,124683,Kerala,35699443
8830,23,3536,2020-09-30,196107,743,128219,Kerala,35699443
8135,29,2828,2020-10-01,204242,772,131047,Kerala,35699443
9258,20,4092,2020-10-02,213500,792,135139,Kerala,35699443
7834,22,4476,2020-10-03,221334,814,139615,Kerala,35699443
8553,23,4851,2020-10-04,229887,837,144466,Kerala,35699443
5042,23,4640,2020-10-05,234929,860,149106,Kerala,35699443
7871,25,4981,2020-10-06,242800,885,154087,Kerala,35699443
10606,22,6161,2020-10-07,253406,907,160248,Kerala,35699443
5445,24,7003,2020-10-08,258851,931,167251,Kerala,35699443
9250,25,8048,2020-10-09,268101,956,175299,Kerala,35699443
11755,23,7570,2020-10-10,279856,979,182869,Kerala,35699443
9347,25,8924,2020-10-11,289203,1004,191793,Kerala,35699443
5930,22,7836,2020-10-12,295133,1026,199629,Kerala,35699443
8764,21,7723,2020-10-13,303897,1047,207352,Kerala,35699443
6244,20,7792,2020-10-14,310141,1067,215144,Kerala,35699443
7789,23,7082,2020-10-15,317930,1090,222226,Kerala,35699443
7283,24,6767,2020-10-16,325213,1114,228993,Kerala,35699443
9016,26,7991,2020-10-17,334229,1140,236984,Kerala,35699443
7631,22,8410,2020-10-18,341860,1162,245394,Kerala,35699443
5022,21,7469,2020-10-19,346882,1183,252863,Kerala,35699443
6591,24,7375,2020-10-20,353473,1207,260238,Kerala,35699443
8369,26,6839,2020-10-21,361842,1233,267077,Kerala,35699443
7482,23,7593,2020-10-22,369324,1256,274670,Kerala,35699443
0,0,0,2020-03-14,0,0,0,Ladakh,289023
0,0,0,2020-03-15,0,0,0,Ladakh,289023
0,0,0,2020-03-16,0,0,0,Ladakh,289023
0,0,0,2020-03-17,0,0,0,Ladakh,289023
8,0,0,2020-03-18,8,0,0,Ladakh,289023
0,0,0,2020-03-19,8,0,0,Ladakh,289023
2,0,0,2020-03-20,10,0,0,Ladakh,289023
3,0,0,2020-03-21,13,0,0,Ladakh,289023
0,0,0,2020-03-22,13,0,0,Ladakh,289023
0,0,0,2020-03-23,13,0,0,Ladakh,289023
0,0,0,2020-03-24,13,0,0,Ladakh,289023
0,0,0,2020-03-25,13,0,0,Ladakh,289023
0,0,0,2020-03-26,13,0,0,Ladakh,289023
0,0,3,2020-03-27,13,0,3,Ladakh,289023
0,0,0,2020-03-28,13,0,3,Ladakh,289023
0,0,0,2020-03-29,13,0,3,Ladakh,289023
0,0,0,2020-03-30,13,0,3,Ladakh,289023
0,0,0,2020-03-31,13,0,3,Ladakh,289023
0,0,0,2020-04-01,13,0,3,Ladakh,289023
0,0,0,2020-04-02,13,0,3,Ladakh,289023
1,0,0,2020-04-03,14,0,3,Ladakh,289023
0,0,0,2020-04-04,14,0,3,Ladakh,289023
0,0,0,2020-04-05,14,0,3,Ladakh,289023
0,0,7,2020-04-06,14,0,10,Ladakh,289023
0,0,0,2020-04-07,14,0,10,Ladakh,289023
0,0,0,2020-04-08,14,0,10,Ladakh,289023
0,0,0,2020-04-09,14,0,10,Ladakh,289023
1,0,1,2020-04-10,15,0,11,Ladakh,289023
0,0,0,2020-04-11,15,0,11,Ladakh,289023
0,0,0,2020-04-12,15,0,11,Ladakh,289023
2,0,1,2020-04-13,17,0,12,Ladakh,289023
0,0,0,2020-04-14,17,0,12,Ladakh,289023
1,0,0,2020-04-15,18,0,12,Ladakh,289023
0,0,2,2020-04-16,18,0,14,Ladakh,289023
0,0,0,2020-04-17,18,0,14,Ladakh,289023
0,0,0,2020-04-18,18,0,14,Ladakh,289023
0,0,0,2020-04-19,18,0,14,Ladakh,289023
0,0,0,2020-04-20,18,0,14,Ladakh,289023
0,0,0,2020-04-21,18,0,14,Ladakh,289023
0,0,0,2020-04-22,18,0,14,Ladakh,289023
0,0,2,2020-04-23,18,0,16,Ladakh,289023
0,0,0,2020-04-24,18,0,16,Ladakh,289023
2,0,0,2020-04-25,20,0,16,Ladakh,289023
0,0,0,2020-04-26,20,0,16,Ladakh,289023
0,0,0,2020-04-27,20,0,16,Ladakh,289023
2,0,0,2020-04-28,22,0,16,Ladakh,289023
0,0,1,2020-04-29,22,0,17,Ladakh,289023
0,0,0,2020-04-30,22,0,17,Ladakh,289023
0,0,0,2020-05-01,22,0,17,Ladakh,289023
1,0,0,2020-05-02,23,0,17,Ladakh,289023
19,0,0,2020-05-03,42,0,17,Ladakh,289023
0,0,0,2020-05-04,42,0,17,Ladakh,289023
0,0,0,2020-05-05,42,0,17,Ladakh,289023
0,0,0,2020-05-06,42,0,17,Ladakh,289023
0,0,0,2020-05-07,42,0,17,Ladakh,289023
0,0,1,2020-05-08,42,0,18,Ladakh,289023
0,0,0,2020-05-09,42,0,18,Ladakh,289023
0,0,3,2020-05-10,42,0,21,Ladakh,289023
0,0,1,2020-05-11,42,0,22,Ladakh,289023
0,0,0,2020-05-12,42,0,22,Ladakh,289023
1,0,0,2020-05-13,43,0,22,Ladakh,289023
0,0,0,2020-05-14,43,0,22,Ladakh,289023
0,0,2,2020-05-15,43,0,24,Ladakh,289023
0,0,0,2020-05-16,43,0,24,Ladakh,289023
0,0,0,2020-05-17,43,0,24,Ladakh,289023
0,0,19,2020-05-18,43,0,43,Ladakh,289023
0,0,0,2020-05-19,43,0,43,Ladakh,289023
1,0,0,2020-05-20,44,0,43,Ladakh,289023
0,0,0,2020-05-21,44,0,43,Ladakh,289023
2,0,0,2020-05-22,46,0,43,Ladakh,289023
3,0,0,2020-05-23,49,0,43,Ladakh,289023
3,0,0,2020-05-24,52,0,43,Ladakh,289023
1,0,0,2020-05-25,53,0,43,Ladakh,289023
0,0,0,2020-05-26,53,0,43,Ladakh,289023
1,0,0,2020-05-27,54,0,43,Ladakh,289023
20,0,0,2020-05-28,74,0,43,Ladakh,289023
0,0,0,2020-05-29,74,0,43,Ladakh,289023
3,0,0,2020-05-30,77,0,43,Ladakh,289023
0,0,4,2020-05-31,77,0,47,Ladakh,289023
0,0,0,2020-06-01,77,0,47,Ladakh,289023
4,1,0,2020-06-02,81,1,47,Ladakh,289023
9,0,1,2020-06-03,90,1,48,Ladakh,289023
4,0,0,2020-06-04,94,1,48,Ladakh,289023
3,0,0,2020-06-05,97,1,48,Ladakh,289023
2,0,2,2020-06-06,99,1,50,Ladakh,289023
4,0,0,2020-06-07,103,1,50,Ladakh,289023
0,0,0,2020-06-08,103,1,50,Ladakh,289023
5,0,0,2020-06-09,108,1,50,Ladakh,289023
7,0,0,2020-06-10,115,1,50,Ladakh,289023
20,0,4,2020-06-11,135,1,54,Ladakh,289023
104,0,4,2020-06-12,239,1,58,Ladakh,289023
198,0,10,2020-06-13,437,1,68,Ladakh,289023
112,0,12,2020-06-14,549,1,80,Ladakh,289023
6,0,2,2020-06-15,555,1,82,Ladakh,289023
94,0,3,2020-06-16,649,1,85,Ladakh,289023
38,0,7,2020-06-17,687,1,92,Ladakh,289023
0,0,3,2020-06-18,687,1,95,Ladakh,289023
57,0,0,2020-06-19,744,1,95,Ladakh,289023
92,0,22,2020-06-20,836,1,117,Ladakh,289023
1,0,17,2020-06-21,837,1,134,Ladakh,289023
10,0,2,2020-06-22,847,1,136,Ladakh,289023
85,0,12,2020-06-23,932,1,148,Ladakh,289023
0,0,126,2020-06-24,932,1,274,Ladakh,289023
9,0,84,2020-06-25,941,1,358,Ladakh,289023
5,0,109,2020-06-26,946,1,467,Ladakh,289023
14,0,87,2020-06-27,960,1,554,Ladakh,289023
3,0,32,2020-06-28,963,1,586,Ladakh,289023
1,0,30,2020-06-29,964,1,616,Ladakh,289023
9,0,32,2020-06-30,973,1,648,Ladakh,289023
17,0,46,2020-07-01,990,1,694,Ladakh,289023
1,0,35,2020-07-02,991,1,729,Ladakh,289023
11,0,47,2020-07-03,1002,1,776,Ladakh,289023
3,0,50,2020-07-04,1005,1,826,Ladakh,289023
0,0,0,2020-07-05,1005,1,826,Ladakh,289023
0,0,10,2020-07-06,1005,1,836,Ladakh,289023
36,0,24,2020-07-07,1041,1,860,Ladakh,289023
6,0,28,2020-07-08,1047,1,888,Ladakh,289023
8,0,27,2020-07-09,1055,1,915,Ladakh,289023
9,0,2,2020-07-10,1064,1,917,Ladakh,289023
13,0,11,2020-07-11,1077,1,928,Ladakh,289023
9,0,0,2020-07-12,1086,1,928,Ladakh,289023
7,0,18,2020-07-13,1093,1,946,Ladakh,289023
35,0,0,2020-07-14,1128,1,946,Ladakh,289023
14,0,18,2020-07-15,1142,1,964,Ladakh,289023
5,0,6,2020-07-16,1147,1,970,Ladakh,289023
4,1,3,2020-07-17,1151,2,973,Ladakh,289023
8,0,12,2020-07-18,1159,2,985,Ladakh,289023
19,0,18,2020-07-19,1178,2,1003,Ladakh,289023
17,0,4,2020-07-20,1195,2,1007,Ladakh,289023
3,0,3,2020-07-21,1198,2,1010,Ladakh,289023
8,0,8,2020-07-22,1206,2,1018,Ladakh,289023
4,0,7,2020-07-23,1210,2,1025,Ladakh,289023
36,0,10,2020-07-24,1246,2,1035,Ladakh,289023
30,1,22,2020-07-25,1276,3,1057,Ladakh,289023
9,1,6,2020-07-26,1285,4,1063,Ladakh,289023
21,0,3,2020-07-27,1306,4,1066,Ladakh,289023
21,0,1,2020-07-28,1327,4,1067,Ladakh,289023
20,2,13,2020-07-29,1347,6,1080,Ladakh,289023
31,1,14,2020-07-30,1378,7,1094,Ladakh,289023
26,0,1,2020-07-31,1404,7,1095,Ladakh,289023
58,0,13,2020-08-01,1462,7,1108,Ladakh,289023
4,0,0,2020-08-02,1466,7,1108,Ladakh,289023
19,0,1,2020-08-03,1485,7,1109,Ladakh,289023
49,0,18,2020-08-04,1534,7,1127,Ladakh,289023
58,0,37,2020-08-05,1592,7,1164,Ladakh,289023
3,0,13,2020-08-06,1595,7,1177,Ladakh,289023
19,2,17,2020-08-07,1614,9,1194,Ladakh,289023
25,0,20,2020-08-08,1639,9,1214,Ladakh,289023
49,0,8,2020-08-09,1688,9,1222,Ladakh,289023
29,0,15,2020-08-10,1717,9,1237,Ladakh,289023
53,0,18,2020-08-11,1770,9,1255,Ladakh,289023
41,0,19,2020-08-12,1811,9,1274,Ladakh,289023
38,0,8,2020-08-13,1849,9,1282,Ladakh,289023
30,0,21,2020-08-14,1879,9,1303,Ladakh,289023
30,1,4,2020-08-15,1909,10,1307,Ladakh,289023
39,4,49,2020-08-16,1948,14,1356,Ladakh,289023
18,0,12,2020-08-17,1966,14,1368,Ladakh,289023
44,3,27,2020-08-18,2010,17,1395,Ladakh,289023
38,1,2,2020-08-19,2048,18,1397,Ladakh,289023
29,0,39,2020-08-20,2077,18,1436,Ladakh,289023
56,1,13,2020-08-21,2133,19,1449,Ladakh,289023
77,2,20,2020-08-22,2210,21,1469,Ladakh,289023
69,2,22,2020-08-23,2279,23,1491,Ladakh,289023
51,0,26,2020-08-24,2330,23,1517,Ladakh,289023
90,1,32,2020-08-25,2420,24,1549,Ladakh,289023
31,1,31,2020-08-26,2451,25,1580,Ladakh,289023
41,2,60,2020-08-27,2492,27,1640,Ladakh,289023
48,1,74,2020-08-28,2540,28,1714,Ladakh,289023
63,4,31,2020-08-29,2603,32,1745,Ladakh,289023
35,2,12,2020-08-30,2638,34,1757,Ladakh,289023
43,0,117,2020-08-31,2681,34,1874,Ladakh,289023
52,1,104,2020-09-01,2733,35,1978,Ladakh,289023
52,0,29,2020-09-02,2785,35,2007,Ladakh,289023
55,0,32,2020-09-03,2840,35,2039,Ladakh,289023
95,0,46,2020-09-04,2935,35,2085,Ladakh,289023
61,0,42,2020-09-05,2996,35,2127,Ladakh,289023
40,0,24,2020-09-06,3036,35,2151,Ladakh,289023
28,0,60,2020-09-07,3064,35,2211,Ladakh,289023
38,0,77,2020-09-08,3102,35,2288,Ladakh,289023
40,0,41,2020-09-09,3142,35,2329,Ladakh,289023
35,1,37,2020-09-10,3177,36,2366,Ladakh,289023
51,2,21,2020-09-11,3228,38,2387,Ladakh,289023
66,1,27,2020-09-12,3294,39,2414,Ladakh,289023
51,1,22,2020-09-13,3345,40,2436,Ladakh,289023
74,1,39,2020-09-14,3419,41,2475,Ladakh,289023
80,3,42,2020-09-15,3499,44,2517,Ladakh,289023
36,2,19,2020-09-16,3535,46,2536,Ladakh,289023
41,1,22,2020-09-17,3576,47,2558,Ladakh,289023
59,1,42,2020-09-18,3635,48,2600,Ladakh,289023
73,1,66,2020-09-19,3708,49,2666,Ladakh,289023
45,0,25,2020-09-20,3753,49,2691,Ladakh,289023
79,1,44,2020-09-21,3832,50,2735,Ladakh,289023
55,0,74,2020-09-22,3887,50,2809,Ladakh,289023
46,1,35,2020-09-23,3933,51,2844,Ladakh,289023
36,3,49,2020-09-24,3969,54,2893,Ladakh,289023
56,2,78,2020-09-25,4025,56,2971,Ladakh,289023
68,1,47,2020-09-26,4093,57,3018,Ladakh,289023
10,1,14,2020-09-27,4103,58,3032,Ladakh,289023
49,0,32,2020-09-28,4152,58,3064,Ladakh,289023
43,0,43,2020-09-29,4195,58,3107,Ladakh,289023
74,0,40,2020-09-30,4269,58,3147,Ladakh,289023
91,3,85,2020-10-01,4360,61,3232,Ladakh,289023
69,0,42,2020-10-02,4429,61,3274,Ladakh,289023
48,0,41,2020-10-03,4477,61,3315,Ladakh,289023
44,0,39,2020-10-04,4521,61,3354,Ladakh,289023
120,0,60,2020-10-05,4641,61,3414,Ladakh,289023
79,0,50,2020-10-06,4720,61,3464,Ladakh,289023
82,2,47,2020-10-07,4802,63,3511,Ladakh,289023
100,0,39,2020-10-08,4902,63,3550,Ladakh,289023
85,0,336,2020-10-09,4987,63,3886,Ladakh,289023
72,1,87,2020-10-10,5059,64,3973,Ladakh,289023
22,0,64,2020-10-11,5081,64,4037,Ladakh,289023
70,0,89,2020-10-12,5151,64,4126,Ladakh,289023
87,0,79,2020-10-13,5238,64,4205,Ladakh,289023
66,0,56,2020-10-14,5304,64,4261,Ladakh,289023
89,1,49,2020-10-15,5393,65,4310,Ladakh,289023
48,0,151,2020-10-16,5441,65,4461,Ladakh,289023
93,1,74,2020-10-17,5534,66,4535,Ladakh,289023
64,0,80,2020-10-18,5598,66,4615,Ladakh,289023
49,0,86,2020-10-19,5647,66,4701,Ladakh,289023
48,1,86,2020-10-20,5695,67,4787,Ladakh,289023
86,1,78,2020-10-21,5781,68,4865,Ladakh,289023
31,0,37,2020-10-22,5812,68,4902,Ladakh,289023
0,0,0,2020-03-14,0,0,0,Lakshadweep,73183
0,0,0,2020-03-15,0,0,0,Lakshadweep,73183
0,0,0,2020-03-16,0,0,0,Lakshadweep,73183
0,0,0,2020-03-17,0,0,0,Lakshadweep,73183
0,0,0,2020-03-18,0,0,0,Lakshadweep,73183
0,0,0,2020-03-19,0,0,0,Lakshadweep,73183
0,0,0,2020-03-20,0,0,0,Lakshadweep,73183
0,0,0,2020-03-21,0,0,0,Lakshadweep,73183
0,0,0,2020-03-22,0,0,0,Lakshadweep,73183
0,0,0,2020-03-23,0,0,0,Lakshadweep,73183
0,0,0,2020-03-24,0,0,0,Lakshadweep,73183
0,0,0,2020-03-25,0,0,0,Lakshadweep,73183
0,0,0,2020-03-26,0,0,0,Lakshadweep,73183
0,0,0,2020-03-27,0,0,0,Lakshadweep,73183
0,0,0,2020-03-28,0,0,0,Lakshadweep,73183
0,0,0,2020-03-29,0,0,0,Lakshadweep,73183
0,0,0,2020-03-30,0,0,0,Lakshadweep,73183
0,0,0,2020-03-31,0,0,0,Lakshadweep,73183
0,0,0,2020-04-01,0,0,0,Lakshadweep,73183
0,0,0,2020-04-02,0,0,0,Lakshadweep,73183
0,0,0,2020-04-03,0,0,0,Lakshadweep,73183
0,0,0,2020-04-04,0,0,0,Lakshadweep,73183
0,0,0,2020-04-05,0,0,0,Lakshadweep,73183
0,0,0,2020-04-06,0,0,0,Lakshadweep,73183
0,0,0,2020-04-07,0,0,0,Lakshadweep,73183
0,0,0,2020-04-08,0,0,0,Lakshadweep,73183
0,0,0,2020-04-09,0,0,0,Lakshadweep,73183
0,0,0,2020-04-10,0,0,0,Lakshadweep,73183
0,0,0,2020-04-11,0,0,0,Lakshadweep,73183
0,0,0,2020-04-12,0,0,0,Lakshadweep,73183
0,0,0,2020-04-13,0,0,0,Lakshadweep,73183
0,0,0,2020-04-14,0,0,0,Lakshadweep,73183
0,0,0,2020-04-15,0,0,0,Lakshadweep,73183
0,0,0,2020-04-16,0,0,0,Lakshadweep,73183
0,0,0,2020-04-17,0,0,0,Lakshadweep,73183
0,0,0,2020-04-18,0,0,0,Lakshadweep,73183
0,0,0,2020-04-19,0,0,0,Lakshadweep,73183
0,0,0,2020-04-20,0,0,0,Lakshadweep,73183
0,0,0,2020-04-21,0,0,0,Lakshadweep,73183
0,0,0,2020-04-22,0,0,0,Lakshadweep,73183
0,0,0,2020-04-23,0,0,0,Lakshadweep,73183
0,0,0,2020-04-24,0,0,0,Lakshadweep,73183
0,0,0,2020-04-25,0,0,0,Lakshadweep,73183
0,0,0,2020-04-26,0,0,0,Lakshadweep,73183
0,0,0,2020-04-27,0,0,0,Lakshadweep,73183
0,0,0,2020-04-28,0,0,0,Lakshadweep,73183
0,0,0,2020-04-29,0,0,0,Lakshadweep,73183
0,0,0,2020-04-30,0,0,0,Lakshadweep,73183
0,0,0,2020-05-01,0,0,0,Lakshadweep,73183
0,0,0,2020-05-02,0,0,0,Lakshadweep,73183
0,0,0,2020-05-03,0,0,0,Lakshadweep,73183
0,0,0,2020-05-04,0,0,0,Lakshadweep,73183
0,0,0,2020-05-05,0,0,0,Lakshadweep,73183
0,0,0,2020-05-06,0,0,0,Lakshadweep,73183
0,0,0,2020-05-07,0,0,0,Lakshadweep,73183
0,0,0,2020-05-08,0,0,0,Lakshadweep,73183
0,0,0,2020-05-09,0,0,0,Lakshadweep,73183
0,0,0,2020-05-10,0,0,0,Lakshadweep,73183
0,0,0,2020-05-11,0,0,0,Lakshadweep,73183
0,0,0,2020-05-12,0,0,0,Lakshadweep,73183
0,0,0,2020-05-13,0,0,0,Lakshadweep,73183
0,0,0,2020-05-14,0,0,0,Lakshadweep,73183
0,0,0,2020-05-15,0,0,0,Lakshadweep,73183
0,0,0,2020-05-16,0,0,0,Lakshadweep,73183
0,0,0,2020-05-17,0,0,0,Lakshadweep,73183
0,0,0,2020-05-18,0,0,0,Lakshadweep,73183
0,0,0,2020-05-19,0,0,0,Lakshadweep,73183
0,0,0,2020-05-20,0,0,0,Lakshadweep,73183
0,0,0,2020-05-21,0,0,0,Lakshadweep,73183
0,0,0,2020-05-22,0,0,0,Lakshadweep,73183
0,0,0,2020-05-23,0,0,0,Lakshadweep,73183
0,0,0,2020-05-24,0,0,0,Lakshadweep,73183
0,0,0,2020-05-25,0,0,0,Lakshadweep,73183
0,0,0,2020-05-26,0,0,0,Lakshadweep,73183
0,0,0,2020-05-27,0,0,0,Lakshadweep,73183
0,0,0,2020-05-28,0,0,0,Lakshadweep,73183
0,0,0,2020-05-29,0,0,0,Lakshadweep,73183
0,0,0,2020-05-30,0,0,0,Lakshadweep,73183
0,0,0,2020-05-31,0,0,0,Lakshadweep,73183
0,0,0,2020-06-01,0,0,0,Lakshadweep,73183
0,0,0,2020-06-02,0,0,0,Lakshadweep,73183
0,0,0,2020-06-03,0,0,0,Lakshadweep,73183
0,0,0,2020-06-04,0,0,0,Lakshadweep,73183
0,0,0,2020-06-05,0,0,0,Lakshadweep,73183
0,0,0,2020-06-06,0,0,0,Lakshadweep,73183
0,0,0,2020-06-07,0,0,0,Lakshadweep,73183
0,0,0,2020-06-08,0,0,0,Lakshadweep,73183
0,0,0,2020-06-09,0,0,0,Lakshadweep,73183
0,0,0,2020-06-10,0,0,0,Lakshadweep,73183
0,0,0,2020-06-11,0,0,0,Lakshadweep,73183
0,0,0,2020-06-12,0,0,0,Lakshadweep,73183
0,0,0,2020-06-13,0,0,0,Lakshadweep,73183
0,0,0,2020-06-14,0,0,0,Lakshadweep,73183
0,0,0,2020-06-15,0,0,0,Lakshadweep,73183
0,0,0,2020-06-16,0,0,0,Lakshadweep,73183
0,0,0,2020-06-17,0,0,0,Lakshadweep,73183
0,0,0,2020-06-18,0,0,0,Lakshadweep,73183
0,0,0,2020-06-19,0,0,0,Lakshadweep,73183
0,0,0,2020-06-20,0,0,0,Lakshadweep,73183
0,0,0,2020-06-21,0,0,0,Lakshadweep,73183
0,0,0,2020-06-22,0,0,0,Lakshadweep,73183
0,0,0,2020-06-23,0,0,0,Lakshadweep,73183
0,0,0,2020-06-24,0,0,0,Lakshadweep,73183
0,0,0,2020-06-25,0,0,0,Lakshadweep,73183
0,0,0,2020-06-26,0,0,0,Lakshadweep,73183
0,0,0,2020-06-27,0,0,0,Lakshadweep,73183
0,0,0,2020-06-28,0,0,0,Lakshadweep,73183
0,0,0,2020-06-29,0,0,0,Lakshadweep,73183
0,0,0,2020-06-30,0,0,0,Lakshadweep,73183
0,0,0,2020-07-01,0,0,0,Lakshadweep,73183
0,0,0,2020-07-02,0,0,0,Lakshadweep,73183
0,0,0,2020-07-03,0,0,0,Lakshadweep,73183
0,0,0,2020-07-04,0,0,0,Lakshadweep,73183
0,0,0,2020-07-05,0,0,0,Lakshadweep,73183
0,0,0,2020-07-06,0,0,0,Lakshadweep,73183
0,0,0,2020-07-07,0,0,0,Lakshadweep,73183
0,0,0,2020-07-08,0,0,0,Lakshadweep,73183
0,0,0,2020-07-09,0,0,0,Lakshadweep,73183
0,0,0,2020-07-10,0,0,0,Lakshadweep,73183
0,0,0,2020-07-11,0,0,0,Lakshadweep,73183
0,0,0,2020-07-12,0,0,0,Lakshadweep,73183
0,0,0,2020-07-13,0,0,0,Lakshadweep,73183
0,0,0,2020-07-14,0,0,0,Lakshadweep,73183
0,0,0,2020-07-15,0,0,0,Lakshadweep,73183
0,0,0,2020-07-16,0,0,0,Lakshadweep,73183
0,0,0,2020-07-17,0,0,0,Lakshadweep,73183
0,0,0,2020-07-18,0,0,0,Lakshadweep,73183
0,0,0,2020-07-19,0,0,0,Lakshadweep,73183
0,0,0,2020-07-20,0,0,0,Lakshadweep,73183
0,0,0,2020-07-21,0,0,0,Lakshadweep,73183
0,0,0,2020-07-22,0,0,0,Lakshadweep,73183
0,0,0,2020-07-23,0,0,0,Lakshadweep,73183
0,0,0,2020-07-24,0,0,0,Lakshadweep,73183
0,0,0,2020-07-25,0,0,0,Lakshadweep,73183
0,0,0,2020-07-26,0,0,0,Lakshadweep,73183
0,0,0,2020-07-27,0,0,0,Lakshadweep,73183
0,0,0,2020-07-28,0,0,0,Lakshadweep,73183
0,0,0,2020-07-29,0,0,0,Lakshadweep,73183
0,0,0,2020-07-30,0,0,0,Lakshadweep,73183
0,0,0,2020-07-31,0,0,0,Lakshadweep,73183
0,0,0,2020-08-01,0,0,0,Lakshadweep,73183
0,0,0,2020-08-02,0,0,0,Lakshadweep,73183
0,0,0,2020-08-03,0,0,0,Lakshadweep,73183
0,0,0,2020-08-04,0,0,0,Lakshadweep,73183
0,0,0,2020-08-05,0,0,0,Lakshadweep,73183
0,0,0,2020-08-06,0,0,0,Lakshadweep,73183
0,0,0,2020-08-07,0,0,0,Lakshadweep,73183
0,0,0,2020-08-08,0,0,0,Lakshadweep,73183
0,0,0,2020-08-09,0,0,0,Lakshadweep,73183
0,0,0,2020-08-10,0,0,0,Lakshadweep,73183
0,0,0,2020-08-11,0,0,0,Lakshadweep,73183
0,0,0,2020-08-12,0,0,0,Lakshadweep,73183
0,0,0,2020-08-13,0,0,0,Lakshadweep,73183
0,0,0,2020-08-14,0,0,0,Lakshadweep,73183
0,0,0,2020-08-15,0,0,0,Lakshadweep,73183
0,0,0,2020-08-16,0,0,0,Lakshadweep,73183
0,0,0,2020-08-17,0,0,0,Lakshadweep,73183
0,0,0,2020-08-18,0,0,0,Lakshadweep,73183
0,0,0,2020-08-19,0,0,0,Lakshadweep,73183
0,0,0,2020-08-20,0,0,0,Lakshadweep,73183
0,0,0,2020-08-21,0,0,0,Lakshadweep,73183
0,0,0,2020-08-22,0,0,0,Lakshadweep,73183
0,0,0,2020-08-23,0,0,0,Lakshadweep,73183
0,0,0,2020-08-24,0,0,0,Lakshadweep,73183
0,0,0,2020-08-25,0,0,0,Lakshadweep,73183
0,0,0,2020-08-26,0,0,0,Lakshadweep,73183
0,0,0,2020-08-27,0,0,0,Lakshadweep,73183
0,0,0,2020-08-28,0,0,0,Lakshadweep,73183
0,0,0,2020-08-29,0,0,0,Lakshadweep,73183
0,0,0,2020-08-30,0,0,0,Lakshadweep,73183
0,0,0,2020-08-31,0,0,0,Lakshadweep,73183
0,0,0,2020-09-01,0,0,0,Lakshadweep,73183
0,0,0,2020-09-02,0,0,0,Lakshadweep,73183
0,0,0,2020-09-03,0,0,0,Lakshadweep,73183
0,0,0,2020-09-04,0,0,0,Lakshadweep,73183
0,0,0,2020-09-05,0,0,0,Lakshadweep,73183
0,0,0,2020-09-06,0,0,0,Lakshadweep,73183
0,0,0,2020-09-07,0,0,0,Lakshadweep,73183
0,0,0,2020-09-08,0,0,0,Lakshadweep,73183
0,0,0,2020-09-09,0,0,0,Lakshadweep,73183
0,0,0,2020-09-10,0,0,0,Lakshadweep,73183
0,0,0,2020-09-11,0,0,0,Lakshadweep,73183
0,0,0,2020-09-12,0,0,0,Lakshadweep,73183
0,0,0,2020-09-13,0,0,0,Lakshadweep,73183
0,0,0,2020-09-14,0,0,0,Lakshadweep,73183
0,0,0,2020-09-15,0,0,0,Lakshadweep,73183
0,0,0,2020-09-16,0,0,0,Lakshadweep,73183
0,0,0,2020-09-17,0,0,0,Lakshadweep,73183
0,0,0,2020-09-18,0,0,0,Lakshadweep,73183
0,0,0,2020-09-19,0,0,0,Lakshadweep,73183
0,0,0,2020-09-20,0,0,0,Lakshadweep,73183
0,0,0,2020-09-21,0,0,0,Lakshadweep,73183
0,0,0,2020-09-22,0,0,0,Lakshadweep,73183
0,0,0,2020-09-23,0,0,0,Lakshadweep,73183
0,0,0,2020-09-24,0,0,0,Lakshadweep,73183
0,0,0,2020-09-25,0,0,0,Lakshadweep,73183
0,0,0,2020-09-26,0,0,0,Lakshadweep,73183
0,0,0,2020-09-27,0,0,0,Lakshadweep,73183
0,0,0,2020-09-28,0,0,0,Lakshadweep,73183
0,0,0,2020-09-29,0,0,0,Lakshadweep,73183
0,0,0,2020-09-30,0,0,0,Lakshadweep,73183
0,0,0,2020-10-01,0,0,0,Lakshadweep,73183
0,0,0,2020-10-02,0,0,0,Lakshadweep,73183
0,0,0,2020-10-03,0,0,0,Lakshadweep,73183
0,0,0,2020-10-04,0,0,0,Lakshadweep,73183
0,0,0,2020-10-05,0,0,0,Lakshadweep,73183
0,0,0,2020-10-06,0,0,0,Lakshadweep,73183
0,0,0,2020-10-07,0,0,0,Lakshadweep,73183
0,0,0,2020-10-08,0,0,0,Lakshadweep,73183
0,0,0,2020-10-09,0,0,0,Lakshadweep,73183
0,0,0,2020-10-10,0,0,0,Lakshadweep,73183
0,0,0,2020-10-11,0,0,0,Lakshadweep,73183
0,0,0,2020-10-12,0,0,0,Lakshadweep,73183
0,0,0,2020-10-13,0,0,0,Lakshadweep,73183
0,0,0,2020-10-14,0,0,0,Lakshadweep,73183
0,0,0,2020-10-15,0,0,0,Lakshadweep,73183
0,0,0,2020-10-16,0,0,0,Lakshadweep,73183
0,0,0,2020-10-17,0,0,0,Lakshadweep,73183
0,0,0,2020-10-18,0,0,0,Lakshadweep,73183
0,0,0,2020-10-19,0,0,0,Lakshadweep,73183
0,0,0,2020-10-20,0,0,0,Lakshadweep,73183
0,0,0,2020-10-21,0,0,0,Lakshadweep,73183
0,0,0,2020-10-22,0,0,0,Lakshadweep,73183
0,0,0,2020-03-14,0,0,0,Madhya Pradesh,85358965
0,0,0,2020-03-15,0,0,0,Madhya Pradesh,85358965
0,0,0,2020-03-16,0,0,0,Madhya Pradesh,85358965
0,0,0,2020-03-17,0,0,0,Madhya Pradesh,85358965
0,0,0,2020-03-18,0,0,0,Madhya Pradesh,85358965
0,0,0,2020-03-19,0,0,0,Madhya Pradesh,85358965
4,0,0,2020-03-20,4,0,0,Madhya Pradesh,85358965
0,0,0,2020-03-21,4,0,0,Madhya Pradesh,85358965
2,0,0,2020-03-22,6,0,0,Madhya Pradesh,85358965
0,0,0,2020-03-23,6,0,0,Madhya Pradesh,85358965
1,0,0,2020-03-24,7,0,0,Madhya Pradesh,85358965
8,1,0,2020-03-25,15,1,0,Madhya Pradesh,85358965
5,0,0,2020-03-26,20,1,0,Madhya Pradesh,85358965
9,1,0,2020-03-27,29,2,0,Madhya Pradesh,85358965
10,0,0,2020-03-28,39,2,0,Madhya Pradesh,85358965
0,0,0,2020-03-29,39,2,0,Madhya Pradesh,85358965
8,2,0,2020-03-30,47,4,0,Madhya Pradesh,85358965
19,1,0,2020-03-31,66,5,0,Madhya Pradesh,85358965
32,1,0,2020-04-01,98,6,0,Madhya Pradesh,85358965
9,2,0,2020-04-02,107,8,0,Madhya Pradesh,85358965
47,0,0,2020-04-03,154,8,0,Madhya Pradesh,85358965
25,3,0,2020-04-04,179,11,0,Madhya Pradesh,85358965
14,2,3,2020-04-05,193,13,3,Madhya Pradesh,85358965
63,2,8,2020-04-06,256,15,11,Madhya Pradesh,85358965
34,6,10,2020-04-07,290,21,21,Madhya Pradesh,85358965
51,3,4,2020-04-08,341,24,25,Madhya Pradesh,85358965
70,9,0,2020-04-09,411,33,25,Madhya Pradesh,85358965
40,4,12,2020-04-10,451,37,37,Madhya Pradesh,85358965
78,4,1,2020-04-11,529,41,38,Madhya Pradesh,85358965
33,3,3,2020-04-12,562,44,41,Madhya Pradesh,85358965
52,7,10,2020-04-13,614,51,51,Madhya Pradesh,85358965
127,3,13,2020-04-14,741,54,64,Madhya Pradesh,85358965
197,0,0,2020-04-15,938,54,64,Madhya Pradesh,85358965
226,2,6,2020-04-16,1164,56,70,Madhya Pradesh,85358965
146,14,0,2020-04-17,1310,70,70,Madhya Pradesh,85358965
92,0,57,2020-04-18,1402,70,127,Madhya Pradesh,85358965
5,3,4,2020-04-19,1407,73,131,Madhya Pradesh,85358965
78,4,7,2020-04-20,1485,77,138,Madhya Pradesh,85358965
67,4,10,2020-04-21,1552,81,148,Madhya Pradesh,85358965
35,0,4,2020-04-22,1587,81,152,Madhya Pradesh,85358965
100,3,51,2020-04-23,1687,84,203,Madhya Pradesh,85358965
159,9,7,2020-04-24,1846,93,210,Madhya Pradesh,85358965
99,7,71,2020-04-25,1945,100,281,Madhya Pradesh,85358965
145,4,21,2020-04-26,2090,104,302,Madhya Pradesh,85358965
75,7,55,2020-04-27,2165,111,357,Madhya Pradesh,85358965
222,10,16,2020-04-28,2387,121,373,Madhya Pradesh,85358965
173,10,88,2020-04-29,2560,131,461,Madhya Pradesh,85358965
65,7,21,2020-04-30,2625,138,482,Madhya Pradesh,85358965
90,8,42,2020-05-01,2715,146,524,Madhya Pradesh,85358965
73,6,100,2020-05-02,2788,152,624,Madhya Pradesh,85358965
49,5,174,2020-05-03,2837,157,798,Madhya Pradesh,85358965
105,9,58,2020-05-04,2942,166,856,Madhya Pradesh,85358965
107,11,144,2020-05-05,3049,177,1000,Madhya Pradesh,85358965
89,9,99,2020-05-06,3138,186,1099,Madhya Pradesh,85358965
114,8,132,2020-05-07,3252,194,1231,Madhya Pradesh,85358965
89,7,118,2020-05-08,3341,201,1349,Madhya Pradesh,85358965
116,11,131,2020-05-09,3457,212,1480,Madhya Pradesh,85358965
157,4,196,2020-05-10,3614,216,1676,Madhya Pradesh,85358965
171,6,71,2020-05-11,3785,222,1747,Madhya Pradesh,85358965
201,4,113,2020-05-12,3986,226,1860,Madhya Pradesh,85358965
187,7,144,2020-05-13,4173,233,2004,Madhya Pradesh,85358965
253,5,167,2020-05-14,4426,238,2171,Madhya Pradesh,85358965
169,2,112,2020-05-15,4595,240,2283,Madhya Pradesh,85358965
195,4,32,2020-05-16,4790,244,2315,Madhya Pradesh,85358965
187,5,88,2020-05-17,4977,249,2403,Madhya Pradesh,85358965
259,4,32,2020-05-18,5236,253,2435,Madhya Pradesh,85358965
229,6,196,2020-05-19,5465,259,2631,Madhya Pradesh,85358965
270,9,103,2020-05-20,5735,268,2734,Madhya Pradesh,85358965
246,4,110,2020-05-21,5981,272,2844,Madhya Pradesh,85358965
189,1,245,2020-05-22,6170,273,3089,Madhya Pradesh,85358965
201,9,178,2020-05-23,6371,282,3267,Madhya Pradesh,85358965
294,9,141,2020-05-24,6665,291,3408,Madhya Pradesh,85358965
194,10,163,2020-05-25,6859,301,3571,Madhya Pradesh,85358965
165,5,118,2020-05-26,7024,306,3689,Madhya Pradesh,85358965
237,8,238,2020-05-27,7261,314,3927,Madhya Pradesh,85358965
192,8,123,2020-05-28,7453,322,4050,Madhya Pradesh,85358965
192,13,219,2020-05-29,7645,335,4269,Madhya Pradesh,85358965
246,9,175,2020-05-30,7891,344,4444,Madhya Pradesh,85358965
198,7,398,2020-05-31,8089,351,4842,Madhya Pradesh,85358965
194,8,161,2020-06-01,8283,359,5003,Madhya Pradesh,85358965
137,6,218,2020-06-02,8420,365,5221,Madhya Pradesh,85358965
168,7,224,2020-06-03,8588,372,5445,Madhya Pradesh,85358965
174,6,192,2020-06-04,8762,378,5637,Madhya Pradesh,85358965
234,7,241,2020-06-05,8996,385,5878,Madhya Pradesh,85358965
232,15,230,2020-06-06,9228,400,6108,Madhya Pradesh,85358965
173,13,223,2020-06-07,9401,413,6331,Madhya Pradesh,85358965
237,2,205,2020-06-08,9638,415,6536,Madhya Pradesh,85358965
211,6,193,2020-06-09,9849,421,6729,Madhya Pradesh,85358965
200,7,163,2020-06-10,10049,428,6892,Madhya Pradesh,85358965
192,4,150,2020-06-11,10241,432,7042,Madhya Pradesh,85358965
202,9,159,2020-06-12,10443,441,7201,Madhya Pradesh,85358965
198,7,176,2020-06-13,10641,448,7377,Madhya Pradesh,85358965
161,12,300,2020-06-14,10802,460,7677,Madhya Pradesh,85358965
133,6,226,2020-06-15,10935,466,7903,Madhya Pradesh,85358965
148,11,249,2020-06-16,11083,477,8152,Madhya Pradesh,85358965
161,6,236,2020-06-17,11244,483,8388,Madhya Pradesh,85358965
182,4,244,2020-06-18,11426,487,8632,Madhya Pradesh,85358965
156,9,116,2020-06-19,11582,496,8748,Madhya Pradesh,85358965
142,6,132,2020-06-20,11724,502,8880,Madhya Pradesh,85358965
179,14,135,2020-06-21,11903,516,9015,Madhya Pradesh,85358965
175,6,200,2020-06-22,12078,522,9215,Madhya Pradesh,85358965
183,4,120,2020-06-23,12261,526,9335,Madhya Pradesh,85358965
187,9,138,2020-06-24,12448,535,9473,Madhya Pradesh,85358965
147,8,146,2020-06-25,12595,543,9619,Madhya Pradesh,85358965
203,4,185,2020-06-26,12798,547,9804,Madhya Pradesh,85358965
167,4,167,2020-06-27,12965,551,9971,Madhya Pradesh,85358965
221,7,113,2020-06-28,13186,558,10084,Madhya Pradesh,85358965
184,7,115,2020-06-29,13370,565,10199,Madhya Pradesh,85358965
223,8,196,2020-06-30,13593,573,10395,Madhya Pradesh,85358965
268,9,260,2020-07-01,13861,582,10655,Madhya Pradesh,85358965
245,8,160,2020-07-02,14106,590,10815,Madhya Pradesh,85358965
191,4,234,2020-07-03,14297,594,11049,Madhya Pradesh,85358965
307,5,185,2020-07-04,14604,599,11234,Madhya Pradesh,85358965
326,10,177,2020-07-05,14930,609,11411,Madhya Pradesh,85358965
354,9,168,2020-07-06,15284,618,11579,Madhya Pradesh,85358965
343,5,189,2020-07-07,15627,623,11768,Madhya Pradesh,85358965
409,7,219,2020-07-08,16036,630,11987,Madhya Pradesh,85358965
305,5,245,2020-07-09,16341,635,12232,Madhya Pradesh,85358965
316,4,249,2020-07-10,16657,639,12481,Madhya Pradesh,85358965
544,6,198,2020-07-11,17201,645,12679,Madhya Pradesh,85358965
431,9,197,2020-07-12,17632,654,12876,Madhya Pradesh,85358965
575,10,332,2020-07-13,18207,664,13208,Madhya Pradesh,85358965
798,10,367,2020-07-14,19005,674,13575,Madhya Pradesh,85358965
638,9,333,2020-07-15,19643,683,13908,Madhya Pradesh,85358965
735,7,219,2020-07-16,20378,690,14127,Madhya Pradesh,85358965
704,9,387,2020-07-17,21082,699,14514,Madhya Pradesh,85358965
681,8,350,2020-07-18,21763,707,14864,Madhya Pradesh,85358965
837,15,447,2020-07-19,22600,722,15311,Madhya Pradesh,85358965
710,17,373,2020-07-20,23310,739,15684,Madhya Pradesh,85358965
785,18,573,2020-07-21,24095,757,16257,Madhya Pradesh,85358965
747,14,579,2020-07-22,24842,771,16836,Madhya Pradesh,85358965
632,10,523,2020-07-23,25474,781,17359,Madhya Pradesh,85358965
736,11,507,2020-07-24,26210,792,17866,Madhya Pradesh,85358965
716,8,622,2020-07-25,26926,800,18488,Madhya Pradesh,85358965
874,12,644,2020-07-26,27800,812,19132,Madhya Pradesh,85358965
789,9,659,2020-07-27,28589,821,19791,Madhya Pradesh,85358965
628,10,552,2020-07-28,29217,831,20343,Madhya Pradesh,85358965
917,14,591,2020-07-29,30134,845,20934,Madhya Pradesh,85358965
834,13,723,2020-07-30,30968,858,21657,Madhya Pradesh,85358965
838,10,614,2020-07-31,31806,868,22271,Madhya Pradesh,85358965
808,9,698,2020-08-01,32614,877,22969,Madhya Pradesh,85358965
921,10,581,2020-08-02,33535,887,23550,Madhya Pradesh,85358965
750,14,549,2020-08-03,34285,901,24099,Madhya Pradesh,85358965
797,12,1315,2020-08-04,35082,913,25414,Madhya Pradesh,85358965
652,17,650,2020-08-05,35734,930,26064,Madhya Pradesh,85358965
830,17,838,2020-08-06,36564,947,26902,Madhya Pradesh,85358965
734,16,719,2020-08-07,37298,963,27621,Madhya Pradesh,85358965
859,15,732,2020-08-08,38157,978,28353,Madhya Pradesh,85358965
868,19,667,2020-08-09,39025,997,29020,Madhya Pradesh,85358965
866,19,654,2020-08-10,39891,1016,29674,Madhya Pradesh,85358965
843,18,922,2020-08-11,40734,1034,30596,Madhya Pradesh,85358965
870,15,643,2020-08-12,41604,1049,31239,Madhya Pradesh,85358965
1014,17,596,2020-08-13,42618,1066,31835,Madhya Pradesh,85358965
796,16,570,2020-08-14,43414,1082,32405,Madhya Pradesh,85358965
1019,13,948,2020-08-15,44433,1095,33353,Madhya Pradesh,85358965
1022,11,685,2020-08-16,45455,1106,34038,Madhya Pradesh,85358965
930,23,987,2020-08-17,46385,1129,35025,Madhya Pradesh,85358965
990,13,688,2020-08-18,47375,1142,35713,Madhya Pradesh,85358965
976,18,762,2020-08-19,48351,1160,36475,Madhya Pradesh,85358965
1142,12,1065,2020-08-20,49493,1172,37540,Madhya Pradesh,85358965
1147,14,987,2020-08-21,50640,1186,38527,Madhya Pradesh,85358965
1226,21,872,2020-08-22,51866,1207,39399,Madhya Pradesh,85358965
1263,23,991,2020-08-23,53129,1230,40390,Madhya Pradesh,85358965
1292,17,841,2020-08-24,54421,1247,41231,Madhya Pradesh,85358965
1379,19,1079,2020-08-25,55800,1266,42310,Madhya Pradesh,85358965
1064,17,936,2020-08-26,56864,1283,43246,Madhya Pradesh,85358965
1317,24,1207,2020-08-27,58181,1307,44453,Madhya Pradesh,85358965
1252,17,943,2020-08-28,59433,1324,45396,Madhya Pradesh,85358965
1442,22,1017,2020-08-29,60875,1346,46413,Madhya Pradesh,85358965
1558,29,1054,2020-08-30,62433,1375,47467,Madhya Pradesh,85358965
1532,20,1190,2020-08-31,63965,1395,48657,Madhya Pradesh,85358965
1525,32,1335,2020-09-01,65490,1427,49992,Madhya Pradesh,85358965
1424,27,1132,2020-09-02,66914,1454,51124,Madhya Pradesh,85358965
1672,30,1091,2020-09-03,68586,1484,52215,Madhya Pradesh,85358965
1658,30,1042,2020-09-04,70244,1514,53257,Madhya Pradesh,85358965
1636,30,1392,2020-09-05,71880,1544,54649,Madhya Pradesh,85358965
1694,29,1238,2020-09-06,73574,1573,55887,Madhya Pradesh,85358965
1885,17,1022,2020-09-07,75459,1590,56909,Madhya Pradesh,85358965
1864,20,1600,2020-09-08,77323,1610,58509,Madhya Pradesh,85358965
1869,31,1341,2020-09-09,79192,1641,59850,Madhya Pradesh,85358965
2187,21,1435,2020-09-10,81379,1662,61285,Madhya Pradesh,85358965
2240,30,1651,2020-09-11,83619,1692,62936,Madhya Pradesh,85358965
2347,37,1462,2020-09-12,85966,1729,64398,Madhya Pradesh,85358965
2281,34,1600,2020-09-13,88247,1763,65998,Madhya Pradesh,85358965
2483,29,1713,2020-09-14,90730,1792,67711,Madhya Pradesh,85358965
2323,29,1902,2020-09-15,93053,1821,69613,Madhya Pradesh,85358965
2462,24,1922,2020-09-16,95515,1845,71535,Madhya Pradesh,85358965
2391,33,2863,2020-09-17,97906,1878,74398,Madhya Pradesh,85358965
2552,24,2554,2020-09-18,100458,1902,76952,Madhya Pradesh,85358965
2607,42,2206,2020-09-19,103065,1944,79158,Madhya Pradesh,85358965
2579,27,2216,2020-09-20,105644,1971,81374,Madhya Pradesh,85358965
2523,37,2244,2020-09-21,108167,2008,83618,Madhya Pradesh,85358965
2544,28,2412,2020-09-22,110711,2036,86030,Madhya Pradesh,85358965
2346,42,2138,2020-09-23,113057,2078,88168,Madhya Pradesh,85358965
2304,45,2327,2020-09-24,115361,2123,90495,Madhya Pradesh,85358965
2227,30,2743,2020-09-25,117588,2153,93238,Madhya Pradesh,85358965
2311,29,2252,2020-09-26,119899,2182,95490,Madhya Pradesh,85358965
2310,26,2081,2020-09-27,122209,2208,97571,Madhya Pradesh,85358965
1957,35,2441,2020-09-28,124166,2243,100012,Madhya Pradesh,85358965
1877,39,2433,2020-09-29,126043,2282,102445,Madhya Pradesh,85358965
2004,35,2289,2020-09-30,128047,2317,104734,Madhya Pradesh,85358965
2041,20,2545,2020-10-01,130088,2337,107279,Madhya Pradesh,85358965
2019,36,2332,2020-10-02,132107,2373,109611,Madhya Pradesh,85358965
1811,27,2101,2020-10-03,133918,2400,111712,Madhya Pradesh,85358965
1720,35,2120,2020-10-04,135638,2435,113832,Madhya Pradesh,85358965
1460,29,2046,2020-10-05,137098,2464,115878,Madhya Pradesh,85358965
1570,25,2161,2020-10-06,138668,2489,118039,Madhya Pradesh,85358965
1639,30,2228,2020-10-07,140307,2519,120267,Madhya Pradesh,85358965
1715,29,2420,2020-10-08,142022,2548,122687,Madhya Pradesh,85358965
1607,27,2200,2020-10-09,143629,2575,124887,Madhya Pradesh,85358965
1616,25,2147,2020-10-10,145245,2600,127034,Madhya Pradesh,85358965
1575,25,1985,2020-10-11,146820,2625,129019,Madhya Pradesh,85358965
1478,21,1702,2020-10-12,148298,2646,130721,Madhya Pradesh,85358965
1463,26,1708,2020-10-13,149761,2672,132429,Madhya Pradesh,85358965
5515,15,5729,2020-10-14,155276,2687,138158,Madhya Pradesh,85358965
1308,24,1559,2020-10-15,156584,2711,139717,Madhya Pradesh,85358965
1352,25,1556,2020-10-16,157936,2736,141273,Madhya Pradesh,85358965
1222,18,1434,2020-10-17,159158,2754,142707,Madhya Pradesh,85358965
1030,20,1427,2020-10-18,160188,2774,144134,Madhya Pradesh,85358965
1015,13,1287,2020-10-19,161203,2787,145421,Madhya Pradesh,85358965
975,25,1439,2020-10-20,162178,2812,146860,Madhya Pradesh,85358965
1118,17,1222,2020-10-21,163296,2829,148082,Madhya Pradesh,85358965
1045,14,1271,2020-10-22,164341,2843,149353,Madhya Pradesh,85358965
14,0,0,2020-03-14,14,0,0,Maharashtra,123144223
18,0,0,2020-03-15,32,0,0,Maharashtra,123144223
6,0,0,2020-03-16,38,0,0,Maharashtra,123144223
3,1,0,2020-03-17,41,1,0,Maharashtra,123144223
3,0,0,2020-03-18,44,1,0,Maharashtra,123144223
4,0,0,2020-03-19,48,1,0,Maharashtra,123144223
4,0,0,2020-03-20,52,1,0,Maharashtra,123144223
12,0,0,2020-03-21,64,1,0,Maharashtra,123144223
10,1,0,2020-03-22,74,2,0,Maharashtra,123144223
23,0,0,2020-03-23,97,2,0,Maharashtra,123144223
10,0,0,2020-03-24,107,2,0,Maharashtra,123144223
15,0,1,2020-03-25,122,2,1,Maharashtra,123144223
3,1,0,2020-03-26,125,3,1,Maharashtra,123144223
31,1,18,2020-03-27,156,4,19,Maharashtra,123144223
30,2,6,2020-03-28,186,6,25,Maharashtra,123144223
17,1,0,2020-03-29,203,7,25,Maharashtra,123144223
17,2,14,2020-03-30,220,9,39,Maharashtra,123144223
82,1,0,2020-03-31,302,10,39,Maharashtra,123144223
33,3,0,2020-04-01,335,13,39,Maharashtra,123144223
88,8,3,2020-04-02,423,21,42,Maharashtra,123144223
64,5,8,2020-04-03,487,26,50,Maharashtra,123144223
148,6,2,2020-04-04,635,32,52,Maharashtra,123144223
112,13,4,2020-04-05,747,45,56,Maharashtra,123144223
121,7,14,2020-04-06,868,52,70,Maharashtra,123144223
150,12,9,2020-04-07,1018,64,79,Maharashtra,123144223
117,8,38,2020-04-08,1135,72,117,Maharashtra,123144223
229,25,8,2020-04-09,1364,97,125,Maharashtra,123144223
210,12,63,2020-04-10,1574,109,188,Maharashtra,123144223
187,17,20,2020-04-11,1761,126,208,Maharashtra,123144223
221,22,9,2020-04-12,1982,148,217,Maharashtra,123144223
352,11,12,2020-04-13,2334,159,229,Maharashtra,123144223
346,18,30,2020-04-14,2680,177,259,Maharashtra,123144223
236,9,36,2020-04-15,2916,186,295,Maharashtra,123144223
285,7,5,2020-04-16,3201,193,300,Maharashtra,123144223
120,7,31,2020-04-17,3321,200,331,Maharashtra,123144223
327,10,34,2020-04-18,3648,210,365,Maharashtra,123144223
552,12,142,2020-04-19,4200,222,507,Maharashtra,123144223
466,9,65,2020-04-20,4666,231,572,Maharashtra,123144223
552,19,150,2020-04-21,5218,250,722,Maharashtra,123144223
431,18,67,2020-04-22,5649,268,789,Maharashtra,123144223
778,14,51,2020-04-23,6427,282,840,Maharashtra,123144223
390,18,117,2020-04-24,6817,300,957,Maharashtra,123144223
811,22,119,2020-04-25,7628,322,1076,Maharashtra,123144223
440,19,112,2020-04-26,8068,341,1188,Maharashtra,123144223
522,27,94,2020-04-27,8590,368,1282,Maharashtra,123144223
728,31,106,2020-04-28,9318,399,1388,Maharashtra,123144223
597,32,205,2020-04-29,9915,431,1593,Maharashtra,123144223
583,27,180,2020-04-30,10498,458,1773,Maharashtra,123144223
1008,26,106,2020-05-01,11506,484,1879,Maharashtra,123144223
790,36,121,2020-05-02,12296,520,2000,Maharashtra,123144223
678,27,115,2020-05-03,12974,547,2115,Maharashtra,123144223
1567,35,350,2020-05-04,14541,582,2465,Maharashtra,123144223
984,34,354,2020-05-05,15525,616,2819,Maharashtra,123144223
1233,34,275,2020-05-06,16758,650,3094,Maharashtra,123144223
1216,43,207,2020-05-07,17974,693,3301,Maharashtra,123144223
1089,37,169,2020-05-08,19063,730,3470,Maharashtra,123144223
1165,48,330,2020-05-09,20228,778,3800,Maharashtra,123144223
1943,53,399,2020-05-10,22171,831,4199,Maharashtra,123144223
1230,36,587,2020-05-11,23401,867,4786,Maharashtra,123144223
1026,53,339,2020-05-12,24427,920,5125,Maharashtra,123144223
1495,54,422,2020-05-13,25922,974,5547,Maharashtra,123144223
1602,44,542,2020-05-14,27524,1018,6089,Maharashtra,123144223
1576,49,475,2020-05-15,29100,1067,6564,Maharashtra,123144223
1606,67,524,2020-05-16,30706,1134,7088,Maharashtra,123144223
2347,63,600,2020-05-17,33053,1197,7688,Maharashtra,123144223
2005,51,749,2020-05-18,35058,1248,8437,Maharashtra,123144223
2078,76,1202,2020-05-19,37136,1324,9639,Maharashtra,123144223
2161,65,679,2020-05-20,39297,1389,10318,Maharashtra,123144223
2345,64,1408,2020-05-21,41642,1453,11726,Maharashtra,123144223
2940,63,857,2020-05-22,44582,1516,12583,Maharashtra,123144223
2608,60,821,2020-05-23,47190,1576,13404,Maharashtra,123144223
3041,58,1196,2020-05-24,50231,1634,14600,Maharashtra,123144223
2436,60,1186,2020-05-25,52667,1694,15786,Maharashtra,123144223
2091,97,1168,2020-05-26,54758,1791,16954,Maharashtra,123144223
2190,105,964,2020-05-27,56948,1896,17918,Maharashtra,123144223
2598,85,698,2020-05-28,59546,1981,18616,Maharashtra,123144223
2682,116,8381,2020-05-29,62228,2097,26997,Maharashtra,123144223
2940,99,1084,2020-05-30,65168,2196,28081,Maharashtra,123144223
2487,89,1248,2020-05-31,67655,2285,29329,Maharashtra,123144223
2358,76,779,2020-06-01,70013,2361,30108,Maharashtra,123144223
2287,103,1225,2020-06-02,72300,2464,31333,Maharashtra,123144223
2560,122,996,2020-06-03,74860,2586,32329,Maharashtra,123144223
2933,123,1352,2020-06-04,77793,2709,33681,Maharashtra,123144223
2436,139,1466,2020-06-05,80229,2848,35147,Maharashtra,123144223
2739,120,2243,2020-06-06,82968,2968,37390,Maharashtra,123144223
3007,91,1924,2020-06-07,85975,3059,39314,Maharashtra,123144223
2554,109,1661,2020-06-08,88529,3168,40975,Maharashtra,123144223
2258,120,1664,2020-06-09,90787,3288,42639,Maharashtra,123144223
3254,149,1877,2020-06-10,94041,3437,44516,Maharashtra,123144223
3607,152,1562,2020-06-11,97648,3589,46078,Maharashtra,123144223
3493,127,1718,2020-06-12,101141,3716,47796,Maharashtra,123144223
3427,113,1550,2020-06-13,104568,3829,49346,Maharashtra,123144223
3390,120,1632,2020-06-14,107958,3949,50978,Maharashtra,123144223
2786,178,5071,2020-06-15,110744,4127,56049,Maharashtra,123144223
2701,1409,1802,2020-06-16,113445,5536,57851,Maharashtra,123144223
3307,114,1315,2020-06-17,116752,5650,59166,Maharashtra,123144223
3752,100,1672,2020-06-18,120504,5750,60838,Maharashtra,123144223
3827,142,1935,2020-06-19,124331,5892,62773,Maharashtra,123144223
3874,91,1380,2020-06-20,128205,5983,64153,Maharashtra,123144223
3870,186,1591,2020-06-21,132075,6169,65744,Maharashtra,123144223
3721,113,1962,2020-06-22,135796,6282,67706,Maharashtra,123144223
3214,248,1925,2020-06-23,139010,6530,69631,Maharashtra,123144223
3889,208,4161,2020-06-24,142899,6738,73792,Maharashtra,123144223
4842,192,3661,2020-06-25,147741,6930,77453,Maharashtra,123144223
5024,175,2362,2020-06-26,152765,7105,79815,Maharashtra,123144223
6368,167,4430,2020-06-27,159133,7272,84245,Maharashtra,123144223
5493,156,2330,2020-06-28,164626,7428,86575,Maharashtra,123144223
5257,181,2385,2020-06-29,169883,7609,88960,Maharashtra,123144223
4878,245,1951,2020-06-30,174761,7854,90911,Maharashtra,123144223
5537,198,2243,2020-07-01,180298,8052,93154,Maharashtra,123144223
6328,125,8018,2020-07-02,186626,8177,101172,Maharashtra,123144223
6364,198,3515,2020-07-03,192990,8375,104687,Maharashtra,123144223
7074,295,3395,2020-07-04,200064,8670,108082,Maharashtra,123144223
6555,151,3658,2020-07-05,206619,8821,111740,Maharashtra,123144223
5368,204,3522,2020-07-06,211987,9025,115262,Maharashtra,123144223
5134,224,3296,2020-07-07,217121,9249,118558,Maharashtra,123144223
6603,198,4634,2020-07-08,223724,9447,123192,Maharashtra,123144223
6875,219,4067,2020-07-09,230599,9666,127259,Maharashtra,123144223
7862,226,5366,2020-07-10,238461,9892,132625,Maharashtra,123144223
8139,223,4360,2020-07-11,246600,10115,136985,Maharashtra,123144223
7827,173,3340,2020-07-12,254427,10288,140325,Maharashtra,123144223
6497,193,4182,2020-07-13,260924,10481,144507,Maharashtra,123144223
6741,213,4500,2020-07-14,267665,10694,149007,Maharashtra,123144223
7975,233,3606,2020-07-15,275640,10927,152613,Maharashtra,123144223
8641,266,5527,2020-07-16,284281,11193,158140,Maharashtra,123144223
8308,258,2217,2020-07-17,292589,11451,160357,Maharashtra,123144223
8348,144,5306,2020-07-18,300937,11595,165663,Maharashtra,123144223
9518,258,3906,2020-07-19,310455,11853,169569,Maharashtra,123144223
8240,176,5460,2020-07-20,318695,12029,175029,Maharashtra,123144223
8336,246,7188,2020-07-21,327031,12275,182217,Maharashtra,123144223
10576,280,5552,2020-07-22,337607,12555,187769,Maharashtra,123144223
9895,298,6484,2020-07-23,347502,12853,194253,Maharashtra,123144223
9615,278,5714,2020-07-24,357117,13131,199967,Maharashtra,123144223
9251,257,7227,2020-07-25,366368,13388,207194,Maharashtra,123144223
9431,267,6044,2020-07-26,375799,13655,213238,Maharashtra,123144223
7924,227,8706,2020-07-27,383723,13882,221944,Maharashtra,123144223
7717,282,10333,2020-07-28,391440,14164,232277,Maharashtra,123144223
9211,298,7478,2020-07-29,400651,14462,239755,Maharashtra,123144223
11147,266,8860,2020-07-30,411798,14728,248615,Maharashtra,123144223
10320,265,7543,2020-07-31,422118,14993,256158,Maharashtra,123144223
9601,322,10725,2020-08-01,431719,15315,266883,Maharashtra,123144223
9509,260,9926,2020-08-02,441228,15575,276809,Maharashtra,123144223
8968,266,10221,2020-08-03,450196,15841,287030,Maharashtra,123144223
7760,300,12326,2020-08-04,457956,16141,299356,Maharashtra,123144223
10309,334,6165,2020-08-05,468265,16475,305521,Maharashtra,123144223
11514,316,10854,2020-08-06,479779,16791,316375,Maharashtra,123144223
10483,300,10906,2020-08-07,490262,17091,327281,Maharashtra,123144223
12822,275,11081,2020-08-08,503084,17366,338362,Maharashtra,123144223
12248,390,13348,2020-08-09,515332,17756,351710,Maharashtra,123144223
9181,293,6711,2020-08-10,524513,18049,358421,Maharashtra,123144223
11088,256,10014,2020-08-11,535601,18305,368435,Maharashtra,123144223
12712,344,13408,2020-08-12,548313,18649,381843,Maharashtra,123144223
11813,413,9115,2020-08-13,560126,19062,390958,Maharashtra,123144223
12608,364,10484,2020-08-14,572734,19426,401442,Maharashtra,123144223
12020,322,6844,2020-08-15,584754,19748,408286,Maharashtra,123144223
11111,288,8837,2020-08-16,595865,20036,417123,Maharashtra,123144223
8493,228,11391,2020-08-17,604358,20264,428514,Maharashtra,123144223
11119,422,9356,2020-08-18,615477,20686,437870,Maharashtra,123144223
13165,346,9011,2020-08-19,628642,21032,446881,Maharashtra,123144223
14647,326,12243,2020-08-20,643289,21358,459124,Maharashtra,123144223
14161,339,11749,2020-08-21,657450,21697,470873,Maharashtra,123144223
14492,297,9241,2020-08-22,671942,21994,480114,Maharashtra,123144223
10441,258,8157,2020-08-23,682383,22252,488271,Maharashtra,123144223
11015,212,14219,2020-08-24,693398,22464,502490,Maharashtra,123144223
10425,329,12300,2020-08-25,703823,22793,514790,Maharashtra,123144223
14888,295,7637,2020-08-26,718711,23088,522427,Maharashtra,123144223
14857,355,9136,2020-08-27,733568,23443,531563,Maharashtra,123144223
14427,331,11607,2020-08-28,747995,23774,543170,Maharashtra,123144223
16286,328,11541,2020-08-29,764281,24102,554711,Maharashtra,123144223
16408,296,7690,2020-08-30,780689,24398,562401,Maharashtra,123144223
11852,184,11158,2020-08-31,792541,24582,573559,Maharashtra,123144223
15765,320,10978,2020-09-01,808306,24902,584537,Maharashtra,123144223
17433,292,13959,2020-09-02,825739,25194,598496,Maharashtra,123144223
18105,391,13988,2020-09-03,843844,25585,612484,Maharashtra,123144223
19218,378,13289,2020-09-04,863062,25963,625773,Maharashtra,123144223
20800,312,10801,2020-09-05,883862,26275,636574,Maharashtra,123144223
23350,328,7826,2020-09-06,907212,26603,644400,Maharashtra,123144223
16429,423,14922,2020-09-07,923641,27026,659322,Maharashtra,123144223
20131,380,13234,2020-09-08,943772,27406,672556,Maharashtra,123144223
23577,380,13906,2020-09-09,967349,27786,686462,Maharashtra,123144223
23446,495,14253,2020-09-10,990795,28281,700715,Maharashtra,123144223
24886,442,14308,2020-09-11,1015681,28723,715023,Maharashtra,123144223
22084,391,13489,2020-09-12,1037765,29114,728512,Maharashtra,123144223
22543,416,11549,2020-09-13,1060308,29530,740061,Maharashtra,123144223
17066,363,15789,2020-09-14,1077374,29893,755850,Maharashtra,123144223
20482,515,19423,2020-09-15,1097856,30408,775273,Maharashtra,123144223
23365,474,17559,2020-09-16,1121221,30882,792832,Maharashtra,123144223
24619,468,19522,2020-09-17,1145840,31350,812354,Maharashtra,123144223
21656,440,22078,2020-09-18,1167496,31790,834432,Maharashtra,123144223
20519,425,23501,2020-09-19,1188015,32215,857933,Maharashtra,123144223
20627,455,26408,2020-09-20,1208642,32670,884341,Maharashtra,123144223
15738,344,32007,2020-09-21,1224380,33014,916348,Maharashtra,123144223
18390,392,20206,2020-09-22,1242770,33406,936554,Maharashtra,123144223
21029,479,19476,2020-09-23,1263799,33885,956030,Maharashtra,123144223
19164,459,17184,2020-09-24,1282963,34344,973214,Maharashtra,123144223
17794,416,19592,2020-09-25,1300757,34760,992806,Maharashtra,123144223
20419,430,23644,2020-09-26,1321176,35190,1016450,Maharashtra,123144223
18056,380,13565,2020-09-27,1339232,35570,1030015,Maharashtra,123144223
11921,180,19932,2020-09-28,1351153,35750,1049947,Maharashtra,123144223
14976,430,19212,2020-09-29,1366129,36180,1069159,Maharashtra,123144223
18317,481,19163,2020-09-30,1384446,36661,1088322,Maharashtra,123144223
16476,394,16104,2020-10-01,1400922,37055,1104426,Maharashtra,123144223
15591,424,13294,2020-10-02,1416513,37479,1117720,Maharashtra,123144223
14348,278,16835,2020-10-03,1430861,37757,1134555,Maharashtra,123144223
12548,326,15048,2020-10-04,1443409,38083,1149603,Maharashtra,123144223
10244,263,12982,2020-10-05,1453653,38346,1162585,Maharashtra,123144223
12258,370,17141,2020-10-06,1465911,38716,1179726,Maharashtra,123144223
14578,355,16715,2020-10-07,1480489,39071,1196441,Maharashtra,123144223
13395,358,15575,2020-10-08,1493884,39429,1212016,Maharashtra,123144223
12134,302,17323,2020-10-09,1506018,39731,1229339,Maharashtra,123144223
11416,308,26440,2020-10-10,1517434,40039,1255779,Maharashtra,123144223
10792,305,10461,2020-10-11,1528226,40344,1266240,Maharashtra,123144223
7089,169,15656,2020-10-12,1535315,40513,1281896,Maharashtra,123144223
8522,187,15356,2020-10-13,1543837,40700,1297252,Maharashtra,123144223
10552,158,19517,2020-10-14,1554389,40858,1316769,Maharashtra,123144223
10226,337,13714,2020-10-15,1564615,41195,1330483,Maharashtra,123144223
11447,306,13885,2020-10-16,1576062,41501,1344368,Maharashtra,123144223
10259,463,14238,2020-10-17,1586321,41964,1358606,Maharashtra,123144223
9060,150,11204,2020-10-18,1595381,42114,1369810,Maharashtra,123144223
5984,125,15069,2020-10-19,1601365,42239,1384879,Maharashtra,123144223
8151,213,7429,2020-10-20,1609516,42452,1392308,Maharashtra,123144223
8142,180,23371,2020-10-21,1617658,42632,1415679,Maharashtra,123144223
7539,198,16177,2020-10-22,1625197,42830,1431856,Maharashtra,123144223
0,0,0,2020-03-14,0,0,0,Manipur,3091545
0,0,0,2020-03-15,0,0,0,Manipur,3091545
0,0,0,2020-03-16,0,0,0,Manipur,3091545
0,0,0,2020-03-17,0,0,0,Manipur,3091545
0,0,0,2020-03-18,0,0,0,Manipur,3091545
0,0,0,2020-03-19,0,0,0,Manipur,3091545
0,0,0,2020-03-20,0,0,0,Manipur,3091545
0,0,0,2020-03-21,0,0,0,Manipur,3091545
0,0,0,2020-03-22,0,0,0,Manipur,3091545
0,0,0,2020-03-23,0,0,0,Manipur,3091545
1,0,0,2020-03-24,1,0,0,Manipur,3091545
0,0,0,2020-03-25,1,0,0,Manipur,3091545
0,0,0,2020-03-26,1,0,0,Manipur,3091545
0,0,0,2020-03-27,1,0,0,Manipur,3091545
0,0,0,2020-03-28,1,0,0,Manipur,3091545
0,0,0,2020-03-29,1,0,0,Manipur,3091545
0,0,0,2020-03-30,1,0,0,Manipur,3091545
0,0,0,2020-03-31,1,0,0,Manipur,3091545
0,0,0,2020-04-01,1,0,0,Manipur,3091545
1,0,0,2020-04-02,2,0,0,Manipur,3091545
0,0,0,2020-04-03,2,0,0,Manipur,3091545
0,0,0,2020-04-04,2,0,0,Manipur,3091545
0,0,0,2020-04-05,2,0,0,Manipur,3091545
0,0,1,2020-04-06,2,0,1,Manipur,3091545
0,0,0,2020-04-07,2,0,1,Manipur,3091545
0,0,0,2020-04-08,2,0,1,Manipur,3091545
0,0,0,2020-04-09,2,0,1,Manipur,3091545
0,0,0,2020-04-10,2,0,1,Manipur,3091545
0,0,0,2020-04-11,2,0,1,Manipur,3091545
0,0,0,2020-04-12,2,0,1,Manipur,3091545
0,0,0,2020-04-13,2,0,1,Manipur,3091545
0,0,0,2020-04-14,2,0,1,Manipur,3091545
0,0,0,2020-04-15,2,0,1,Manipur,3091545
0,0,0,2020-04-16,2,0,1,Manipur,3091545
0,0,0,2020-04-17,2,0,1,Manipur,3091545
0,0,0,2020-04-18,2,0,1,Manipur,3091545
0,0,0,2020-04-19,2,0,1,Manipur,3091545
0,0,1,2020-04-20,2,0,2,Manipur,3091545
0,0,0,2020-04-21,2,0,2,Manipur,3091545
0,0,0,2020-04-22,2,0,2,Manipur,3091545
0,0,0,2020-04-23,2,0,2,Manipur,3091545
0,0,0,2020-04-24,2,0,2,Manipur,3091545
0,0,0,2020-04-25,2,0,2,Manipur,3091545
0,0,0,2020-04-26,2,0,2,Manipur,3091545
0,0,0,2020-04-27,2,0,2,Manipur,3091545
0,0,0,2020-04-28,2,0,2,Manipur,3091545
0,0,0,2020-04-29,2,0,2,Manipur,3091545
0,0,0,2020-04-30,2,0,2,Manipur,3091545
0,0,0,2020-05-01,2,0,2,Manipur,3091545
0,0,0,2020-05-02,2,0,2,Manipur,3091545
0,0,0,2020-05-03,2,0,2,Manipur,3091545
0,0,0,2020-05-04,2,0,2,Manipur,3091545
0,0,0,2020-05-05,2,0,2,Manipur,3091545
0,0,0,2020-05-06,2,0,2,Manipur,3091545
0,0,0,2020-05-07,2,0,2,Manipur,3091545
0,0,0,2020-05-08,2,0,2,Manipur,3091545
0,0,0,2020-05-09,2,0,2,Manipur,3091545
0,0,0,2020-05-10,2,0,2,Manipur,3091545
0,0,0,2020-05-11,2,0,2,Manipur,3091545
0,0,0,2020-05-12,2,0,2,Manipur,3091545
0,0,0,2020-05-13,2,0,2,Manipur,3091545
1,0,0,2020-05-14,3,0,2,Manipur,3091545
0,0,0,2020-05-15,3,0,2,Manipur,3091545
4,0,0,2020-05-16,7,0,2,Manipur,3091545
0,0,0,2020-05-17,7,0,2,Manipur,3091545
0,0,0,2020-05-18,7,0,2,Manipur,3091545
2,0,0,2020-05-19,9,0,2,Manipur,3091545
16,0,0,2020-05-20,25,0,2,Manipur,3091545
0,0,0,2020-05-21,25,0,2,Manipur,3091545
1,0,0,2020-05-22,26,0,2,Manipur,3091545
3,0,0,2020-05-23,29,0,2,Manipur,3091545
3,0,2,2020-05-24,32,0,4,Manipur,3091545
4,0,0,2020-05-25,36,0,4,Manipur,3091545
3,0,0,2020-05-26,39,0,4,Manipur,3091545
5,0,0,2020-05-27,44,0,4,Manipur,3091545
11,0,0,2020-05-28,55,0,4,Manipur,3091545
4,0,2,2020-05-29,59,0,6,Manipur,3091545
1,0,0,2020-05-30,60,0,6,Manipur,3091545
11,0,5,2020-05-31,71,0,11,Manipur,3091545
12,0,0,2020-06-01,83,0,11,Manipur,3091545
6,0,3,2020-06-02,89,0,14,Manipur,3091545
19,0,24,2020-06-03,108,0,38,Manipur,3091545
16,0,0,2020-06-04,124,0,38,Manipur,3091545
8,0,0,2020-06-05,132,0,38,Manipur,3091545
25,0,14,2020-06-06,157,0,52,Manipur,3091545
15,0,0,2020-06-07,172,0,52,Manipur,3091545
100,0,6,2020-06-08,272,0,58,Manipur,3091545
32,0,6,2020-06-09,304,0,64,Manipur,3091545
7,0,0,2020-06-10,311,0,64,Manipur,3091545
55,0,9,2020-06-11,366,0,73,Manipur,3091545
19,0,0,2020-06-12,385,0,73,Manipur,3091545
64,0,0,2020-06-13,449,0,73,Manipur,3091545
9,0,18,2020-06-14,458,0,91,Manipur,3091545
32,0,60,2020-06-15,490,0,151,Manipur,3091545
10,0,8,2020-06-16,500,0,159,Manipur,3091545
52,0,33,2020-06-17,552,0,192,Manipur,3091545
54,0,7,2020-06-18,606,0,199,Manipur,3091545
75,0,19,2020-06-19,681,0,218,Manipur,3091545
96,0,14,2020-06-20,777,0,232,Manipur,3091545
64,0,18,2020-06-21,841,0,250,Manipur,3091545
57,0,0,2020-06-22,898,0,250,Manipur,3091545
23,0,8,2020-06-23,921,0,258,Manipur,3091545
49,0,70,2020-06-24,970,0,328,Manipur,3091545
86,0,26,2020-06-25,1056,0,354,Manipur,3091545
19,0,39,2020-06-26,1075,0,393,Manipur,3091545
17,0,39,2020-06-27,1092,0,432,Manipur,3091545
93,0,23,2020-06-28,1185,0,455,Manipur,3091545
42,0,39,2020-06-29,1227,0,494,Manipur,3091545
7,0,59,2020-06-30,1234,0,553,Manipur,3091545
26,0,26,2020-07-01,1260,0,579,Manipur,3091545
19,0,37,2020-07-02,1279,0,616,Manipur,3091545
37,0,23,2020-07-03,1316,0,639,Manipur,3091545
9,0,28,2020-07-04,1325,0,667,Manipur,3091545
41,0,22,2020-07-05,1366,0,689,Manipur,3091545
24,0,45,2020-07-06,1390,0,734,Manipur,3091545
40,0,37,2020-07-07,1430,0,771,Manipur,3091545
5,0,22,2020-07-08,1435,0,793,Manipur,3091545
15,0,6,2020-07-09,1450,0,799,Manipur,3091545
132,0,33,2020-07-10,1582,0,832,Manipur,3091545
11,0,11,2020-07-11,1593,0,843,Manipur,3091545
16,0,53,2020-07-12,1609,0,896,Manipur,3091545
17,0,74,2020-07-13,1626,0,970,Manipur,3091545
46,0,50,2020-07-14,1672,0,1020,Manipur,3091545
28,0,60,2020-07-15,1700,0,1080,Manipur,3091545
64,0,49,2020-07-16,1764,0,1129,Manipur,3091545
36,0,34,2020-07-17,1800,0,1163,Manipur,3091545
91,0,19,2020-07-18,1891,0,1182,Manipur,3091545
20,0,53,2020-07-19,1911,0,1235,Manipur,3091545
14,0,85,2020-07-20,1925,0,1320,Manipur,3091545
90,0,64,2020-07-21,2015,0,1384,Manipur,3091545
45,0,34,2020-07-22,2060,0,1418,Manipur,3091545
55,0,42,2020-07-23,2115,0,1460,Manipur,3091545
31,0,31,2020-07-24,2146,0,1491,Manipur,3091545
30,0,29,2020-07-25,2176,0,1520,Manipur,3091545
59,0,1,2020-07-26,2235,0,1521,Manipur,3091545
51,0,38,2020-07-27,2286,0,1559,Manipur,3091545
31,0,56,2020-07-28,2317,0,1615,Manipur,3091545
141,1,38,2020-07-29,2458,1,1653,Manipur,3091545
47,3,19,2020-07-30,2505,4,1672,Manipur,3091545
116,1,17,2020-07-31,2621,5,1689,Manipur,3091545
135,1,10,2020-08-01,2756,6,1699,Manipur,3091545
75,1,38,2020-08-02,2831,7,1737,Manipur,3091545
89,0,29,2020-08-03,2920,7,1766,Manipur,3091545
98,0,48,2020-08-04,3018,7,1814,Manipur,3091545
75,0,48,2020-08-05,3093,7,1862,Manipur,3091545
124,1,43,2020-08-06,3217,8,1905,Manipur,3091545
249,2,21,2020-08-07,3466,10,1926,Manipur,3091545
169,1,1,2020-08-08,3635,11,1927,Manipur,3091545
118,0,117,2020-08-09,3753,11,2044,Manipur,3091545
100,0,78,2020-08-10,3853,11,2122,Manipur,3091545
88,1,33,2020-08-11,3941,12,2155,Manipur,3091545
41,0,76,2020-08-12,3982,12,2231,Manipur,3091545
130,1,64,2020-08-13,4112,13,2295,Manipur,3091545
86,0,65,2020-08-14,4198,13,2360,Manipur,3091545
192,0,78,2020-08-15,4390,13,2438,Manipur,3091545
179,3,194,2020-08-16,4569,16,2632,Manipur,3091545
118,1,102,2020-08-17,4687,17,2734,Manipur,3091545
78,1,55,2020-08-18,4765,18,2789,Manipur,3091545
111,0,96,2020-08-19,4876,18,2885,Manipur,3091545
49,0,117,2020-08-20,4925,18,3002,Manipur,3091545
124,2,259,2020-08-21,5049,20,3261,Manipur,3091545
83,2,194,2020-08-22,5132,22,3455,Manipur,3091545
114,0,161,2020-08-23,5246,22,3616,Manipur,3091545
116,0,97,2020-08-24,5362,22,3713,Manipur,3091545
82,2,99,2020-08-25,5444,24,3812,Manipur,3091545
141,1,17,2020-08-26,5585,25,3829,Manipur,3091545
140,0,128,2020-08-27,5725,25,3957,Manipur,3091545
118,2,100,2020-08-28,5843,27,4057,Manipur,3091545
117,1,129,2020-08-29,5960,28,4186,Manipur,3091545
152,0,53,2020-08-30,6112,28,4239,Manipur,3091545
140,0,91,2020-08-31,6252,28,4330,Manipur,3091545
130,1,120,2020-09-01,6382,29,4450,Manipur,3091545
125,0,157,2020-09-02,6507,29,4607,Manipur,3091545
102,3,167,2020-09-03,6609,32,4774,Manipur,3091545
90,3,125,2020-09-04,6699,35,4899,Manipur,3091545
184,1,76,2020-09-05,6883,36,4975,Manipur,3091545
139,2,189,2020-09-06,7022,38,5164,Manipur,3091545
84,0,194,2020-09-07,7106,38,5358,Manipur,3091545
96,1,126,2020-09-08,7202,39,5484,Manipur,3091545
160,1,64,2020-09-09,7362,40,5548,Manipur,3091545
108,4,245,2020-09-10,7470,44,5793,Manipur,3091545
109,0,209,2020-09-11,7579,44,6002,Manipur,3091545
152,1,100,2020-09-12,7731,45,6102,Manipur,3091545
144,1,89,2020-09-13,7875,46,6191,Manipur,3091545
96,0,149,2020-09-14,7971,46,6340,Manipur,3091545
239,1,78,2020-09-15,8210,47,6418,Manipur,3091545
110,1,103,2020-09-16,8320,48,6521,Manipur,3091545
110,3,18,2020-09-17,8430,51,6539,Manipur,3091545
177,1,90,2020-09-18,8607,52,6629,Manipur,3091545
117,3,94,2020-09-19,8724,55,6723,Manipur,3091545
170,2,44,2020-09-20,8894,57,6767,Manipur,3091545
116,2,71,2020-09-21,9010,59,6838,Manipur,3091545
270,1,49,2020-09-22,9280,60,6887,Manipur,3091545
96,2,221,2020-09-23,9376,62,7108,Manipur,3091545
161,0,261,2020-09-24,9537,62,7369,Manipur,3091545
254,1,233,2020-09-25,9791,63,7602,Manipur,3091545
260,1,79,2020-09-26,10051,64,7681,Manipur,3091545
248,0,195,2020-09-27,10299,64,7876,Manipur,3091545
178,0,106,2020-09-28,10477,64,7982,Manipur,3091545
269,1,57,2020-09-29,10746,65,8039,Manipur,3091545
237,2,421,2020-09-30,10983,67,8460,Manipur,3091545
128,1,181,2020-10-01,11111,68,8641,Manipur,3091545
286,1,351,2020-10-02,11397,69,8992,Manipur,3091545
252,2,89,2020-10-03,11649,71,9081,Manipur,3091545
206,3,124,2020-10-04,11855,74,9205,Manipur,3091545
250,1,129,2020-10-05,12105,75,9334,Manipur,3091545
135,3,148,2020-10-06,12240,78,9482,Manipur,3091545
249,2,122,2020-10-07,12489,80,9604,Manipur,3091545
190,3,115,2020-10-08,12679,83,9719,Manipur,3091545
131,3,147,2020-10-09,12810,86,9866,Manipur,3091545
282,2,440,2020-10-10,13092,88,10306,Manipur,3091545
234,3,198,2020-10-11,13326,91,10504,Manipur,3091545
230,2,203,2020-10-12,13556,93,10707,Manipur,3091545
237,4,122,2020-10-13,13793,97,10829,Manipur,3091545
301,6,86,2020-10-14,14094,103,10915,Manipur,3091545
284,1,166,2020-10-15,14378,104,11081,Manipur,3091545
337,5,164,2020-10-16,14715,109,11245,Manipur,3091545
426,2,198,2020-10-17,15141,111,11443,Manipur,3091545
322,5,298,2020-10-18,15463,116,11741,Manipur,3091545
315,1,172,2020-10-19,15778,117,11913,Manipur,3091545
284,4,146,2020-10-20,16062,121,12059,Manipur,3091545
214,3,138,2020-10-21,16276,124,12197,Manipur,3091545
345,3,196,2020-10-22,16621,127,12393,Manipur,3091545
0,0,0,2020-03-14,0,0,0,Meghalaya,3366710
0,0,0,2020-03-15,0,0,0,Meghalaya,3366710
0,0,0,2020-03-16,0,0,0,Meghalaya,3366710
0,0,0,2020-03-17,0,0,0,Meghalaya,3366710
0,0,0,2020-03-18,0,0,0,Meghalaya,3366710
0,0,0,2020-03-19,0,0,0,Meghalaya,3366710
0,0,0,2020-03-20,0,0,0,Meghalaya,3366710
0,0,0,2020-03-21,0,0,0,Meghalaya,3366710
0,0,0,2020-03-22,0,0,0,Meghalaya,3366710
0,0,0,2020-03-23,0,0,0,Meghalaya,3366710
0,0,0,2020-03-24,0,0,0,Meghalaya,3366710
0,0,0,2020-03-25,0,0,0,Meghalaya,3366710
0,0,0,2020-03-26,0,0,0,Meghalaya,3366710
0,0,0,2020-03-27,0,0,0,Meghalaya,3366710
0,0,0,2020-03-28,0,0,0,Meghalaya,3366710
0,0,0,2020-03-29,0,0,0,Meghalaya,3366710
0,0,0,2020-03-30,0,0,0,Meghalaya,3366710
0,0,0,2020-03-31,0,0,0,Meghalaya,3366710
0,0,0,2020-04-01,0,0,0,Meghalaya,3366710
0,0,0,2020-04-02,0,0,0,Meghalaya,3366710
0,0,0,2020-04-03,0,0,0,Meghalaya,3366710
0,0,0,2020-04-04,0,0,0,Meghalaya,3366710
0,0,0,2020-04-05,0,0,0,Meghalaya,3366710
0,0,0,2020-04-06,0,0,0,Meghalaya,3366710
0,0,0,2020-04-07,0,0,0,Meghalaya,3366710
0,0,0,2020-04-08,0,0,0,Meghalaya,3366710
0,0,0,2020-04-09,0,0,0,Meghalaya,3366710
0,0,0,2020-04-10,0,0,0,Meghalaya,3366710
0,0,0,2020-04-11,0,0,0,Meghalaya,3366710
0,0,0,2020-04-12,0,0,0,Meghalaya,3366710
1,0,0,2020-04-13,1,0,0,Meghalaya,3366710
0,0,0,2020-04-14,1,0,0,Meghalaya,3366710
6,1,0,2020-04-15,7,1,0,Meghalaya,3366710
2,0,0,2020-04-16,9,1,0,Meghalaya,3366710
0,0,0,2020-04-17,9,1,0,Meghalaya,3366710
2,0,0,2020-04-18,11,1,0,Meghalaya,3366710
0,0,0,2020-04-19,11,1,0,Meghalaya,3366710
0,0,0,2020-04-20,11,1,0,Meghalaya,3366710
1,0,0,2020-04-21,12,1,0,Meghalaya,3366710
0,0,0,2020-04-22,12,1,0,Meghalaya,3366710
0,0,0,2020-04-23,12,1,0,Meghalaya,3366710
0,0,0,2020-04-24,12,1,0,Meghalaya,3366710
0,0,0,2020-04-25,12,1,0,Meghalaya,3366710
0,0,0,2020-04-26,12,1,0,Meghalaya,3366710
0,0,0,2020-04-27,12,1,0,Meghalaya,3366710
0,0,0,2020-04-28,12,1,0,Meghalaya,3366710
0,0,0,2020-04-29,12,1,0,Meghalaya,3366710
0,0,0,2020-04-30,12,1,0,Meghalaya,3366710
0,0,10,2020-05-01,12,1,10,Meghalaya,3366710
0,0,0,2020-05-02,12,1,10,Meghalaya,3366710
0,0,0,2020-05-03,12,1,10,Meghalaya,3366710
0,0,0,2020-05-04,12,1,10,Meghalaya,3366710
0,0,0,2020-05-05,12,1,10,Meghalaya,3366710
0,0,0,2020-05-06,12,1,10,Meghalaya,3366710
0,0,0,2020-05-07,12,1,10,Meghalaya,3366710
0,0,0,2020-05-08,12,1,10,Meghalaya,3366710
1,0,0,2020-05-09,13,1,10,Meghalaya,3366710
0,0,0,2020-05-10,13,1,10,Meghalaya,3366710
0,0,0,2020-05-11,13,1,10,Meghalaya,3366710
0,0,0,2020-05-12,13,1,10,Meghalaya,3366710
0,0,1,2020-05-13,13,1,11,Meghalaya,3366710
0,0,0,2020-05-14,13,1,11,Meghalaya,3366710
0,0,0,2020-05-15,13,1,11,Meghalaya,3366710
0,0,0,2020-05-16,13,1,11,Meghalaya,3366710
0,0,0,2020-05-17,13,1,11,Meghalaya,3366710
0,0,1,2020-05-18,13,1,12,Meghalaya,3366710
0,0,0,2020-05-19,13,1,12,Meghalaya,3366710
1,0,0,2020-05-20,14,1,12,Meghalaya,3366710
0,0,0,2020-05-21,14,1,12,Meghalaya,3366710
0,0,0,2020-05-22,14,1,12,Meghalaya,3366710
0,0,0,2020-05-23,14,1,12,Meghalaya,3366710
0,0,0,2020-05-24,14,1,12,Meghalaya,3366710
1,0,0,2020-05-25,15,1,12,Meghalaya,3366710
5,0,0,2020-05-26,20,1,12,Meghalaya,3366710
0,0,0,2020-05-27,20,1,12,Meghalaya,3366710
1,0,0,2020-05-28,21,1,12,Meghalaya,3366710
6,0,0,2020-05-29,27,1,12,Meghalaya,3366710
0,0,0,2020-05-30,27,1,12,Meghalaya,3366710
0,0,0,2020-05-31,27,1,12,Meghalaya,3366710
1,0,0,2020-06-01,28,1,12,Meghalaya,3366710
2,0,0,2020-06-02,30,1,12,Meghalaya,3366710
3,0,1,2020-06-03,33,1,13,Meghalaya,3366710
0,0,0,2020-06-04,33,1,13,Meghalaya,3366710
0,0,0,2020-06-05,33,1,13,Meghalaya,3366710
0,0,0,2020-06-06,33,1,13,Meghalaya,3366710
3,0,0,2020-06-07,36,1,13,Meghalaya,3366710
3,0,0,2020-06-08,39,1,13,Meghalaya,3366710
4,0,0,2020-06-09,43,1,13,Meghalaya,3366710
1,0,0,2020-06-10,44,1,13,Meghalaya,3366710
0,0,5,2020-06-11,44,1,18,Meghalaya,3366710
0,0,4,2020-06-12,44,1,22,Meghalaya,3366710
0,0,1,2020-06-13,44,1,23,Meghalaya,3366710
0,0,3,2020-06-14,44,1,26,Meghalaya,3366710
0,0,0,2020-06-15,44,1,26,Meghalaya,3366710
0,0,2,2020-06-16,44,1,28,Meghalaya,3366710
-1,0,3,2020-06-17,43,1,31,Meghalaya,3366710
0,0,1,2020-06-18,43,1,32,Meghalaya,3366710
0,0,0,2020-06-19,43,1,32,Meghalaya,3366710
0,0,0,2020-06-20,43,1,32,Meghalaya,3366710
0,0,5,2020-06-21,43,1,37,Meghalaya,3366710
2,0,0,2020-06-22,45,1,37,Meghalaya,3366710
1,0,4,2020-06-23,46,1,41,Meghalaya,3366710
0,0,0,2020-06-24,46,1,41,Meghalaya,3366710
0,0,1,2020-06-25,46,1,42,Meghalaya,3366710
2,0,0,2020-06-26,48,1,42,Meghalaya,3366710
0,0,0,2020-06-27,48,1,42,Meghalaya,3366710
2,0,0,2020-06-28,50,1,42,Meghalaya,3366710
1,0,0,2020-06-29,51,1,42,Meghalaya,3366710
2,0,0,2020-06-30,53,1,42,Meghalaya,3366710
2,0,0,2020-07-01,55,1,42,Meghalaya,3366710
3,0,1,2020-07-02,58,1,43,Meghalaya,3366710
4,0,0,2020-07-03,62,1,43,Meghalaya,3366710
8,0,0,2020-07-04,70,1,43,Meghalaya,3366710
2,0,0,2020-07-05,72,1,43,Meghalaya,3366710
16,0,0,2020-07-06,88,1,43,Meghalaya,3366710
6,0,0,2020-07-07,94,1,43,Meghalaya,3366710
6,1,2,2020-07-08,100,2,45,Meghalaya,3366710
13,0,0,2020-07-09,113,2,45,Meghalaya,3366710
73,0,0,2020-07-10,186,2,45,Meghalaya,3366710
76,0,0,2020-07-11,262,2,45,Meghalaya,3366710
33,0,0,2020-07-12,295,2,45,Meghalaya,3366710
21,0,1,2020-07-13,316,2,46,Meghalaya,3366710
2,0,0,2020-07-14,318,2,46,Meghalaya,3366710
19,0,0,2020-07-15,337,2,46,Meghalaya,3366710
40,0,3,2020-07-16,377,2,49,Meghalaya,3366710
26,0,0,2020-07-17,403,2,49,Meghalaya,3366710
15,0,0,2020-07-18,418,2,49,Meghalaya,3366710
32,2,0,2020-07-19,450,4,49,Meghalaya,3366710
19,0,3,2020-07-20,469,4,52,Meghalaya,3366710
21,0,18,2020-07-21,490,4,70,Meghalaya,3366710
24,0,7,2020-07-22,514,4,77,Meghalaya,3366710
20,0,5,2020-07-23,534,4,82,Meghalaya,3366710
53,1,5,2020-07-24,587,5,87,Meghalaya,3366710
59,0,7,2020-07-25,646,5,94,Meghalaya,3366710
56,0,41,2020-07-26,702,5,135,Meghalaya,3366710
36,0,51,2020-07-27,738,5,186,Meghalaya,3366710
41,0,8,2020-07-28,779,5,194,Meghalaya,3366710
5,0,13,2020-07-29,784,5,207,Meghalaya,3366710
19,0,3,2020-07-30,803,5,210,Meghalaya,3366710
20,0,5,2020-07-31,823,5,215,Meghalaya,3366710
33,0,37,2020-08-01,856,5,252,Meghalaya,3366710
18,0,12,2020-08-02,874,5,264,Meghalaya,3366710
28,0,0,2020-08-03,902,5,264,Meghalaya,3366710
15,0,66,2020-08-04,917,5,330,Meghalaya,3366710
22,0,9,2020-08-05,939,5,339,Meghalaya,3366710
51,0,6,2020-08-06,990,5,345,Meghalaya,3366710
16,0,66,2020-08-07,1006,5,411,Meghalaya,3366710
17,1,12,2020-08-08,1023,6,423,Meghalaya,3366710
39,0,67,2020-08-09,1062,6,490,Meghalaya,3366710
53,0,8,2020-08-10,1115,6,498,Meghalaya,3366710
27,0,12,2020-08-11,1142,6,510,Meghalaya,3366710
37,0,7,2020-08-12,1179,6,517,Meghalaya,3366710
14,0,30,2020-08-13,1193,6,547,Meghalaya,3366710
35,0,34,2020-08-14,1228,6,581,Meghalaya,3366710
64,0,15,2020-08-15,1292,6,596,Meghalaya,3366710
82,0,79,2020-08-16,1374,6,675,Meghalaya,3366710
44,0,4,2020-08-17,1418,6,679,Meghalaya,3366710
39,0,6,2020-08-18,1457,6,685,Meghalaya,3366710
78,0,40,2020-08-19,1535,6,725,Meghalaya,3366710
126,0,5,2020-08-20,1661,6,730,Meghalaya,3366710
57,0,19,2020-08-21,1718,6,749,Meghalaya,3366710
93,1,20,2020-08-22,1811,7,769,Meghalaya,3366710
106,1,7,2020-08-23,1917,8,776,Meghalaya,3366710
59,0,13,2020-08-24,1976,8,789,Meghalaya,3366710
42,0,43,2020-08-25,2018,8,832,Meghalaya,3366710
32,0,42,2020-08-26,2050,8,874,Meghalaya,3366710
80,1,25,2020-08-27,2130,9,899,Meghalaya,3366710
110,1,59,2020-08-28,2240,10,958,Meghalaya,3366710
43,0,77,2020-08-29,2283,10,1035,Meghalaya,3366710
60,0,14,2020-08-30,2343,10,1049,Meghalaya,3366710
25,0,113,2020-08-31,2368,10,1162,Meghalaya,3366710
72,2,73,2020-09-01,2440,12,1235,Meghalaya,3366710
77,1,83,2020-09-02,2517,13,1318,Meghalaya,3366710
109,0,75,2020-09-03,2626,13,1393,Meghalaya,3366710
108,1,75,2020-09-04,2734,14,1468,Meghalaya,3366710
182,1,59,2020-09-05,2916,15,1527,Meghalaya,3366710
89,1,29,2020-09-06,3005,16,1556,Meghalaya,3366710
29,1,4,2020-09-07,3034,17,1560,Meghalaya,3366710
42,0,156,2020-09-08,3076,17,1716,Meghalaya,3366710
121,2,107,2020-09-09,3197,19,1823,Meghalaya,3366710
99,1,19,2020-09-10,3296,20,1842,Meghalaya,3366710
151,4,47,2020-09-11,3447,24,1889,Meghalaya,3366710
168,1,131,2020-09-12,3615,25,2020,Meghalaya,3366710
109,1,55,2020-09-13,3724,26,2075,Meghalaya,3366710
139,2,76,2020-09-14,3863,28,2151,Meghalaya,3366710
174,1,39,2020-09-15,4037,29,2190,Meghalaya,3366710
158,0,74,2020-09-16,4195,29,2264,Meghalaya,3366710
162,3,78,2020-09-17,4357,32,2342,Meghalaya,3366710
90,2,95,2020-09-18,4447,34,2437,Meghalaya,3366710
112,2,46,2020-09-19,4559,36,2483,Meghalaya,3366710
101,0,30,2020-09-20,4660,36,2513,Meghalaya,3366710
73,2,15,2020-09-21,4733,38,2528,Meghalaya,3366710
58,2,179,2020-09-22,4791,40,2707,Meghalaya,3366710
170,2,152,2020-09-23,4961,42,2859,Meghalaya,3366710
122,1,199,2020-09-24,5083,43,3058,Meghalaya,3366710
75,0,285,2020-09-25,5158,43,3343,Meghalaya,3366710
54,0,311,2020-09-26,5212,43,3654,Meghalaya,3366710
90,0,125,2020-09-27,5302,43,3779,Meghalaya,3366710
60,3,89,2020-09-28,5362,46,3868,Meghalaya,3366710
101,1,72,2020-09-29,5463,47,3940,Meghalaya,3366710
176,2,35,2020-09-30,5639,49,3975,Meghalaya,3366710
163,2,26,2020-10-01,5802,51,4001,Meghalaya,3366710
231,1,225,2020-10-02,6033,52,4226,Meghalaya,3366710
423,2,93,2020-10-03,6456,54,4319,Meghalaya,3366710
200,0,74,2020-10-04,6656,54,4393,Meghalaya,3366710
111,5,98,2020-10-05,6767,59,4491,Meghalaya,3366710
270,1,115,2020-10-06,7037,60,4606,Meghalaya,3366710
128,0,88,2020-10-07,7165,60,4694,Meghalaya,3366710
96,0,138,2020-10-08,7261,60,4832,Meghalaya,3366710
127,1,71,2020-10-09,7388,61,4903,Meghalaya,3366710
156,1,142,2020-10-10,7544,62,5045,Meghalaya,3366710
139,1,97,2020-10-11,7683,63,5142,Meghalaya,3366710
88,1,131,2020-10-12,7771,64,5273,Meghalaya,3366710
67,1,133,2020-10-13,7838,65,5406,Meghalaya,3366710
153,5,176,2020-10-14,7991,70,5582,Meghalaya,3366710
173,3,64,2020-10-15,8164,73,5646,Meghalaya,3366710
139,2,90,2020-10-16,8303,75,5736,Meghalaya,3366710
101,0,298,2020-10-17,8404,75,6034,Meghalaya,3366710
104,0,248,2020-10-18,8508,75,6282,Meghalaya,3366710
28,0,110,2020-10-19,8536,75,6392,Meghalaya,3366710
113,1,210,2020-10-20,8649,76,6602,Meghalaya,3366710
28,1,177,2020-10-21,8677,77,6779,Meghalaya,3366710
0,0,0,2020-10-22,8677,77,6779,Meghalaya,3366710
0,0,0,2020-03-14,0,0,0,Mizoram,1239244
0,0,0,2020-03-15,0,0,0,Mizoram,1239244
0,0,0,2020-03-16,0,0,0,Mizoram,1239244
0,0,0,2020-03-17,0,0,0,Mizoram,1239244
0,0,0,2020-03-18,0,0,0,Mizoram,1239244
0,0,0,2020-03-19,0,0,0,Mizoram,1239244
0,0,0,2020-03-20,0,0,0,Mizoram,1239244
0,0,0,2020-03-21,0,0,0,Mizoram,1239244
0,0,0,2020-03-22,0,0,0,Mizoram,1239244
0,0,0,2020-03-23,0,0,0,Mizoram,1239244
0,0,0,2020-03-24,0,0,0,Mizoram,1239244
1,0,0,2020-03-25,1,0,0,Mizoram,1239244
0,0,0,2020-03-26,1,0,0,Mizoram,1239244
0,0,0,2020-03-27,1,0,0,Mizoram,1239244
0,0,0,2020-03-28,1,0,0,Mizoram,1239244
0,0,0,2020-03-29,1,0,0,Mizoram,1239244
0,0,0,2020-03-30,1,0,0,Mizoram,1239244
0,0,0,2020-03-31,1,0,0,Mizoram,1239244
0,0,0,2020-04-01,1,0,0,Mizoram,1239244
0,0,0,2020-04-02,1,0,0,Mizoram,1239244
0,0,0,2020-04-03,1,0,0,Mizoram,1239244
0,0,0,2020-04-04,1,0,0,Mizoram,1239244
0,0,0,2020-04-05,1,0,0,Mizoram,1239244
0,0,0,2020-04-06,1,0,0,Mizoram,1239244
0,0,0,2020-04-07,1,0,0,Mizoram,1239244
0,0,0,2020-04-08,1,0,0,Mizoram,1239244
0,0,0,2020-04-09,1,0,0,Mizoram,1239244
0,0,0,2020-04-10,1,0,0,Mizoram,1239244
0,0,0,2020-04-11,1,0,0,Mizoram,1239244
0,0,0,2020-04-12,1,0,0,Mizoram,1239244
0,0,0,2020-04-13,1,0,0,Mizoram,1239244
0,0,0,2020-04-14,1,0,0,Mizoram,1239244
0,0,0,2020-04-15,1,0,0,Mizoram,1239244
0,0,0,2020-04-16,1,0,0,Mizoram,1239244
0,0,0,2020-04-17,1,0,0,Mizoram,1239244
0,0,0,2020-04-18,1,0,0,Mizoram,1239244
0,0,0,2020-04-19,1,0,0,Mizoram,1239244
0,0,0,2020-04-20,1,0,0,Mizoram,1239244
0,0,0,2020-04-21,1,0,0,Mizoram,1239244
0,0,0,2020-04-22,1,0,0,Mizoram,1239244
0,0,0,2020-04-23,1,0,0,Mizoram,1239244
0,0,0,2020-04-24,1,0,0,Mizoram,1239244
0,0,0,2020-04-25,1,0,0,Mizoram,1239244
0,0,0,2020-04-26,1,0,0,Mizoram,1239244
0,0,0,2020-04-27,1,0,0,Mizoram,1239244
0,0,0,2020-04-28,1,0,0,Mizoram,1239244
0,0,0,2020-04-29,1,0,0,Mizoram,1239244
0,0,0,2020-04-30,1,0,0,Mizoram,1239244
0,0,0,2020-05-01,1,0,0,Mizoram,1239244
0,0,0,2020-05-02,1,0,0,Mizoram,1239244
0,0,0,2020-05-03,1,0,0,Mizoram,1239244
0,0,0,2020-05-04,1,0,0,Mizoram,1239244
0,0,1,2020-05-05,1,0,1,Mizoram,1239244
0,0,0,2020-05-06,1,0,1,Mizoram,1239244
0,0,0,2020-05-07,1,0,1,Mizoram,1239244
0,0,0,2020-05-08,1,0,1,Mizoram,1239244
0,0,0,2020-05-09,1,0,1,Mizoram,1239244
0,0,0,2020-05-10,1,0,1,Mizoram,1239244
0,0,0,2020-05-11,1,0,1,Mizoram,1239244
0,0,0,2020-05-12,1,0,1,Mizoram,1239244
0,0,0,2020-05-13,1,0,1,Mizoram,1239244
0,0,0,2020-05-14,1,0,1,Mizoram,1239244
0,0,0,2020-05-15,1,0,1,Mizoram,1239244
0,0,0,2020-05-16,1,0,1,Mizoram,1239244
0,0,0,2020-05-17,1,0,1,Mizoram,1239244
0,0,0,2020-05-18,1,0,1,Mizoram,1239244
0,0,0,2020-05-19,1,0,1,Mizoram,1239244
0,0,0,2020-05-20,1,0,1,Mizoram,1239244
0,0,0,2020-05-21,1,0,1,Mizoram,1239244
0,0,0,2020-05-22,1,0,1,Mizoram,1239244
0,0,0,2020-05-23,1,0,1,Mizoram,1239244
0,0,0,2020-05-24,1,0,1,Mizoram,1239244
0,0,0,2020-05-25,1,0,1,Mizoram,1239244
0,0,0,2020-05-26,1,0,1,Mizoram,1239244
0,0,0,2020-05-27,1,0,1,Mizoram,1239244
0,0,0,2020-05-28,1,0,1,Mizoram,1239244
0,0,0,2020-05-29,1,0,1,Mizoram,1239244
0,0,0,2020-05-30,1,0,1,Mizoram,1239244
0,0,0,2020-05-31,1,0,1,Mizoram,1239244
0,0,0,2020-06-01,1,0,1,Mizoram,1239244
12,0,0,2020-06-02,13,0,1,Mizoram,1239244
1,0,0,2020-06-03,14,0,1,Mizoram,1239244
3,0,0,2020-06-04,17,0,1,Mizoram,1239244
7,0,0,2020-06-05,24,0,1,Mizoram,1239244
0,0,0,2020-06-06,24,0,1,Mizoram,1239244
10,0,0,2020-06-07,34,0,1,Mizoram,1239244
8,0,0,2020-06-08,42,0,1,Mizoram,1239244
46,0,0,2020-06-09,88,0,1,Mizoram,1239244
5,0,0,2020-06-10,93,0,1,Mizoram,1239244
9,0,0,2020-06-11,102,0,1,Mizoram,1239244
2,0,0,2020-06-12,104,0,1,Mizoram,1239244
6,0,0,2020-06-13,110,0,1,Mizoram,1239244
2,0,0,2020-06-14,112,0,1,Mizoram,1239244
5,0,0,2020-06-15,117,0,1,Mizoram,1239244
4,0,0,2020-06-16,121,0,1,Mizoram,1239244
0,0,0,2020-06-17,121,0,1,Mizoram,1239244
9,0,0,2020-06-18,130,0,1,Mizoram,1239244
0,0,8,2020-06-19,130,0,9,Mizoram,1239244
10,0,0,2020-06-20,140,0,9,Mizoram,1239244
1,0,0,2020-06-21,141,0,9,Mizoram,1239244
1,0,3,2020-06-22,142,0,12,Mizoram,1239244
0,0,7,2020-06-23,142,0,19,Mizoram,1239244
3,0,5,2020-06-24,145,0,24,Mizoram,1239244
0,0,6,2020-06-25,145,0,30,Mizoram,1239244
2,0,17,2020-06-26,147,0,47,Mizoram,1239244
3,0,8,2020-06-27,150,0,55,Mizoram,1239244
1,0,0,2020-06-28,151,0,55,Mizoram,1239244
0,0,6,2020-06-29,151,0,61,Mizoram,1239244
9,0,61,2020-06-30,160,0,122,Mizoram,1239244
0,0,1,2020-07-01,160,0,123,Mizoram,1239244
2,0,3,2020-07-02,162,0,126,Mizoram,1239244
0,0,1,2020-07-03,162,0,127,Mizoram,1239244
2,0,3,2020-07-04,164,0,130,Mizoram,1239244
22,0,3,2020-07-05,186,0,133,Mizoram,1239244
11,0,0,2020-07-06,197,0,133,Mizoram,1239244
1,0,6,2020-07-07,198,0,139,Mizoram,1239244
5,0,4,2020-07-08,203,0,143,Mizoram,1239244
0,0,0,2020-07-09,203,0,143,Mizoram,1239244
23,0,0,2020-07-10,226,0,143,Mizoram,1239244
1,0,7,2020-07-11,227,0,150,Mizoram,1239244
4,0,0,2020-07-12,231,0,150,Mizoram,1239244
2,0,1,2020-07-13,233,0,151,Mizoram,1239244
5,0,8,2020-07-14,238,0,159,Mizoram,1239244
0,0,0,2020-07-15,238,0,159,Mizoram,1239244
34,0,1,2020-07-16,272,0,160,Mizoram,1239244
10,0,0,2020-07-17,282,0,160,Mizoram,1239244
2,0,7,2020-07-18,284,0,167,Mizoram,1239244
0,0,0,2020-07-19,284,0,167,Mizoram,1239244
13,0,1,2020-07-20,297,0,168,Mizoram,1239244
0,0,0,2020-07-21,297,0,168,Mizoram,1239244
20,0,11,2020-07-22,317,0,179,Mizoram,1239244
9,0,4,2020-07-23,326,0,183,Mizoram,1239244
6,0,0,2020-07-24,332,0,183,Mizoram,1239244
29,0,0,2020-07-25,361,0,183,Mizoram,1239244
0,0,10,2020-07-26,361,0,193,Mizoram,1239244
0,0,0,2020-07-27,361,0,193,Mizoram,1239244
23,0,5,2020-07-28,384,0,198,Mizoram,1239244
11,0,17,2020-07-29,395,0,215,Mizoram,1239244
13,0,19,2020-07-30,408,0,234,Mizoram,1239244
0,0,13,2020-07-31,408,0,247,Mizoram,1239244
5,0,6,2020-08-01,413,0,253,Mizoram,1239244
57,0,5,2020-08-02,470,0,258,Mizoram,1239244
26,0,8,2020-08-03,496,0,266,Mizoram,1239244
6,0,16,2020-08-04,502,0,282,Mizoram,1239244
3,0,4,2020-08-05,505,0,286,Mizoram,1239244
33,0,2,2020-08-06,538,0,288,Mizoram,1239244
21,0,0,2020-08-07,559,0,288,Mizoram,1239244
8,0,8,2020-08-08,567,0,296,Mizoram,1239244
41,0,2,2020-08-09,608,0,298,Mizoram,1239244
12,0,25,2020-08-10,620,0,323,Mizoram,1239244
3,0,0,2020-08-11,623,0,323,Mizoram,1239244
25,0,7,2020-08-12,648,0,330,Mizoram,1239244
1,0,13,2020-08-13,649,0,343,Mizoram,1239244
8,0,4,2020-08-14,657,0,347,Mizoram,1239244
56,0,9,2020-08-15,713,0,356,Mizoram,1239244
64,0,15,2020-08-16,777,0,371,Mizoram,1239244
12,0,1,2020-08-17,789,0,372,Mizoram,1239244
26,0,7,2020-08-18,815,0,379,Mizoram,1239244
45,0,5,2020-08-19,860,0,384,Mizoram,1239244
14,0,18,2020-08-20,874,0,402,Mizoram,1239244
21,0,18,2020-08-21,895,0,420,Mizoram,1239244
8,0,1,2020-08-22,903,0,421,Mizoram,1239244
15,0,38,2020-08-23,918,0,459,Mizoram,1239244
0,0,2,2020-08-24,918,0,461,Mizoram,1239244
35,0,3,2020-08-25,953,0,464,Mizoram,1239244
14,0,9,2020-08-26,967,0,473,Mizoram,1239244
7,0,27,2020-08-27,974,0,500,Mizoram,1239244
29,0,14,2020-08-28,1003,0,514,Mizoram,1239244
0,0,70,2020-08-29,1003,0,584,Mizoram,1239244
5,0,5,2020-08-30,1008,0,589,Mizoram,1239244
3,0,0,2020-08-31,1011,0,589,Mizoram,1239244
1,0,21,2020-09-01,1012,0,610,Mizoram,1239244
8,0,49,2020-09-02,1020,0,659,Mizoram,1239244
20,0,10,2020-09-03,1040,0,669,Mizoram,1239244
6,0,12,2020-09-04,1046,0,681,Mizoram,1239244
16,0,32,2020-09-05,1062,0,713,Mizoram,1239244
31,0,19,2020-09-06,1093,0,732,Mizoram,1239244
21,0,0,2020-09-07,1114,0,732,Mizoram,1239244
9,0,13,2020-09-08,1123,0,745,Mizoram,1239244
69,0,5,2020-09-09,1192,0,750,Mizoram,1239244
141,0,0,2020-09-10,1333,0,750,Mizoram,1239244
20,0,40,2020-09-11,1353,0,790,Mizoram,1239244
26,0,33,2020-09-12,1379,0,823,Mizoram,1239244
35,0,7,2020-09-13,1414,0,830,Mizoram,1239244
14,0,89,2020-09-14,1428,0,919,Mizoram,1239244
40,0,3,2020-09-15,1468,0,922,Mizoram,1239244
12,0,7,2020-09-16,1480,0,929,Mizoram,1239244
26,0,20,2020-09-17,1506,0,949,Mizoram,1239244
28,0,24,2020-09-18,1534,0,973,Mizoram,1239244
14,0,16,2020-09-19,1548,0,989,Mizoram,1239244
30,0,13,2020-09-20,1578,0,1002,Mizoram,1239244
7,0,10,2020-09-21,1585,0,1012,Mizoram,1239244
106,0,11,2020-09-22,1691,0,1023,Mizoram,1239244
22,0,72,2020-09-23,1713,0,1095,Mizoram,1239244
46,0,9,2020-09-24,1759,0,1104,Mizoram,1239244
27,0,184,2020-09-25,1786,0,1288,Mizoram,1239244
49,0,28,2020-09-26,1835,0,1316,Mizoram,1239244
30,0,52,2020-09-27,1865,0,1368,Mizoram,1239244
43,0,49,2020-09-28,1908,0,1417,Mizoram,1239244
50,0,131,2020-09-29,1958,0,1548,Mizoram,1239244
28,0,50,2020-09-30,1986,0,1598,Mizoram,1239244
32,0,123,2020-10-01,2018,0,1721,Mizoram,1239244
31,0,15,2020-10-02,2049,0,1736,Mizoram,1239244
54,0,36,2020-10-03,2103,0,1772,Mizoram,1239244
17,0,19,2020-10-04,2120,0,1791,Mizoram,1239244
0,0,46,2020-10-05,2120,0,1837,Mizoram,1239244
8,0,50,2020-10-06,2128,0,1887,Mizoram,1239244
20,0,8,2020-10-07,2148,0,1895,Mizoram,1239244
2,0,31,2020-10-08,2150,0,1926,Mizoram,1239244
7,0,48,2020-10-09,2157,0,1974,Mizoram,1239244
5,0,10,2020-10-10,2162,0,1984,Mizoram,1239244
13,0,26,2020-10-11,2175,0,2010,Mizoram,1239244
9,0,36,2020-10-12,2184,0,2046,Mizoram,1239244
18,0,47,2020-10-13,2202,0,2093,Mizoram,1239244
10,0,15,2020-10-14,2212,0,2108,Mizoram,1239244
8,0,13,2020-10-15,2220,0,2121,Mizoram,1239244
9,0,6,2020-10-16,2229,0,2127,Mizoram,1239244
16,0,10,2020-10-17,2245,0,2137,Mizoram,1239244
8,0,11,2020-10-18,2253,0,2148,Mizoram,1239244
0,0,3,2020-10-19,2253,0,2151,Mizoram,1239244
27,0,12,2020-10-20,2280,0,2163,Mizoram,1239244
30,0,11,2020-10-21,2310,0,2174,Mizoram,1239244
31,0,1,2020-10-22,2341,0,2175,Mizoram,1239244
0,0,0,2020-03-14,0,0,0,Nagaland,2249695
0,0,0,2020-03-15,0,0,0,Nagaland,2249695
0,0,0,2020-03-16,0,0,0,Nagaland,2249695
0,0,0,2020-03-17,0,0,0,Nagaland,2249695
0,0,0,2020-03-18,0,0,0,Nagaland,2249695
0,0,0,2020-03-19,0,0,0,Nagaland,2249695
0,0,0,2020-03-20,0,0,0,Nagaland,2249695
0,0,0,2020-03-21,0,0,0,Nagaland,2249695
0,0,0,2020-03-22,0,0,0,Nagaland,2249695
0,0,0,2020-03-23,0,0,0,Nagaland,2249695
0,0,0,2020-03-24,0,0,0,Nagaland,2249695
0,0,0,2020-03-25,0,0,0,Nagaland,2249695
0,0,0,2020-03-26,0,0,0,Nagaland,2249695
0,0,0,2020-03-27,0,0,0,Nagaland,2249695
0,0,0,2020-03-28,0,0,0,Nagaland,2249695
0,0,0,2020-03-29,0,0,0,Nagaland,2249695
0,0,0,2020-03-30,0,0,0,Nagaland,2249695
0,0,0,2020-03-31,0,0,0,Nagaland,2249695
0,0,0,2020-04-01,0,0,0,Nagaland,2249695
0,0,0,2020-04-02,0,0,0,Nagaland,2249695
0,0,0,2020-04-03,0,0,0,Nagaland,2249695
0,0,0,2020-04-04,0,0,0,Nagaland,2249695
0,0,0,2020-04-05,0,0,0,Nagaland,2249695
0,0,0,2020-04-06,0,0,0,Nagaland,2249695
0,0,0,2020-04-07,0,0,0,Nagaland,2249695
0,0,0,2020-04-08,0,0,0,Nagaland,2249695
0,0,0,2020-04-09,0,0,0,Nagaland,2249695
0,0,0,2020-04-10,0,0,0,Nagaland,2249695
0,0,0,2020-04-11,0,0,0,Nagaland,2249695
0,0,0,2020-04-12,0,0,0,Nagaland,2249695
0,0,0,2020-04-13,0,0,0,Nagaland,2249695
0,0,0,2020-04-14,0,0,0,Nagaland,2249695
0,0,0,2020-04-15,0,0,0,Nagaland,2249695
0,0,0,2020-04-16,0,0,0,Nagaland,2249695
0,0,0,2020-04-17,0,0,0,Nagaland,2249695
0,0,0,2020-04-18,0,0,0,Nagaland,2249695
0,0,0,2020-04-19,0,0,0,Nagaland,2249695
0,0,0,2020-04-20,0,0,0,Nagaland,2249695
0,0,0,2020-04-21,0,0,0,Nagaland,2249695
0,0,0,2020-04-22,0,0,0,Nagaland,2249695
0,0,0,2020-04-23,0,0,0,Nagaland,2249695
0,0,0,2020-04-24,0,0,0,Nagaland,2249695
0,0,0,2020-04-25,0,0,0,Nagaland,2249695
0,0,0,2020-04-26,0,0,0,Nagaland,2249695
0,0,0,2020-04-27,0,0,0,Nagaland,2249695
0,0,0,2020-04-28,0,0,0,Nagaland,2249695
0,0,0,2020-04-29,0,0,0,Nagaland,2249695
0,0,0,2020-04-30,0,0,0,Nagaland,2249695
0,0,0,2020-05-01,0,0,0,Nagaland,2249695
0,0,0,2020-05-02,0,0,0,Nagaland,2249695
0,0,0,2020-05-03,0,0,0,Nagaland,2249695
0,0,0,2020-05-04,0,0,0,Nagaland,2249695
0,0,0,2020-05-05,0,0,0,Nagaland,2249695
0,0,0,2020-05-06,0,0,0,Nagaland,2249695
0,0,0,2020-05-07,0,0,0,Nagaland,2249695
0,0,0,2020-05-08,0,0,0,Nagaland,2249695
0,0,0,2020-05-09,0,0,0,Nagaland,2249695
0,0,0,2020-05-10,0,0,0,Nagaland,2249695
0,0,0,2020-05-11,0,0,0,Nagaland,2249695
0,0,0,2020-05-12,0,0,0,Nagaland,2249695
0,0,0,2020-05-13,0,0,0,Nagaland,2249695
0,0,0,2020-05-14,0,0,0,Nagaland,2249695
0,0,0,2020-05-15,0,0,0,Nagaland,2249695
0,0,0,2020-05-16,0,0,0,Nagaland,2249695
0,0,0,2020-05-17,0,0,0,Nagaland,2249695
0,0,0,2020-05-18,0,0,0,Nagaland,2249695
0,0,0,2020-05-19,0,0,0,Nagaland,2249695
0,0,0,2020-05-20,0,0,0,Nagaland,2249695
0,0,0,2020-05-21,0,0,0,Nagaland,2249695
0,0,0,2020-05-22,0,0,0,Nagaland,2249695
0,0,0,2020-05-23,0,0,0,Nagaland,2249695
0,0,0,2020-05-24,0,0,0,Nagaland,2249695
3,0,0,2020-05-25,3,0,0,Nagaland,2249695
1,0,0,2020-05-26,4,0,0,Nagaland,2249695
5,0,0,2020-05-27,9,0,0,Nagaland,2249695
9,0,0,2020-05-28,18,0,0,Nagaland,2249695
7,0,0,2020-05-29,25,0,0,Nagaland,2249695
11,0,0,2020-05-30,36,0,0,Nagaland,2249695
7,0,0,2020-05-31,43,0,0,Nagaland,2249695
0,0,0,2020-06-01,43,0,0,Nagaland,2249695
6,0,0,2020-06-02,49,0,0,Nagaland,2249695
9,0,0,2020-06-03,58,0,0,Nagaland,2249695
22,0,0,2020-06-04,80,0,0,Nagaland,2249695
27,0,0,2020-06-05,107,0,0,Nagaland,2249695
0,0,8,2020-06-06,107,0,8,Nagaland,2249695
9,0,0,2020-06-07,116,0,8,Nagaland,2249695
6,0,0,2020-06-08,122,0,8,Nagaland,2249695
5,0,2,2020-06-09,127,0,10,Nagaland,2249695
1,0,12,2020-06-10,128,0,22,Nagaland,2249695
2,0,7,2020-06-11,130,0,29,Nagaland,2249695
26,0,28,2020-06-12,156,0,57,Nagaland,2249695
7,0,27,2020-06-13,163,0,84,Nagaland,2249695
10,0,4,2020-06-14,173,0,88,Nagaland,2249695
4,0,0,2020-06-15,177,0,88,Nagaland,2249695
2,0,15,2020-06-16,179,0,103,Nagaland,2249695
14,0,0,2020-06-17,193,0,103,Nagaland,2249695
0,0,6,2020-06-18,193,0,109,Nagaland,2249695
5,0,16,2020-06-19,198,0,125,Nagaland,2249695
3,0,13,2020-06-20,201,0,138,Nagaland,2249695
10,0,3,2020-06-21,211,0,141,Nagaland,2249695
69,0,0,2020-06-22,280,0,141,Nagaland,2249695
50,0,0,2020-06-23,330,0,141,Nagaland,2249695
17,0,7,2020-06-24,347,0,148,Nagaland,2249695
8,0,12,2020-06-25,355,0,160,Nagaland,2249695
16,0,2,2020-06-26,371,0,162,Nagaland,2249695
16,0,2,2020-06-27,387,0,164,Nagaland,2249695
28,0,0,2020-06-28,415,0,164,Nagaland,2249695
36,0,4,2020-06-29,451,0,168,Nagaland,2249695
8,0,0,2020-06-30,459,0,168,Nagaland,2249695
42,0,14,2020-07-01,501,0,182,Nagaland,2249695
34,0,15,2020-07-02,535,0,197,Nagaland,2249695
4,0,31,2020-07-03,539,0,228,Nagaland,2249695
24,0,0,2020-07-04,563,0,228,Nagaland,2249695
27,0,3,2020-07-05,590,0,231,Nagaland,2249695
35,0,12,2020-07-06,625,0,243,Nagaland,2249695
19,0,60,2020-07-07,644,0,303,Nagaland,2249695
13,0,1,2020-07-08,657,0,304,Nagaland,2249695
16,0,0,2020-07-09,673,0,304,Nagaland,2249695
59,0,0,2020-07-10,732,0,304,Nagaland,2249695
16,0,9,2020-07-11,748,0,313,Nagaland,2249695
26,0,14,2020-07-12,774,0,327,Nagaland,2249695
71,0,13,2020-07-13,845,0,340,Nagaland,2249695
51,0,6,2020-07-14,896,0,346,Nagaland,2249695
6,0,2,2020-07-15,902,0,348,Nagaland,2249695
14,0,43,2020-07-16,916,0,391,Nagaland,2249695
40,0,14,2020-07-17,956,0,405,Nagaland,2249695
22,0,27,2020-07-18,978,0,432,Nagaland,2249695
10,0,13,2020-07-19,988,0,445,Nagaland,2249695
33,0,39,2020-07-20,1021,0,484,Nagaland,2249695
9,0,1,2020-07-21,1030,0,485,Nagaland,2249695
54,0,1,2020-07-22,1084,0,486,Nagaland,2249695
90,0,44,2020-07-23,1174,0,530,Nagaland,2249695
65,1,7,2020-07-24,1239,1,537,Nagaland,2249695
50,3,4,2020-07-25,1289,4,541,Nagaland,2249695
50,0,8,2020-07-26,1339,4,549,Nagaland,2249695
46,1,20,2020-07-27,1385,5,569,Nagaland,2249695
75,-1,8,2020-07-28,1460,4,577,Nagaland,2249695
53,0,18,2020-07-29,1513,4,595,Nagaland,2249695
53,0,30,2020-07-30,1566,4,625,Nagaland,2249695
127,0,10,2020-07-31,1693,4,635,Nagaland,2249695
138,0,5,2020-08-01,1831,4,640,Nagaland,2249695
104,0,8,2020-08-02,1935,4,648,Nagaland,2249695
194,0,9,2020-08-03,2129,4,657,Nagaland,2249695
276,0,2,2020-08-04,2405,4,659,Nagaland,2249695
93,2,26,2020-08-05,2498,6,685,Nagaland,2249695
82,0,134,2020-08-06,2580,6,819,Nagaland,2249695
77,1,5,2020-08-07,2657,7,824,Nagaland,2249695
31,0,69,2020-08-08,2688,7,893,Nagaland,2249695
93,1,11,2020-08-09,2781,8,904,Nagaland,2249695
230,0,69,2020-08-10,3011,8,973,Nagaland,2249695
20,-1,12,2020-08-11,3031,7,985,Nagaland,2249695
87,0,128,2020-08-12,3118,7,1113,Nagaland,2249695
50,0,26,2020-08-13,3168,7,1139,Nagaland,2249695
154,0,59,2020-08-14,3322,7,1198,Nagaland,2249695
18,0,123,2020-08-15,3340,7,1321,Nagaland,2249695
54,0,101,2020-08-16,3394,7,1422,Nagaland,2249695
61,0,108,2020-08-17,3455,7,1530,Nagaland,2249695
65,0,134,2020-08-18,3520,7,1664,Nagaland,2249695
38,0,42,2020-08-19,3558,7,1706,Nagaland,2249695
25,0,215,2020-08-20,3583,7,1921,Nagaland,2249695
36,0,153,2020-08-21,3619,7,2074,Nagaland,2249695
16,1,92,2020-08-22,3635,8,2166,Nagaland,2249695
51,0,128,2020-08-23,3686,8,2294,Nagaland,2249695
28,0,102,2020-08-24,3714,8,2396,Nagaland,2249695
38,0,215,2020-08-25,3752,8,2611,Nagaland,2249695
26,0,0,2020-08-26,3778,8,2611,Nagaland,2249695
6,0,124,2020-08-27,3784,8,2735,Nagaland,2249695
21,0,115,2020-08-28,3805,8,2850,Nagaland,2249695
46,0,58,2020-08-29,3851,8,2908,Nagaland,2249695
71,0,109,2020-08-30,3922,8,3017,Nagaland,2249695
28,0,41,2020-08-31,3950,8,3058,Nagaland,2249695
53,0,133,2020-09-01,4003,8,3191,Nagaland,2249695
14,0,22,2020-09-02,4017,8,3213,Nagaland,2249695
49,0,101,2020-09-03,4066,8,3314,Nagaland,2249695
41,0,37,2020-09-04,4107,8,3351,Nagaland,2249695
21,0,68,2020-09-05,4128,8,3419,Nagaland,2249695
50,0,77,2020-09-06,4178,8,3496,Nagaland,2249695
42,0,178,2020-09-07,4220,8,3674,Nagaland,2249695
25,0,54,2020-09-08,4245,8,3728,Nagaland,2249695
130,0,48,2020-09-09,4375,8,3776,Nagaland,2249695
261,0,5,2020-09-10,4636,8,3781,Nagaland,2249695
310,0,10,2020-09-11,4946,8,3791,Nagaland,2249695
118,0,31,2020-09-12,5064,8,3822,Nagaland,2249695
19,0,61,2020-09-13,5083,8,3883,Nagaland,2249695
131,0,14,2020-09-14,5214,8,3897,Nagaland,2249695
15,2,30,2020-09-15,5229,10,3927,Nagaland,2249695
34,0,41,2020-09-16,5263,10,3968,Nagaland,2249695
43,0,111,2020-09-17,5306,10,4079,Nagaland,2249695
51,0,29,2020-09-18,5357,10,4108,Nagaland,2249695
35,0,42,2020-09-19,5392,10,4150,Nagaland,2249695
59,0,78,2020-09-20,5451,10,4228,Nagaland,2249695
93,0,223,2020-09-21,5544,10,4451,Nagaland,2249695
60,0,40,2020-09-22,5604,10,4491,Nagaland,2249695
67,1,18,2020-09-23,5671,11,4509,Nagaland,2249695
59,0,89,2020-09-24,5730,11,4598,Nagaland,2249695
38,0,95,2020-09-25,5768,11,4693,Nagaland,2249695
94,0,89,2020-09-26,5862,11,4782,Nagaland,2249695
84,0,66,2020-09-27,5946,11,4848,Nagaland,2249695
11,1,49,2020-09-28,5957,12,4897,Nagaland,2249695
83,0,45,2020-09-29,6040,12,4942,Nagaland,2249695
123,0,83,2020-09-30,6163,12,5025,Nagaland,2249695
81,0,74,2020-10-01,6244,12,5099,Nagaland,2249695
74,0,67,2020-10-02,6318,12,5166,Nagaland,2249695
111,0,46,2020-10-03,6429,12,5212,Nagaland,2249695
123,0,51,2020-10-04,6552,12,5263,Nagaland,2249695
42,0,114,2020-10-05,6594,12,5377,Nagaland,2249695
68,0,37,2020-10-06,6662,12,5414,Nagaland,2249695
53,0,36,2020-10-07,6715,12,5450,Nagaland,2249695
21,0,66,2020-10-08,6736,12,5516,Nagaland,2249695
152,0,92,2020-10-09,6888,12,5608,Nagaland,2249695
61,0,33,2020-10-10,6949,12,5641,Nagaland,2249695
70,0,49,2020-10-11,7019,12,5690,Nagaland,2249695
221,1,70,2020-10-12,7240,13,5760,Nagaland,2249695
123,1,18,2020-10-13,7363,14,5778,Nagaland,2249695
53,3,82,2020-10-14,7416,17,5860,Nagaland,2249695
76,0,100,2020-10-15,7492,17,5960,Nagaland,2249695
112,0,91,2020-10-16,7604,17,6051,Nagaland,2249695
94,4,26,2020-10-17,7698,21,6077,Nagaland,2249695
118,0,65,2020-10-18,7816,21,6142,Nagaland,2249695
137,0,66,2020-10-19,7953,21,6208,Nagaland,2249695
67,0,60,2020-10-20,8020,21,6268,Nagaland,2249695
119,0,93,2020-10-21,8139,21,6361,Nagaland,2249695
157,0,39,2020-10-22,8296,21,6400,Nagaland,2249695
0,0,0,2020-03-14,0,0,0,Odisha,46356334
0,0,0,2020-03-15,0,0,0,Odisha,46356334
1,0,0,2020-03-16,1,0,0,Odisha,46356334
0,0,0,2020-03-17,1,0,0,Odisha,46356334
1,0,0,2020-03-18,2,0,0,Odisha,46356334
0,0,0,2020-03-19,2,0,0,Odisha,46356334
0,0,0,2020-03-20,2,0,0,Odisha,46356334
0,0,0,2020-03-21,2,0,0,Odisha,46356334
0,0,0,2020-03-22,2,0,0,Odisha,46356334
0,0,0,2020-03-23,2,0,0,Odisha,46356334
0,0,0,2020-03-24,2,0,0,Odisha,46356334
0,0,0,2020-03-25,2,0,0,Odisha,46356334
1,0,0,2020-03-26,3,0,0,Odisha,46356334
0,0,0,2020-03-27,3,0,0,Odisha,46356334
0,0,0,2020-03-28,3,0,0,Odisha,46356334
0,0,0,2020-03-29,3,0,0,Odisha,46356334
0,0,0,2020-03-30,3,0,0,Odisha,46356334
1,0,0,2020-03-31,4,0,0,Odisha,46356334
1,0,1,2020-04-01,5,0,1,Odisha,46356334
0,0,0,2020-04-02,5,0,1,Odisha,46356334
15,0,1,2020-04-03,20,0,2,Odisha,46356334
1,0,0,2020-04-04,21,0,2,Odisha,46356334
18,0,0,2020-04-05,39,0,2,Odisha,46356334
1,0,0,2020-04-06,40,0,2,Odisha,46356334
2,1,0,2020-04-07,42,1,2,Odisha,46356334
0,0,0,2020-04-08,42,1,2,Odisha,46356334
6,0,0,2020-04-09,48,1,2,Odisha,46356334
2,0,10,2020-04-10,50,1,12,Odisha,46356334
4,0,0,2020-04-11,54,1,12,Odisha,46356334
0,0,0,2020-04-12,54,1,12,Odisha,46356334
1,0,6,2020-04-13,55,1,18,Odisha,46356334
5,0,0,2020-04-14,60,1,18,Odisha,46356334
0,0,1,2020-04-15,60,1,19,Odisha,46356334
0,0,0,2020-04-16,60,1,19,Odisha,46356334
0,0,2,2020-04-17,60,1,21,Odisha,46356334
1,0,3,2020-04-18,61,1,24,Odisha,46356334
0,0,0,2020-04-19,61,1,24,Odisha,46356334
13,0,0,2020-04-20,74,1,24,Odisha,46356334
5,0,6,2020-04-21,79,1,30,Odisha,46356334
4,0,2,2020-04-22,83,1,32,Odisha,46356334
6,0,1,2020-04-23,89,1,33,Odisha,46356334
5,0,0,2020-04-24,94,1,33,Odisha,46356334
6,0,1,2020-04-25,100,1,34,Odisha,46356334
3,0,1,2020-04-26,103,1,35,Odisha,46356334
15,0,2,2020-04-27,118,1,37,Odisha,46356334
0,0,1,2020-04-28,118,1,38,Odisha,46356334
7,0,1,2020-04-29,125,1,39,Odisha,46356334
18,0,2,2020-04-30,143,1,41,Odisha,46356334
11,0,14,2020-05-01,154,1,55,Odisha,46356334
6,0,1,2020-05-02,160,1,56,Odisha,46356334
2,0,4,2020-05-03,162,1,60,Odisha,46356334
7,0,0,2020-05-04,169,1,60,Odisha,46356334
8,1,0,2020-05-05,177,2,60,Odisha,46356334
28,0,1,2020-05-06,205,2,61,Odisha,46356334
14,0,1,2020-05-07,219,2,62,Odisha,46356334
51,0,1,2020-05-08,270,2,63,Odisha,46356334
82,1,5,2020-05-09,352,3,68,Odisha,46356334
25,0,0,2020-05-10,377,3,68,Odisha,46356334
38,0,17,2020-05-11,415,3,85,Odisha,46356334
22,0,31,2020-05-12,437,3,116,Odisha,46356334
101,0,27,2020-05-13,538,3,143,Odisha,46356334
134,0,15,2020-05-14,672,3,158,Odisha,46356334
65,0,8,2020-05-15,737,3,166,Odisha,46356334
0,0,30,2020-05-16,737,3,196,Odisha,46356334
91,1,24,2020-05-17,828,4,220,Odisha,46356334
48,0,57,2020-05-18,876,4,277,Odisha,46356334
102,1,30,2020-05-19,978,5,307,Odisha,46356334
74,1,36,2020-05-20,1052,6,343,Odisha,46356334
51,1,50,2020-05-21,1103,7,393,Odisha,46356334
86,0,43,2020-05-22,1189,7,436,Odisha,46356334
80,0,61,2020-05-23,1269,7,497,Odisha,46356334
67,0,53,2020-05-24,1336,7,550,Odisha,46356334
102,0,99,2020-05-25,1438,7,649,Odisha,46356334
79,0,84,2020-05-26,1517,7,733,Odisha,46356334
76,0,79,2020-05-27,1593,7,812,Odisha,46356334
67,0,75,2020-05-28,1660,7,887,Odisha,46356334
63,2,90,2020-05-29,1723,9,977,Odisha,46356334
96,0,73,2020-05-30,1819,9,1050,Odisha,46356334
129,0,76,2020-05-31,1948,9,1126,Odisha,46356334
156,0,119,2020-06-01,2104,9,1245,Odisha,46356334
141,0,80,2020-06-02,2245,9,1325,Odisha,46356334
143,0,91,2020-06-03,2388,9,1416,Odisha,46356334
90,0,65,2020-06-04,2478,9,1481,Odisha,46356334
130,1,123,2020-06-05,2608,10,1604,Odisha,46356334
173,0,112,2020-06-06,2781,10,1716,Odisha,46356334
75,1,178,2020-06-07,2856,11,1894,Odisha,46356334
138,0,99,2020-06-08,2994,11,1993,Odisha,46356334
146,0,140,2020-06-09,3140,11,2133,Odisha,46356334
110,0,149,2020-06-10,3250,11,2282,Odisha,46356334
136,1,72,2020-06-11,3386,12,2354,Odisha,46356334
112,1,120,2020-06-12,3498,13,2474,Odisha,46356334
225,0,120,2020-06-13,3723,13,2594,Odisha,46356334
186,1,114,2020-06-14,3909,14,2708,Odisha,46356334
146,0,146,2020-06-15,4055,14,2854,Odisha,46356334
108,0,120,2020-06-16,4163,14,2974,Odisha,46356334
175,0,73,2020-06-17,4338,14,3047,Odisha,46356334
174,0,97,2020-06-18,4512,14,3144,Odisha,46356334
165,0,153,2020-06-19,4677,14,3297,Odisha,46356334
179,1,237,2020-06-20,4856,15,3534,Odisha,46356334
304,4,186,2020-06-21,5160,19,3720,Odisha,46356334
143,2,143,2020-06-22,5303,21,3863,Odisha,46356334
167,3,125,2020-06-23,5470,24,3988,Odisha,46356334
282,0,135,2020-06-24,5752,24,4123,Odisha,46356334
210,0,168,2020-06-25,5962,24,4291,Odisha,46356334
218,0,131,2020-06-26,6180,24,4422,Odisha,46356334
170,1,184,2020-06-27,6350,25,4606,Odisha,46356334
264,3,137,2020-06-28,6614,28,4743,Odisha,46356334
245,2,203,2020-06-29,6859,30,4946,Odisha,46356334
206,2,243,2020-06-30,7065,32,5189,Odisha,46356334
251,1,164,2020-07-01,7316,33,5353,Odisha,46356334
229,2,149,2020-07-02,7545,35,5502,Odisha,46356334
561,2,203,2020-07-03,8106,37,5705,Odisha,46356334
495,6,229,2020-07-04,8601,43,5934,Odisha,46356334
469,3,290,2020-07-05,9070,46,6224,Odisha,46356334
456,2,262,2020-07-06,9526,48,6486,Odisha,46356334
571,6,217,2020-07-07,10097,54,6703,Odisha,46356334
527,7,303,2020-07-08,10624,61,7006,Odisha,46356334
577,6,401,2020-07-09,11201,67,7407,Odisha,46356334
755,6,565,2020-07-10,11956,73,7972,Odisha,46356334
570,6,388,2020-07-11,12526,79,8360,Odisha,46356334
595,5,390,2020-07-12,13121,84,8750,Odisha,46356334
616,7,505,2020-07-13,13737,91,9255,Odisha,46356334
543,5,609,2020-07-14,14280,96,9864,Odisha,46356334
618,5,612,2020-07-15,14898,101,10476,Odisha,46356334
494,2,401,2020-07-16,15392,103,10877,Odisha,46356334
718,6,453,2020-07-17,16110,109,11330,Odisha,46356334
591,3,607,2020-07-18,16701,112,11937,Odisha,46356334
736,7,516,2020-07-19,17437,119,12453,Odisha,46356334
673,6,457,2020-07-20,18110,125,12910,Odisha,46356334
647,8,400,2020-07-21,18757,133,13310,Odisha,46356334
1078,6,440,2020-07-22,19835,139,13750,Odisha,46356334
1264,6,643,2020-07-23,21099,145,14393,Odisha,46356334
1594,8,808,2020-07-24,22693,153,15201,Odisha,46356334
1320,10,728,2020-07-25,24013,163,15929,Odisha,46356334
1376,11,864,2020-07-26,25389,174,16793,Odisha,46356334
1503,7,581,2020-07-27,26892,181,17374,Odisha,46356334
1215,8,687,2020-07-28,28107,189,18061,Odisha,46356334
1068,6,878,2020-07-29,29175,195,18939,Odisha,46356334
1203,10,807,2020-07-30,30378,205,19746,Odisha,46356334
1499,9,772,2020-07-31,31877,214,20518,Odisha,46356334
1602,11,756,2020-08-01,33479,225,21274,Odisha,46356334
1434,11,681,2020-08-02,34913,236,21955,Odisha,46356334
1384,12,1119,2020-08-03,36297,248,23074,Odisha,46356334
1384,10,1409,2020-08-04,37681,258,24483,Odisha,46356334
1337,11,1255,2020-08-05,39018,269,25738,Odisha,46356334
1699,11,1150,2020-08-06,40717,280,26888,Odisha,46356334
1833,12,1810,2020-08-07,42550,292,28698,Odisha,46356334
1643,15,1544,2020-08-08,44193,307,30242,Odisha,46356334
1734,14,1543,2020-08-09,45927,321,31785,Odisha,46356334
1528,16,1236,2020-08-10,47455,337,33021,Odisha,46356334
1341,12,1785,2020-08-11,48796,349,34806,Odisha,46356334
1876,9,1673,2020-08-12,50672,358,36479,Odisha,46356334
1981,9,1422,2020-08-13,52653,367,37901,Odisha,46356334
1977,10,1305,2020-08-14,54630,377,39206,Odisha,46356334
2496,9,1521,2020-08-15,57126,386,40727,Odisha,46356334
2924,10,1550,2020-08-16,60050,396,42277,Odisha,46356334
2244,10,1503,2020-08-17,62294,406,43780,Odisha,46356334
2239,9,1535,2020-08-18,64533,415,45315,Odisha,46356334
2589,10,1621,2020-08-19,67122,425,46936,Odisha,46356334
2898,8,1641,2020-08-20,70020,433,48577,Odisha,46356334
2698,10,1927,2020-08-21,72718,443,50504,Odisha,46356334
2819,9,1773,2020-08-22,75537,452,52277,Odisha,46356334
2993,10,2129,2020-08-23,78530,462,54406,Odisha,46356334
2949,10,2519,2020-08-24,81479,472,56925,Odisha,46356334
2752,9,2545,2020-08-25,84231,481,59470,Odisha,46356334
3371,13,3343,2020-08-26,87602,494,62813,Odisha,46356334
3384,7,2510,2020-08-27,90986,501,65323,Odisha,46356334
3682,8,2503,2020-08-28,94668,509,67826,Odisha,46356334
3252,14,2888,2020-08-29,97920,523,70714,Odisha,46356334
3014,12,2519,2020-08-30,100934,535,73233,Odisha,46356334
2602,10,4053,2020-08-31,103536,545,77286,Odisha,46356334
3025,11,3484,2020-09-01,106561,556,80770,Odisha,46356334
3219,11,3303,2020-09-02,109780,567,84073,Odisha,46356334
3631,8,3278,2020-09-03,113411,575,87351,Odisha,46356334
3267,9,2980,2020-09-04,116678,584,90331,Odisha,46356334
3543,7,3443,2020-09-05,120221,591,93774,Odisha,46356334
3810,8,2590,2020-09-06,124031,599,96364,Odisha,46356334
3861,10,3034,2020-09-07,127892,609,99398,Odisha,46356334
3490,13,2787,2020-09-08,131382,622,102185,Odisha,46356334
3748,11,3110,2020-09-09,135130,633,105295,Odisha,46356334
3991,11,2706,2020-09-10,139121,644,108001,Odisha,46356334
3996,14,4061,2020-09-11,143117,658,112062,Odisha,46356334
3777,11,3217,2020-09-12,146894,669,115279,Odisha,46356334
3913,10,3363,2020-09-13,150807,679,118642,Odisha,46356334
4198,11,3382,2020-09-14,155005,690,122024,Odisha,46356334
3645,8,3714,2020-09-15,158650,698,125738,Odisha,46356334
4270,11,4121,2020-09-16,162920,709,129859,Odisha,46356334
4241,13,3607,2020-09-17,167161,722,133466,Odisha,46356334
4180,13,4101,2020-09-18,171341,735,137567,Odisha,46356334
4209,9,4090,2020-09-19,175550,744,141657,Odisha,46356334
4330,10,4018,2020-09-20,179880,754,145675,Odisha,46356334
4242,9,3704,2020-09-21,184122,763,149379,Odisha,46356334
4189,11,3834,2020-09-22,188311,774,153213,Odisha,46356334
4237,15,4052,2020-09-23,192548,789,157265,Odisha,46356334
4340,16,3779,2020-09-24,196888,805,161044,Odisha,46356334
4208,15,4388,2020-09-25,201096,820,165432,Odisha,46356334
4356,16,4761,2020-09-26,205452,836,170193,Odisha,46356334
3922,14,3378,2020-09-27,209374,850,173571,Odisha,46356334
3235,16,4014,2020-09-28,212609,866,177585,Odisha,46356334
3067,15,3896,2020-09-29,215676,881,181481,Odisha,46356334
3443,14,4219,2020-09-30,219119,895,185700,Odisha,46356334
3615,17,4380,2020-10-01,222734,912,190080,Odisha,46356334
3600,16,4048,2020-10-02,226334,928,194128,Odisha,46356334
3053,17,4066,2020-10-03,229387,945,198194,Odisha,46356334
3326,15,4108,2020-10-04,232713,960,202302,Odisha,46356334
2617,17,4098,2020-10-05,235330,977,206400,Odisha,46356334
2673,16,3817,2020-10-06,238003,993,210217,Odisha,46356334
2995,18,3455,2020-10-07,240998,1011,213672,Odisha,46356334
3144,16,3312,2020-10-08,244142,1027,216984,Odisha,46356334
2697,17,3404,2020-10-09,246839,1044,220388,Odisha,46356334
2854,15,3885,2020-10-10,249693,1059,224273,Odisha,46356334
2546,16,3342,2020-10-11,252239,1075,227615,Odisha,46356334
2423,18,2577,2020-10-12,254662,1093,230192,Odisha,46356334
2275,17,2796,2020-10-13,256937,1110,232988,Odisha,46356334
2604,15,2775,2020-10-14,259541,1125,235763,Odisha,46356334
2470,17,2772,2020-10-15,262011,1142,238535,Odisha,46356334
2138,15,2850,2020-10-16,264149,1157,241385,Odisha,46356334
2196,17,2842,2020-10-17,266345,1174,244227,Odisha,46356334
2019,14,2610,2020-10-18,268364,1188,246837,Odisha,46356334
1982,17,2738,2020-10-19,270346,1205,249575,Odisha,46356334
1904,16,2622,2020-10-20,272250,1221,252197,Odisha,46356334
1931,13,2716,2020-10-21,274181,1234,254913,Odisha,46356334
1913,15,2128,2020-10-22,276094,1249,257041,Odisha,46356334
0,0,0,2020-03-14,0,0,0,Puducherry,1413542
0,0,0,2020-03-15,0,0,0,Puducherry,1413542
1,0,0,2020-03-16,1,0,0,Puducherry,1413542
0,0,0,2020-03-17,1,0,0,Puducherry,1413542
0,0,0,2020-03-18,1,0,0,Puducherry,1413542
0,0,0,2020-03-19,1,0,0,Puducherry,1413542
0,0,0,2020-03-20,1,0,0,Puducherry,1413542
0,0,0,2020-03-21,1,0,0,Puducherry,1413542
0,0,0,2020-03-22,1,0,0,Puducherry,1413542
0,0,0,2020-03-23,1,0,0,Puducherry,1413542
0,0,0,2020-03-24,1,0,0,Puducherry,1413542
0,0,0,2020-03-25,1,0,0,Puducherry,1413542
0,0,0,2020-03-26,1,0,0,Puducherry,1413542
0,0,0,2020-03-27,1,0,0,Puducherry,1413542
0,0,0,2020-03-28,1,0,0,Puducherry,1413542
0,0,0,2020-03-29,1,0,0,Puducherry,1413542
0,0,0,2020-03-30,1,0,0,Puducherry,1413542
0,0,0,2020-03-31,1,0,0,Puducherry,1413542
2,0,0,2020-04-01,3,0,0,Puducherry,1413542
2,0,0,2020-04-02,5,0,0,Puducherry,1413542
0,0,0,2020-04-03,5,0,0,Puducherry,1413542
0,0,0,2020-04-04,5,0,0,Puducherry,1413542
0,0,0,2020-04-05,5,0,0,Puducherry,1413542
0,0,0,2020-04-06,5,0,0,Puducherry,1413542
0,0,1,2020-04-07,5,0,1,Puducherry,1413542
0,0,0,2020-04-08,5,0,1,Puducherry,1413542
0,0,0,2020-04-09,5,0,1,Puducherry,1413542
2,0,0,2020-04-10,7,0,1,Puducherry,1413542
0,0,0,2020-04-11,7,0,1,Puducherry,1413542
0,0,0,2020-04-12,7,0,1,Puducherry,1413542
0,0,0,2020-04-13,7,0,1,Puducherry,1413542
0,0,0,2020-04-14,7,0,1,Puducherry,1413542
0,0,0,2020-04-15,7,0,1,Puducherry,1413542
0,0,0,2020-04-16,7,0,1,Puducherry,1413542
0,0,0,2020-04-17,7,0,1,Puducherry,1413542
0,0,3,2020-04-18,7,0,4,Puducherry,1413542
0,0,0,2020-04-19,7,0,4,Puducherry,1413542
0,0,0,2020-04-20,7,0,4,Puducherry,1413542
0,0,0,2020-04-21,7,0,4,Puducherry,1413542
0,0,0,2020-04-22,7,0,4,Puducherry,1413542
0,0,0,2020-04-23,7,0,4,Puducherry,1413542
0,0,0,2020-04-24,7,0,4,Puducherry,1413542
1,0,0,2020-04-25,8,0,4,Puducherry,1413542
0,0,0,2020-04-26,8,0,4,Puducherry,1413542
0,0,1,2020-04-27,8,0,5,Puducherry,1413542
0,0,0,2020-04-28,8,0,5,Puducherry,1413542
0,0,0,2020-04-29,8,0,5,Puducherry,1413542
0,0,0,2020-04-30,8,0,5,Puducherry,1413542
0,0,0,2020-05-01,8,0,5,Puducherry,1413542
1,0,0,2020-05-02,9,0,5,Puducherry,1413542
0,0,1,2020-05-03,9,0,6,Puducherry,1413542
0,0,0,2020-05-04,9,0,6,Puducherry,1413542
0,0,0,2020-05-05,9,0,6,Puducherry,1413542
0,0,0,2020-05-06,9,0,6,Puducherry,1413542
0,0,0,2020-05-07,9,0,6,Puducherry,1413542
1,0,2,2020-05-08,10,0,8,Puducherry,1413542
0,0,0,2020-05-09,10,0,8,Puducherry,1413542
2,0,1,2020-05-10,12,0,9,Puducherry,1413542
0,0,0,2020-05-11,12,0,9,Puducherry,1413542
0,0,0,2020-05-12,12,0,9,Puducherry,1413542
1,0,0,2020-05-13,13,0,9,Puducherry,1413542
3,0,0,2020-05-14,16,0,9,Puducherry,1413542
0,0,0,2020-05-15,16,0,9,Puducherry,1413542
1,0,0,2020-05-16,17,0,9,Puducherry,1413542
0,0,0,2020-05-17,17,0,9,Puducherry,1413542
0,0,0,2020-05-18,17,0,9,Puducherry,1413542
5,0,1,2020-05-19,22,0,10,Puducherry,1413542
1,0,0,2020-05-20,23,0,10,Puducherry,1413542
0,0,0,2020-05-21,23,0,10,Puducherry,1413542
3,0,0,2020-05-22,26,0,10,Puducherry,1413542
0,0,0,2020-05-23,26,0,10,Puducherry,1413542
15,0,2,2020-05-24,41,0,12,Puducherry,1413542
8,0,5,2020-05-25,49,0,17,Puducherry,1413542
0,0,0,2020-05-26,49,0,17,Puducherry,1413542
0,0,0,2020-05-27,49,0,17,Puducherry,1413542
4,0,0,2020-05-28,53,0,17,Puducherry,1413542
4,0,6,2020-05-29,57,0,23,Puducherry,1413542
0,0,0,2020-05-30,57,0,23,Puducherry,1413542
13,0,2,2020-05-31,70,0,25,Puducherry,1413542
9,0,0,2020-06-01,79,0,25,Puducherry,1413542
0,0,0,2020-06-02,79,0,25,Puducherry,1413542
11,0,8,2020-06-03,90,0,33,Puducherry,1413542
9,0,4,2020-06-04,99,0,37,Puducherry,1413542
5,0,6,2020-06-05,104,0,43,Puducherry,1413542
3,0,5,2020-06-06,107,0,48,Puducherry,1413542
12,0,1,2020-06-07,119,0,49,Puducherry,1413542
9,0,4,2020-06-08,128,0,53,Puducherry,1413542
4,0,2,2020-06-09,132,0,55,Puducherry,1413542
12,0,5,2020-06-10,144,0,60,Puducherry,1413542
13,2,7,2020-06-11,157,2,67,Puducherry,1413542
6,1,9,2020-06-12,163,3,76,Puducherry,1413542
13,0,6,2020-06-13,176,3,82,Puducherry,1413542
18,1,9,2020-06-14,194,4,91,Puducherry,1413542
8,0,4,2020-06-15,202,4,95,Puducherry,1413542
14,0,4,2020-06-16,216,4,99,Puducherry,1413542
29,1,10,2020-06-17,245,5,109,Puducherry,1413542
26,1,7,2020-06-18,271,6,116,Puducherry,1413542
16,1,2,2020-06-19,287,7,118,Puducherry,1413542
51,0,13,2020-06-20,338,7,131,Puducherry,1413542
28,1,9,2020-06-21,366,8,140,Puducherry,1413542
17,0,9,2020-06-22,383,8,149,Puducherry,1413542
19,1,16,2020-06-23,402,9,165,Puducherry,1413542
59,0,11,2020-06-24,461,9,176,Puducherry,1413542
41,0,11,2020-06-25,502,9,187,Puducherry,1413542
32,0,16,2020-06-26,534,9,203,Puducherry,1413542
85,1,18,2020-06-27,619,10,221,Puducherry,1413542
29,1,31,2020-06-28,648,11,252,Puducherry,1413542
42,0,10,2020-06-29,690,11,262,Puducherry,1413542
24,1,10,2020-06-30,714,12,272,Puducherry,1413542
25,0,29,2020-07-01,739,12,301,Puducherry,1413542
63,0,30,2020-07-02,802,12,331,Puducherry,1413542
22,1,53,2020-07-03,824,13,384,Puducherry,1413542
80,1,21,2020-07-04,904,14,405,Puducherry,1413542
42,0,43,2020-07-05,946,14,448,Puducherry,1413542
65,0,32,2020-07-06,1011,14,480,Puducherry,1413542
32,0,37,2020-07-07,1043,14,517,Puducherry,1413542
110,0,67,2020-07-08,1153,14,584,Puducherry,1413542
49,2,35,2020-07-09,1202,16,619,Puducherry,1413542
72,1,18,2020-07-10,1274,17,637,Puducherry,1413542
65,1,53,2020-07-11,1339,18,690,Puducherry,1413542
81,0,49,2020-07-12,1420,18,739,Puducherry,1413542
50,0,46,2020-07-13,1470,18,785,Puducherry,1413542
63,0,44,2020-07-14,1533,18,829,Puducherry,1413542
65,3,60,2020-07-15,1598,21,889,Puducherry,1413542
147,1,58,2020-07-16,1745,22,947,Puducherry,1413542
89,3,67,2020-07-17,1834,25,1014,Puducherry,1413542
58,3,48,2020-07-18,1892,28,1062,Puducherry,1413542
109,0,92,2020-07-19,2001,28,1154,Puducherry,1413542
93,1,111,2020-07-20,2094,29,1265,Puducherry,1413542
87,1,53,2020-07-21,2181,30,1318,Puducherry,1413542
121,1,51,2020-07-22,2302,31,1369,Puducherry,1413542
120,3,31,2020-07-23,2422,34,1400,Puducherry,1413542
95,1,83,2020-07-24,2517,35,1483,Puducherry,1413542
139,3,78,2020-07-25,2656,38,1561,Puducherry,1413542
133,2,84,2020-07-26,2789,40,1645,Puducherry,1413542
85,3,75,2020-07-27,2874,43,1720,Puducherry,1413542
139,4,62,2020-07-28,3013,47,1782,Puducherry,1413542
166,0,92,2020-07-29,3179,47,1874,Puducherry,1413542
121,1,84,2020-07-30,3300,48,1958,Puducherry,1413542
174,1,142,2020-07-31,3474,49,2100,Puducherry,1413542
134,2,98,2020-08-01,3608,51,2198,Puducherry,1413542
200,1,111,2020-08-02,3808,52,2309,Puducherry,1413542
176,4,102,2020-08-03,3984,56,2411,Puducherry,1413542
165,2,126,2020-08-04,4149,58,2537,Puducherry,1413542
286,7,131,2020-08-05,4435,65,2668,Puducherry,1413542
188,5,140,2020-08-06,4623,70,2808,Puducherry,1413542
241,5,106,2020-08-07,4864,75,2914,Puducherry,1413542
261,5,140,2020-08-08,5125,80,3054,Puducherry,1413542
259,7,147,2020-08-09,5384,87,3201,Puducherry,1413542
242,2,154,2020-08-10,5626,89,3355,Puducherry,1413542
276,2,177,2020-08-11,5902,91,3532,Puducherry,1413542
481,5,144,2020-08-12,6383,96,3676,Puducherry,1413542
299,6,152,2020-08-13,6682,102,3828,Puducherry,1413542
315,4,181,2020-08-14,6997,106,4009,Puducherry,1413542
359,0,215,2020-08-15,7356,106,4224,Puducherry,1413542
378,4,219,2020-08-16,7734,110,4443,Puducherry,1413542
297,4,184,2020-08-17,8031,114,4627,Puducherry,1413542
367,9,282,2020-08-18,8398,123,4909,Puducherry,1413542
356,6,403,2020-08-19,8754,129,5312,Puducherry,1413542
540,8,322,2020-08-20,9294,137,5634,Puducherry,1413542
302,6,300,2020-08-21,9596,143,5934,Puducherry,1413542
518,8,373,2020-08-22,10114,151,6307,Puducherry,1413542
410,8,350,2020-08-23,10524,159,6657,Puducherry,1413542
337,5,285,2020-08-24,10861,164,6942,Puducherry,1413542
567,8,331,2020-08-25,11428,172,7273,Puducherry,1413542
504,8,213,2020-08-26,11932,180,7486,Puducherry,1413542
504,10,275,2020-08-27,12436,190,7761,Puducherry,1413542
590,9,319,2020-08-28,13026,199,8080,Puducherry,1413542
532,12,431,2020-08-29,13558,211,8511,Puducherry,1413542
571,10,457,2020-08-30,14129,221,8968,Puducherry,1413542
284,7,366,2020-08-31,14413,228,9334,Puducherry,1413542
355,12,341,2020-09-01,14768,240,9675,Puducherry,1413542
391,13,293,2020-09-02,15159,253,9968,Puducherry,1413542
424,7,311,2020-09-03,15583,260,10279,Puducherry,1413542
591,20,395,2020-09-04,16174,280,10674,Puducherry,1413542
394,18,433,2020-09-05,16568,298,11107,Puducherry,1413542
466,16,525,2020-09-06,17034,314,11632,Puducherry,1413542
284,11,503,2020-09-07,17318,325,12135,Puducherry,1413542
433,12,446,2020-09-08,17751,337,12581,Puducherry,1413542
335,10,386,2020-09-09,18086,347,12967,Puducherry,1413542
452,6,422,2020-09-10,18538,353,13389,Puducherry,1413542
490,12,394,2020-09-11,19028,365,13783,Puducherry,1413542
419,5,445,2020-09-12,19447,370,14228,Puducherry,1413542
388,15,342,2020-09-13,19835,385,14570,Puducherry,1413542
393,9,457,2020-09-14,20228,394,15027,Puducherry,1413542
375,11,495,2020-09-15,20603,405,15522,Puducherry,1413542
510,13,401,2020-09-16,21113,418,15923,Puducherry,1413542
317,13,330,2020-09-17,21430,431,16253,Puducherry,1413542
485,6,462,2020-09-18,21915,437,16715,Puducherry,1413542
543,11,494,2020-09-19,22458,448,17209,Puducherry,1413542
467,10,347,2020-09-20,22925,458,17556,Puducherry,1413542
268,9,509,2020-09-21,23193,467,18065,Puducherry,1413542
493,6,389,2020-09-22,23686,473,18454,Puducherry,1413542
543,8,439,2020-09-23,24229,481,18893,Puducherry,1413542
668,6,418,2020-09-24,24897,487,19311,Puducherry,1413542
594,7,470,2020-09-25,25491,494,19781,Puducherry,1413542
543,6,424,2020-09-26,26034,500,20205,Puducherry,1413542
368,13,443,2020-09-27,26402,513,20648,Puducherry,1413542
285,2,508,2020-09-28,26687,515,21156,Puducherry,1413542
381,2,460,2020-09-29,27068,517,21616,Puducherry,1413542
478,4,458,2020-09-30,27546,521,22074,Puducherry,1413542
480,4,431,2020-10-01,28026,525,22505,Puducherry,1413542
510,7,443,2020-10-02,28536,532,22948,Puducherry,1413542
218,2,396,2020-10-03,28754,534,23344,Puducherry,1413542
337,5,419,2020-10-04,29091,539,23763,Puducherry,1413542
188,4,458,2020-10-05,29279,543,24221,Puducherry,1413542
405,3,393,2020-10-06,29684,546,24614,Puducherry,1413542
479,5,316,2020-10-07,30163,551,24930,Puducherry,1413542
378,5,326,2020-10-08,30541,556,25256,Puducherry,1413542
365,2,287,2020-10-09,30906,558,25543,Puducherry,1413542
337,1,411,2020-10-10,31243,559,25954,Puducherry,1413542
308,4,337,2020-10-11,31551,563,26291,Puducherry,1413542
188,2,264,2020-10-12,31739,565,26555,Puducherry,1413542
267,2,310,2020-10-13,32006,567,26865,Puducherry,1413542
241,1,287,2020-10-14,32247,568,27152,Puducherry,1413542
241,2,213,2020-10-15,32488,570,27365,Puducherry,1413542
280,1,306,2020-10-16,32768,571,27671,Puducherry,1413542
212,3,313,2020-10-17,32980,574,27984,Puducherry,1413542
163,0,306,2020-10-18,33143,574,28290,Puducherry,1413542
106,1,230,2020-10-19,33249,575,28520,Puducherry,1413542
205,2,254,2020-10-20,33454,577,28774,Puducherry,1413542
170,3,242,2020-10-21,33624,580,29016,Puducherry,1413542
210,2,195,2020-10-22,33834,582,29211,Puducherry,1413542
1,0,0,2020-03-14,1,0,0,Punjab,30141373
0,0,0,2020-03-15,1,0,0,Punjab,30141373
0,0,0,2020-03-16,1,0,0,Punjab,30141373
0,0,0,2020-03-17,1,0,0,Punjab,30141373
1,0,0,2020-03-18,2,0,0,Punjab,30141373
0,1,0,2020-03-19,2,1,0,Punjab,30141373
1,0,0,2020-03-20,3,1,0,Punjab,30141373
10,0,0,2020-03-21,13,1,0,Punjab,30141373
8,0,0,2020-03-22,21,1,0,Punjab,30141373
2,0,0,2020-03-23,23,1,0,Punjab,30141373
6,0,0,2020-03-24,29,1,0,Punjab,30141373
2,0,0,2020-03-25,31,1,0,Punjab,30141373
2,0,0,2020-03-26,33,1,0,Punjab,30141373
5,0,1,2020-03-27,38,1,1,Punjab,30141373
0,0,0,2020-03-28,38,1,1,Punjab,30141373
0,0,0,2020-03-29,38,1,1,Punjab,30141373
3,2,0,2020-03-30,41,3,1,Punjab,30141373
1,1,0,2020-03-31,42,4,1,Punjab,30141373
4,0,0,2020-04-01,46,4,1,Punjab,30141373
1,1,0,2020-04-02,47,5,1,Punjab,30141373
6,0,0,2020-04-03,53,5,1,Punjab,30141373
12,0,2,2020-04-04,65,5,3,Punjab,30141373
3,2,1,2020-04-05,68,7,4,Punjab,30141373
11,0,0,2020-04-06,79,7,4,Punjab,30141373
20,1,10,2020-04-07,99,8,14,Punjab,30141373
7,1,0,2020-04-08,106,9,14,Punjab,30141373
24,1,4,2020-04-09,130,10,18,Punjab,30141373
21,1,2,2020-04-10,151,11,20,Punjab,30141373
7,1,0,2020-04-11,158,12,20,Punjab,30141373
12,0,3,2020-04-12,170,12,23,Punjab,30141373
6,0,2,2020-04-13,176,12,25,Punjab,30141373
8,1,2,2020-04-14,184,13,27,Punjab,30141373
2,0,0,2020-04-15,186,13,27,Punjab,30141373
11,1,2,2020-04-16,197,14,29,Punjab,30141373
14,0,1,2020-04-17,211,14,30,Punjab,30141373
23,2,1,2020-04-18,234,16,31,Punjab,30141373
10,0,6,2020-04-19,244,16,37,Punjab,30141373
1,0,1,2020-04-20,245,16,38,Punjab,30141373
6,0,11,2020-04-21,251,16,49,Punjab,30141373
27,0,4,2020-04-22,278,16,53,Punjab,30141373
5,1,13,2020-04-23,283,17,66,Punjab,30141373
15,0,4,2020-04-24,298,17,70,Punjab,30141373
10,0,2,2020-04-25,308,17,72,Punjab,30141373
14,1,12,2020-04-26,322,18,84,Punjab,30141373
8,1,14,2020-04-27,330,19,98,Punjab,30141373
12,0,3,2020-04-28,342,19,101,Punjab,30141373
33,0,0,2020-04-29,375,19,101,Punjab,30141373
105,1,3,2020-04-30,480,20,104,Punjab,30141373
105,0,4,2020-05-01,585,20,108,Punjab,30141373
187,0,4,2020-05-02,772,20,112,Punjab,30141373
330,1,5,2020-05-03,1102,21,117,Punjab,30141373
130,2,11,2020-05-04,1232,23,128,Punjab,30141373
219,2,5,2020-05-05,1451,25,133,Punjab,30141373
75,2,2,2020-05-06,1526,27,135,Punjab,30141373
118,1,14,2020-05-07,1644,28,149,Punjab,30141373
87,1,3,2020-05-08,1731,29,152,Punjab,30141373
31,2,5,2020-05-09,1762,31,157,Punjab,30141373
61,0,9,2020-05-10,1823,31,166,Punjab,30141373
54,0,2,2020-05-11,1877,31,168,Punjab,30141373
37,1,3,2020-05-12,1914,32,171,Punjab,30141373
10,0,29,2020-05-13,1924,32,200,Punjab,30141373
11,0,23,2020-05-14,1935,32,223,Punjab,30141373
-3,0,82,2020-05-15,1932,32,305,Punjab,30141373
14,0,952,2020-05-16,1946,32,1257,Punjab,30141373
18,3,109,2020-05-17,1964,35,1366,Punjab,30141373
16,2,181,2020-05-18,1980,37,1547,Punjab,30141373
22,1,95,2020-05-19,2002,38,1642,Punjab,30141373
3,0,152,2020-05-20,2005,38,1794,Punjab,30141373
23,1,25,2020-05-21,2028,39,1819,Punjab,30141373
1,0,28,2020-05-22,2029,39,1847,Punjab,30141373
16,0,23,2020-05-23,2045,39,1870,Punjab,30141373
15,1,28,2020-05-24,2060,40,1898,Punjab,30141373
21,0,15,2020-05-25,2081,40,1913,Punjab,30141373
25,0,5,2020-05-26,2106,40,1918,Punjab,30141373
33,0,0,2020-05-27,2139,40,1918,Punjab,30141373
19,0,28,2020-05-28,2158,40,1946,Punjab,30141373
39,2,3,2020-05-29,2197,42,1949,Punjab,30141373
36,2,18,2020-05-30,2233,44,1967,Punjab,30141373
30,1,20,2020-05-31,2263,45,1987,Punjab,30141373
38,-1,13,2020-06-01,2301,44,2000,Punjab,30141373
41,2,17,2020-06-02,2342,46,2017,Punjab,30141373
34,1,12,2020-06-03,2376,47,2029,Punjab,30141373
39,0,14,2020-06-04,2415,47,2043,Punjab,30141373
46,1,26,2020-06-05,2461,48,2069,Punjab,30141373
54,2,23,2020-06-06,2515,50,2092,Punjab,30141373
93,1,14,2020-06-07,2608,51,2106,Punjab,30141373
55,2,22,2020-06-08,2663,53,2128,Punjab,30141373
56,2,39,2020-06-09,2719,55,2167,Punjab,30141373
86,0,65,2020-06-10,2805,55,2232,Punjab,30141373
82,4,27,2020-06-11,2887,59,2259,Punjab,30141373
99,4,23,2020-06-12,2986,63,2282,Punjab,30141373
77,2,45,2020-06-13,3063,65,2327,Punjab,30141373
77,2,29,2020-06-14,3140,67,2356,Punjab,30141373
127,4,87,2020-06-15,3267,71,2443,Punjab,30141373
104,1,18,2020-06-16,3371,72,2461,Punjab,30141373
126,6,77,2020-06-17,3497,78,2538,Punjab,30141373
118,5,32,2020-06-18,3615,83,2570,Punjab,30141373
217,9,66,2020-06-19,3832,92,2636,Punjab,30141373
120,6,42,2020-06-20,3952,98,2678,Punjab,30141373
122,1,22,2020-06-21,4074,99,2700,Punjab,30141373
161,2,125,2020-06-22,4235,101,2825,Punjab,30141373
162,4,222,2020-06-23,4397,105,3047,Punjab,30141373
230,8,52,2020-06-24,4627,113,3099,Punjab,30141373
142,7,93,2020-06-25,4769,120,3192,Punjab,30141373
188,2,9,2020-06-26,4957,122,3201,Punjab,30141373
99,6,119,2020-06-27,5056,128,3320,Punjab,30141373
160,5,206,2020-06-28,5216,133,3526,Punjab,30141373
202,5,238,2020-06-29,5418,138,3764,Punjab,30141373
150,6,103,2020-06-30,5568,144,3867,Punjab,30141373
100,5,122,2020-07-01,5668,149,3989,Punjab,30141373
116,3,155,2020-07-02,5784,152,4144,Punjab,30141373
153,5,122,2020-07-03,5937,157,4266,Punjab,30141373
172,5,40,2020-07-04,6109,162,4306,Punjab,30141373
174,2,102,2020-07-05,6283,164,4408,Punjab,30141373
208,5,86,2020-07-06,6491,169,4494,Punjab,30141373
258,6,60,2020-07-07,6749,175,4554,Punjab,30141373
158,3,274,2020-07-08,6907,178,4828,Punjab,30141373
233,5,117,2020-07-09,7140,183,4945,Punjab,30141373
217,4,72,2020-07-10,7357,187,5017,Punjab,30141373
230,8,23,2020-07-11,7587,195,5040,Punjab,30141373
234,4,352,2020-07-12,7821,199,5392,Punjab,30141373
357,5,194,2020-07-13,8178,204,5586,Punjab,30141373
333,9,77,2020-07-14,8511,213,5663,Punjab,30141373
288,8,204,2020-07-15,8799,221,5867,Punjab,30141373
295,9,410,2020-07-16,9094,230,6277,Punjab,30141373
348,9,96,2020-07-17,9442,239,6373,Punjab,30141373
350,7,81,2020-07-18,9792,246,6454,Punjab,30141373
308,8,81,2020-07-19,10100,254,6535,Punjab,30141373
410,8,583,2020-07-20,10510,262,7118,Punjab,30141373
379,1,271,2020-07-21,10889,263,7389,Punjab,30141373
412,6,252,2020-07-22,11301,269,7641,Punjab,30141373
438,8,100,2020-07-23,11739,277,7741,Punjab,30141373
477,5,355,2020-07-24,12216,282,8096,Punjab,30141373
468,9,201,2020-07-25,12684,291,8297,Punjab,30141373
534,15,513,2020-07-26,13218,306,8810,Punjab,30141373
551,12,254,2020-07-27,13769,318,9064,Punjab,30141373
609,18,688,2020-07-28,14378,336,9752,Punjab,30141373
568,25,461,2020-07-29,14946,361,10213,Punjab,30141373
510,9,296,2020-07-30,15456,370,10509,Punjab,30141373
663,16,225,2020-07-31,16119,386,10734,Punjab,30141373
944,19,341,2020-08-01,17063,405,11075,Punjab,30141373
790,18,391,2020-08-02,17853,423,11466,Punjab,30141373
674,19,416,2020-08-03,18527,442,11882,Punjab,30141373
488,20,609,2020-08-04,19015,462,12491,Punjab,30141373
841,29,452,2020-08-05,19856,491,12943,Punjab,30141373
1035,26,716,2020-08-06,20891,517,13659,Punjab,30141373
1039,22,381,2020-08-07,21930,539,14040,Punjab,30141373
998,23,820,2020-08-08,22928,562,14860,Punjab,30141373
975,24,459,2020-08-09,23903,586,15319,Punjab,30141373
986,18,416,2020-08-10,24889,604,15735,Punjab,30141373
1000,32,1055,2020-08-11,25889,636,16790,Punjab,30141373
1020,39,422,2020-08-12,26909,675,17212,Punjab,30141373
1027,31,627,2020-08-13,27936,706,17839,Punjab,30141373
1077,25,489,2020-08-14,29013,731,18328,Punjab,30141373
1028,40,535,2020-08-15,30041,771,18863,Punjab,30141373
1165,41,568,2020-08-16,31206,812,19431,Punjab,30141373
1489,50,749,2020-08-17,32695,862,20180,Punjab,30141373
1705,36,1582,2020-08-18,34400,898,21762,Punjab,30141373
1683,22,941,2020-08-19,36083,920,22703,Punjab,30141373
1741,37,334,2020-08-20,37824,957,23037,Punjab,30141373
1503,34,856,2020-08-21,39327,991,23893,Punjab,30141373
1316,45,409,2020-08-22,40643,1036,24302,Punjab,30141373
1136,50,2226,2020-08-23,41779,1086,26528,Punjab,30141373
1505,43,1829,2020-08-24,43284,1129,28357,Punjab,30141373
1293,49,788,2020-08-25,44577,1178,29145,Punjab,30141373
1513,41,1086,2020-08-26,46090,1219,30231,Punjab,30141373
1746,37,741,2020-08-27,47836,1256,30972,Punjab,30141373
1542,51,2036,2020-08-28,49378,1307,33008,Punjab,30141373
1470,41,1083,2020-08-29,50848,1348,34091,Punjab,30141373
1678,56,1656,2020-08-30,52526,1404,35747,Punjab,30141373
1466,49,1280,2020-08-31,53992,1453,37027,Punjab,30141373
1516,59,1120,2020-09-01,55508,1512,38147,Punjab,30141373
1481,106,1595,2020-09-02,56989,1618,39742,Punjab,30141373
1526,72,1529,2020-09-03,58515,1690,41271,Punjab,30141373
1498,49,1272,2020-09-04,60013,1739,42543,Punjab,30141373
1514,69,1306,2020-09-05,61527,1808,43849,Punjab,30141373
1946,54,1606,2020-09-06,63473,1862,45455,Punjab,30141373
2110,61,1565,2020-09-07,65583,1923,47020,Punjab,30141373
1964,67,2307,2020-09-08,67547,1990,49327,Punjab,30141373
2137,71,1231,2020-09-09,69684,2061,50558,Punjab,30141373
2459,88,1348,2020-09-10,72143,2149,51906,Punjab,30141373
2473,63,1402,2020-09-11,74616,2212,53308,Punjab,30141373
2441,76,2077,2020-09-12,77057,2288,55385,Punjab,30141373
2622,68,2151,2020-09-13,79679,2356,57536,Punjab,30141373
2421,67,1448,2020-09-14,82100,2423,58984,Punjab,30141373
2382,91,1830,2020-09-15,84482,2514,60814,Punjab,30141373
2702,78,2756,2020-09-16,87184,2592,63570,Punjab,30141373
2848,54,2248,2020-09-17,90032,2646,65818,Punjab,30141373
2774,60,2640,2020-09-18,92806,2706,68458,Punjab,30141373
2723,51,1915,2020-09-19,95529,2757,70373,Punjab,30141373
2160,56,2225,2020-09-20,97689,2813,72598,Punjab,30141373
2241,47,2811,2020-09-21,99930,2860,75409,Punjab,30141373
1411,66,1718,2020-09-22,101341,2926,77127,Punjab,30141373
2123,64,2117,2020-09-23,103464,2990,79244,Punjab,30141373
1756,76,2231,2020-09-24,105220,3066,81475,Punjab,30141373
1876,68,2550,2020-09-25,107096,3134,84025,Punjab,30141373
1588,54,1988,2020-09-26,108684,3188,86013,Punjab,30141373
1422,50,2299,2020-09-27,110106,3238,88312,Punjab,30141373
1269,46,2033,2020-09-28,111375,3284,90345,Punjab,30141373
1085,75,1932,2020-09-29,112460,3359,92277,Punjab,30141373
1426,47,1389,2020-09-30,113886,3406,93666,Punjab,30141373
1265,45,2271,2020-10-01,115151,3451,95937,Punjab,30141373
1062,50,1840,2020-10-02,116213,3501,97777,Punjab,30141373
1106,61,1691,2020-10-03,117319,3562,99468,Punjab,30141373
838,41,1509,2020-10-04,118157,3603,100977,Punjab,30141373
1029,38,1671,2020-10-05,119186,3641,102648,Punjab,30141373
830,38,1707,2020-10-06,120016,3679,104355,Punjab,30141373
852,33,1230,2020-10-07,120868,3712,105585,Punjab,30141373
848,29,1615,2020-10-08,121716,3741,107200,Punjab,30141373
743,32,1333,2020-10-09,122459,3773,108533,Punjab,30141373
858,25,1234,2020-10-10,123317,3798,109767,Punjab,30141373
656,35,1098,2020-10-11,123973,3833,110865,Punjab,30141373
562,27,1552,2020-10-12,124535,3860,112417,Punjab,30141373
676,34,688,2020-10-13,125211,3894,113105,Punjab,30141373
549,31,970,2020-10-14,125760,3925,114075,Punjab,30141373
470,29,1111,2020-10-15,126230,3954,115186,Punjab,30141373
507,26,979,2020-10-16,126737,3980,116165,Punjab,30141373
417,19,760,2020-10-17,127154,3999,116925,Punjab,30141373
476,13,958,2020-10-18,127630,4012,117883,Punjab,30141373
473,17,884,2020-10-19,128103,4029,118767,Punjab,30141373
487,8,891,2020-10-20,128590,4037,119658,Punjab,30141373
498,23,562,2020-10-21,129088,4060,120220,Punjab,30141373
605,12,935,2020-10-22,129693,4072,121155,Punjab,30141373
3,0,1,2020-03-14,3,0,1,Rajasthan,81032689
1,0,2,2020-03-15,4,0,3,Rajasthan,81032689
0,0,0,2020-03-16,4,0,3,Rajasthan,81032689
0,0,0,2020-03-17,4,0,3,Rajasthan,81032689
3,0,0,2020-03-18,7,0,3,Rajasthan,81032689
2,0,0,2020-03-19,9,0,3,Rajasthan,81032689
8,0,0,2020-03-20,17,0,3,Rajasthan,81032689
7,0,0,2020-03-21,24,0,3,Rajasthan,81032689
4,0,0,2020-03-22,28,0,3,Rajasthan,81032689
4,0,0,2020-03-23,32,0,3,Rajasthan,81032689
0,0,0,2020-03-24,32,0,3,Rajasthan,81032689
6,0,0,2020-03-25,38,0,3,Rajasthan,81032689
2,0,0,2020-03-26,40,0,3,Rajasthan,81032689
10,0,0,2020-03-27,50,0,3,Rajasthan,81032689
4,0,0,2020-03-28,54,0,3,Rajasthan,81032689
5,0,0,2020-03-29,59,0,3,Rajasthan,81032689
20,0,0,2020-03-30,79,0,3,Rajasthan,81032689
14,0,0,2020-03-31,93,0,3,Rajasthan,81032689
27,0,0,2020-04-01,120,0,3,Rajasthan,81032689
13,0,0,2020-04-02,133,0,3,Rajasthan,81032689
46,0,0,2020-04-03,179,0,3,Rajasthan,81032689
27,1,22,2020-04-04,206,1,25,Rajasthan,81032689
60,0,0,2020-04-05,266,1,25,Rajasthan,81032689
35,1,0,2020-04-06,301,2,25,Rajasthan,81032689
42,0,0,2020-04-07,343,2,25,Rajasthan,81032689
40,1,20,2020-04-08,383,3,45,Rajasthan,81032689
80,0,15,2020-04-09,463,3,60,Rajasthan,81032689
98,0,0,2020-04-10,561,3,60,Rajasthan,81032689
139,6,56,2020-04-11,700,9,116,Rajasthan,81032689
104,2,5,2020-04-12,804,11,121,Rajasthan,81032689
93,0,0,2020-04-13,897,11,121,Rajasthan,81032689
108,0,26,2020-04-14,1005,11,147,Rajasthan,81032689
71,0,0,2020-04-15,1076,11,147,Rajasthan,81032689
55,0,17,2020-04-16,1131,11,164,Rajasthan,81032689
98,6,19,2020-04-17,1229,17,183,Rajasthan,81032689
122,4,17,2020-04-18,1351,21,200,Rajasthan,81032689
127,2,5,2020-04-19,1478,23,205,Rajasthan,81032689
98,2,0,2020-04-20,1576,25,205,Rajasthan,81032689
159,1,69,2020-04-21,1735,26,274,Rajasthan,81032689
153,1,70,2020-04-22,1888,27,344,Rajasthan,81032689
76,1,107,2020-04-23,1964,28,451,Rajasthan,81032689
70,4,42,2020-04-24,2034,32,493,Rajasthan,81032689
49,2,20,2020-04-25,2083,34,513,Rajasthan,81032689
102,7,116,2020-04-26,2185,41,629,Rajasthan,81032689
77,9,115,2020-04-27,2262,50,744,Rajasthan,81032689
102,2,26,2020-04-28,2364,52,770,Rajasthan,81032689
76,3,44,2020-04-29,2440,55,814,Rajasthan,81032689
144,3,79,2020-04-30,2584,58,893,Rajasthan,81032689
82,4,223,2020-05-01,2666,62,1116,Rajasthan,81032689
106,6,126,2020-05-02,2772,68,1242,Rajasthan,81032689
114,3,114,2020-05-03,2886,71,1356,Rajasthan,81032689
175,6,82,2020-05-04,3061,77,1438,Rajasthan,81032689
97,12,87,2020-05-05,3158,89,1525,Rajasthan,81032689
159,4,214,2020-05-06,3317,93,1739,Rajasthan,81032689
110,6,150,2020-05-07,3427,99,1889,Rajasthan,81032689
152,4,122,2020-05-08,3579,103,2011,Rajasthan,81032689
129,3,151,2020-05-09,3708,106,2162,Rajasthan,81032689
106,2,79,2020-05-10,3814,108,2241,Rajasthan,81032689
174,5,83,2020-05-11,3988,113,2324,Rajasthan,81032689
138,4,130,2020-05-12,4126,117,2454,Rajasthan,81032689
202,4,119,2020-05-13,4328,121,2573,Rajasthan,81032689
206,4,65,2020-05-14,4534,125,2638,Rajasthan,81032689
213,0,91,2020-05-15,4747,125,2729,Rajasthan,81032689
213,1,215,2020-05-16,4960,126,2944,Rajasthan,81032689
242,5,111,2020-05-17,5202,131,3055,Rajasthan,81032689
305,7,163,2020-05-18,5507,138,3218,Rajasthan,81032689
338,5,119,2020-05-19,5845,143,3337,Rajasthan,81032689
170,4,67,2020-05-20,6015,147,3404,Rajasthan,81032689
212,4,81,2020-05-21,6227,151,3485,Rajasthan,81032689
267,2,195,2020-05-22,6494,153,3680,Rajasthan,81032689
248,7,106,2020-05-23,6742,160,3786,Rajasthan,81032689
286,3,62,2020-05-24,7028,163,3848,Rajasthan,81032689
272,4,208,2020-05-25,7300,167,4056,Rajasthan,81032689
236,3,220,2020-05-26,7536,170,4276,Rajasthan,81032689
280,3,286,2020-05-27,7816,173,4562,Rajasthan,81032689
251,7,253,2020-05-28,8067,180,4815,Rajasthan,81032689
298,4,429,2020-05-29,8365,184,5244,Rajasthan,81032689
252,9,495,2020-05-30,8617,193,5739,Rajasthan,81032689
214,1,293,2020-05-31,8831,194,6032,Rajasthan,81032689
269,5,181,2020-06-01,9100,199,6213,Rajasthan,81032689
273,4,222,2020-06-02,9373,203,6435,Rajasthan,81032689
279,6,309,2020-06-03,9652,209,6744,Rajasthan,81032689
210,4,360,2020-06-04,9862,213,7104,Rajasthan,81032689
222,5,255,2020-06-05,10084,218,7359,Rajasthan,81032689
253,13,142,2020-06-06,10337,231,7501,Rajasthan,81032689
262,9,253,2020-06-07,10599,240,7754,Rajasthan,81032689
277,6,363,2020-06-08,10876,246,8117,Rajasthan,81032689
369,9,211,2020-06-09,11245,255,8328,Rajasthan,81032689
355,4,241,2020-06-10,11600,259,8569,Rajasthan,81032689
238,6,206,2020-06-11,11838,265,8775,Rajasthan,81032689
230,7,236,2020-06-12,12068,272,9011,Rajasthan,81032689
333,10,326,2020-06-13,12401,282,9337,Rajasthan,81032689
293,10,229,2020-06-14,12694,292,9566,Rajasthan,81032689
287,9,219,2020-06-15,12981,301,9785,Rajasthan,81032689
235,7,177,2020-06-16,13216,308,9962,Rajasthan,81032689
326,5,505,2020-06-17,13542,313,10467,Rajasthan,81032689
315,17,275,2020-06-18,13857,330,10742,Rajasthan,81032689
299,3,255,2020-06-19,14156,333,10997,Rajasthan,81032689
381,4,277,2020-06-20,14537,337,11274,Rajasthan,81032689
393,12,323,2020-06-21,14930,349,11597,Rajasthan,81032689
302,7,313,2020-06-22,15232,356,11910,Rajasthan,81032689
395,9,303,2020-06-23,15627,365,12213,Rajasthan,81032689
382,10,398,2020-06-24,16009,375,12611,Rajasthan,81032689
287,4,229,2020-06-25,16296,379,12840,Rajasthan,81032689
364,1,222,2020-06-26,16660,380,13062,Rajasthan,81032689
284,11,305,2020-06-27,16944,391,13367,Rajasthan,81032689
327,8,244,2020-06-28,17271,399,13611,Rajasthan,81032689
389,6,310,2020-06-29,17660,405,13921,Rajasthan,81032689
348,8,299,2020-06-30,18008,413,14220,Rajasthan,81032689
304,8,354,2020-07-01,18312,421,14574,Rajasthan,81032689
350,9,374,2020-07-02,18662,430,14948,Rajasthan,81032689
390,10,333,2020-07-03,19052,440,15281,Rajasthan,81032689
480,7,359,2020-07-04,19532,447,15640,Rajasthan,81032689
632,9,288,2020-07-05,20164,456,15928,Rajasthan,81032689
524,5,350,2020-07-06,20688,461,16278,Rajasthan,81032689
716,11,297,2020-07-07,21404,472,16575,Rajasthan,81032689
659,10,291,2020-07-08,22063,482,16866,Rajasthan,81032689
500,9,204,2020-07-09,22563,491,17070,Rajasthan,81032689
611,6,550,2020-07-10,23174,497,17620,Rajasthan,81032689
574,6,249,2020-07-11,23748,503,17869,Rajasthan,81032689
644,7,234,2020-07-12,24392,510,18103,Rajasthan,81032689
544,8,527,2020-07-13,24936,518,18630,Rajasthan,81032689
635,6,539,2020-07-14,25571,524,19169,Rajasthan,81032689
866,6,333,2020-07-15,26437,530,19502,Rajasthan,81032689
737,8,468,2020-07-16,27174,538,19970,Rajasthan,81032689
615,8,656,2020-07-17,27789,546,20626,Rajasthan,81032689
711,7,518,2020-07-18,28500,553,21144,Rajasthan,81032689
934,6,586,2020-07-19,29434,559,21730,Rajasthan,81032689
956,9,465,2020-07-20,30390,568,22195,Rajasthan,81032689
983,9,549,2020-07-21,31373,577,22744,Rajasthan,81032689
961,6,620,2020-07-22,32334,583,23364,Rajasthan,81032689
886,11,451,2020-07-23,33220,594,23815,Rajasthan,81032689
958,8,732,2020-07-24,34178,602,24547,Rajasthan,81032689
1120,11,759,2020-07-25,35298,613,25306,Rajasthan,81032689
1132,11,648,2020-07-26,36430,624,25954,Rajasthan,81032689
1134,9,880,2020-07-27,37564,633,26834,Rajasthan,81032689
1072,11,483,2020-07-28,38636,644,27317,Rajasthan,81032689
1144,10,992,2020-07-29,39780,654,28309,Rajasthan,81032689
1156,13,922,2020-07-30,40936,667,29231,Rajasthan,81032689
1147,13,614,2020-07-31,42083,680,29845,Rajasthan,81032689
1160,14,823,2020-08-01,43243,694,30668,Rajasthan,81032689
1167,12,548,2020-08-02,44410,706,31216,Rajasthan,81032689
1145,13,835,2020-08-03,45555,719,32051,Rajasthan,81032689
1124,13,781,2020-08-04,46679,732,32832,Rajasthan,81032689
1166,13,1017,2020-08-05,47845,745,33849,Rajasthan,81032689
1151,12,1282,2020-08-06,48996,757,35131,Rajasthan,81032689
1161,10,1064,2020-08-07,50157,767,36195,Rajasthan,81032689
1171,11,968,2020-08-08,51328,778,37163,Rajasthan,81032689
1169,11,1072,2020-08-09,52497,789,38235,Rajasthan,81032689
1173,11,825,2020-08-10,53670,800,39060,Rajasthan,81032689
1217,11,1339,2020-08-11,54887,811,40399,Rajasthan,81032689
1213,11,1249,2020-08-12,56100,822,41648,Rajasthan,81032689
1314,11,171,2020-08-13,57414,833,41819,Rajasthan,81032689
1278,13,2078,2020-08-14,58692,846,43897,Rajasthan,81032689
1287,16,1357,2020-08-15,59979,862,45254,Rajasthan,81032689
1317,14,1350,2020-08-16,61296,876,46604,Rajasthan,81032689
1334,11,1050,2020-08-17,62630,887,47654,Rajasthan,81032689
1347,11,1306,2020-08-18,63977,898,48960,Rajasthan,81032689
1312,12,1003,2020-08-19,65289,910,49963,Rajasthan,81032689
1330,11,1227,2020-08-20,66619,921,51190,Rajasthan,81032689
1335,12,1306,2020-08-21,67954,933,52496,Rajasthan,81032689
1310,11,1648,2020-08-22,69264,944,54144,Rajasthan,81032689
1345,11,1180,2020-08-23,70609,955,55324,Rajasthan,81032689
1346,12,1276,2020-08-24,71955,967,56600,Rajasthan,81032689
1370,13,1526,2020-08-25,73325,980,58126,Rajasthan,81032689
1345,12,1453,2020-08-26,74670,992,59579,Rajasthan,81032689
1345,13,1006,2020-08-27,76015,1005,60585,Rajasthan,81032689
1355,12,1448,2020-08-28,77370,1017,62033,Rajasthan,81032689
1407,13,938,2020-08-29,78777,1030,62971,Rajasthan,81032689
1450,13,2122,2020-08-30,80227,1043,65093,Rajasthan,81032689
1466,13,1719,2020-08-31,81693,1056,66812,Rajasthan,81032689
1470,13,1312,2020-09-01,83163,1069,68124,Rajasthan,81032689
1511,12,2550,2020-09-02,84674,1081,70674,Rajasthan,81032689
1553,14,546,2020-09-03,86227,1095,71220,Rajasthan,81032689
1570,13,679,2020-09-04,87797,1108,71899,Rajasthan,81032689
1566,14,1346,2020-09-05,89363,1122,73245,Rajasthan,81032689
1593,15,1616,2020-09-06,90956,1137,74861,Rajasthan,81032689
1580,14,1566,2020-09-07,92536,1151,76427,Rajasthan,81032689
1590,13,1445,2020-09-08,94126,1164,77872,Rajasthan,81032689
1610,14,1578,2020-09-09,95736,1178,79450,Rajasthan,81032689
1640,14,1032,2020-09-10,97376,1192,80482,Rajasthan,81032689
1660,15,1488,2020-09-11,99036,1207,81970,Rajasthan,81032689
1669,14,932,2020-09-12,100705,1221,82902,Rajasthan,81032689
1703,15,1616,2020-09-13,102408,1236,84518,Rajasthan,81032689
1730,14,1644,2020-09-14,104138,1250,86162,Rajasthan,81032689
1760,14,1711,2020-09-15,105898,1264,87873,Rajasthan,81032689
1782,15,1479,2020-09-16,107680,1279,89352,Rajasthan,81032689
1793,14,1333,2020-09-17,109473,1293,90685,Rajasthan,81032689
1817,15,1580,2020-09-18,111290,1308,92265,Rajasthan,81032689
1834,14,1540,2020-09-19,113124,1322,93805,Rajasthan,81032689
1865,14,1664,2020-09-20,114989,1336,95469,Rajasthan,81032689
1892,16,1815,2020-09-21,116881,1352,97284,Rajasthan,81032689
1912,15,1528,2020-09-22,118793,1367,98812,Rajasthan,81032689
1946,15,1553,2020-09-23,120739,1382,100365,Rajasthan,81032689
1981,15,1965,2020-09-24,122720,1397,102330,Rajasthan,81032689
2010,15,1958,2020-09-25,124730,1412,104288,Rajasthan,81032689
2045,14,1706,2020-09-26,126775,1426,105994,Rajasthan,81032689
2084,15,1724,2020-09-27,128859,1441,107718,Rajasthan,81032689
2112,15,1754,2020-09-28,130971,1456,109472,Rajasthan,81032689
2148,15,1800,2020-09-29,133119,1471,111272,Rajasthan,81032689
2173,15,1953,2020-09-30,135292,1486,113225,Rajasthan,81032689
2193,14,1953,2020-10-01,137485,1500,115178,Rajasthan,81032689
2211,16,2060,2020-10-02,139696,1516,117238,Rajasthan,81032689
2150,14,2003,2020-10-03,141846,1530,119241,Rajasthan,81032689
2184,15,2090,2020-10-04,144030,1545,121331,Rajasthan,81032689
2165,14,2090,2020-10-05,146195,1559,123421,Rajasthan,81032689
2121,15,2027,2020-10-06,148316,1574,125448,Rajasthan,81032689
2151,16,2078,2020-10-07,150467,1590,127526,Rajasthan,81032689
2138,15,2092,2020-10-08,152605,1605,129618,Rajasthan,81032689
2180,16,2148,2020-10-09,154785,1621,131766,Rajasthan,81032689
2123,15,2152,2020-10-10,156908,1636,133918,Rajasthan,81032689
2144,14,2072,2020-10-11,159052,1650,135990,Rajasthan,81032689
2132,15,1858,2020-10-12,161184,1665,137848,Rajasthan,81032689
2035,14,1768,2020-10-13,163219,1679,139616,Rajasthan,81032689
2021,15,2219,2020-10-14,165240,1694,141835,Rajasthan,81032689
2039,14,2149,2020-10-15,167279,1708,143984,Rajasthan,81032689
2010,15,2201,2020-10-16,169289,1723,146185,Rajasthan,81032689
1992,12,2106,2020-10-17,171281,1735,148291,Rajasthan,81032689
1985,13,2088,2020-10-18,173266,1748,150379,Rajasthan,81032689
1960,12,2194,2020-10-19,175226,1760,152573,Rajasthan,81032689
1897,14,2522,2020-10-20,177123,1774,155095,Rajasthan,81032689
1810,14,2865,2020-10-21,178933,1788,157960,Rajasthan,81032689
1822,12,2654,2020-10-22,180755,1800,160614,Rajasthan,81032689
0,0,0,2020-03-14,0,0,0,Sikkim,690251
0,0,0,2020-03-15,0,0,0,Sikkim,690251
0,0,0,2020-03-16,0,0,0,Sikkim,690251
0,0,0,2020-03-17,0,0,0,Sikkim,690251
0,0,0,2020-03-18,0,0,0,Sikkim,690251
0,0,0,2020-03-19,0,0,0,Sikkim,690251
0,0,0,2020-03-20,0,0,0,Sikkim,690251
0,0,0,2020-03-21,0,0,0,Sikkim,690251
0,0,0,2020-03-22,0,0,0,Sikkim,690251
0,0,0,2020-03-23,0,0,0,Sikkim,690251
0,0,0,2020-03-24,0,0,0,Sikkim,690251
0,0,0,2020-03-25,0,0,0,Sikkim,690251
0,0,0,2020-03-26,0,0,0,Sikkim,690251
0,0,0,2020-03-27,0,0,0,Sikkim,690251
0,0,0,2020-03-28,0,0,0,Sikkim,690251
0,0,0,2020-03-29,0,0,0,Sikkim,690251
0,0,0,2020-03-30,0,0,0,Sikkim,690251
0,0,0,2020-03-31,0,0,0,Sikkim,690251
0,0,0,2020-04-01,0,0,0,Sikkim,690251
0,0,0,2020-04-02,0,0,0,Sikkim,690251
0,0,0,2020-04-03,0,0,0,Sikkim,690251
0,0,0,2020-04-04,0,0,0,Sikkim,690251
0,0,0,2020-04-05,0,0,0,Sikkim,690251
0,0,0,2020-04-06,0,0,0,Sikkim,690251
0,0,0,2020-04-07,0,0,0,Sikkim,690251
0,0,0,2020-04-08,0,0,0,Sikkim,690251
0,0,0,2020-04-09,0,0,0,Sikkim,690251
0,0,0,2020-04-10,0,0,0,Sikkim,690251
0,0,0,2020-04-11,0,0,0,Sikkim,690251
0,0,0,2020-04-12,0,0,0,Sikkim,690251
0,0,0,2020-04-13,0,0,0,Sikkim,690251
0,0,0,2020-04-14,0,0,0,Sikkim,690251
0,0,0,2020-04-15,0,0,0,Sikkim,690251
0,0,0,2020-04-16,0,0,0,Sikkim,690251
0,0,0,2020-04-17,0,0,0,Sikkim,690251
0,0,0,2020-04-18,0,0,0,Sikkim,690251
0,0,0,2020-04-19,0,0,0,Sikkim,690251
0,0,0,2020-04-20,0,0,0,Sikkim,690251
0,0,0,2020-04-21,0,0,0,Sikkim,690251
0,0,0,2020-04-22,0,0,0,Sikkim,690251
0,0,0,2020-04-23,0,0,0,Sikkim,690251
0,0,0,2020-04-24,0,0,0,Sikkim,690251
0,0,0,2020-04-25,0,0,0,Sikkim,690251
0,0,0,2020-04-26,0,0,0,Sikkim,690251
0,0,0,2020-04-27,0,0,0,Sikkim,690251
0,0,0,2020-04-28,0,0,0,Sikkim,690251
0,0,0,2020-04-29,0,0,0,Sikkim,690251
0,0,0,2020-04-30,0,0,0,Sikkim,690251
0,0,0,2020-05-01,0,0,0,Sikkim,690251
0,0,0,2020-05-02,0,0,0,Sikkim,690251
0,0,0,2020-05-03,0,0,0,Sikkim,690251
0,0,0,2020-05-04,0,0,0,Sikkim,690251
0,0,0,2020-05-05,0,0,0,Sikkim,690251
0,0,0,2020-05-06,0,0,0,Sikkim,690251
0,0,0,2020-05-07,0,0,0,Sikkim,690251
0,0,0,2020-05-08,0,0,0,Sikkim,690251
0,0,0,2020-05-09,0,0,0,Sikkim,690251
0,0,0,2020-05-10,0,0,0,Sikkim,690251
0,0,0,2020-05-11,0,0,0,Sikkim,690251
0,0,0,2020-05-12,0,0,0,Sikkim,690251
0,0,0,2020-05-13,0,0,0,Sikkim,690251
0,0,0,2020-05-14,0,0,0,Sikkim,690251
0,0,0,2020-05-15,0,0,0,Sikkim,690251
0,0,0,2020-05-16,0,0,0,Sikkim,690251
0,0,0,2020-05-17,0,0,0,Sikkim,690251
0,0,0,2020-05-18,0,0,0,Sikkim,690251
0,0,0,2020-05-19,0,0,0,Sikkim,690251
0,0,0,2020-05-20,0,0,0,Sikkim,690251
0,0,0,2020-05-21,0,0,0,Sikkim,690251
0,0,0,2020-05-22,0,0,0,Sikkim,690251
1,0,0,2020-05-23,1,0,0,Sikkim,690251
0,0,0,2020-05-24,1,0,0,Sikkim,690251
0,0,0,2020-05-25,1,0,0,Sikkim,690251
0,0,0,2020-05-26,1,0,0,Sikkim,690251
0,0,0,2020-05-27,1,0,0,Sikkim,690251
0,0,0,2020-05-28,1,0,0,Sikkim,690251
0,0,0,2020-05-29,1,0,0,Sikkim,690251
0,0,0,2020-05-30,1,0,0,Sikkim,690251
0,0,0,2020-05-31,1,0,0,Sikkim,690251
0,0,0,2020-06-01,1,0,0,Sikkim,690251
0,0,0,2020-06-02,1,0,0,Sikkim,690251
1,0,0,2020-06-03,2,0,0,Sikkim,690251
0,0,0,2020-06-04,2,0,0,Sikkim,690251
1,0,0,2020-06-05,3,0,0,Sikkim,690251
4,0,0,2020-06-06,7,0,0,Sikkim,690251
0,0,0,2020-06-07,7,0,0,Sikkim,690251
0,0,0,2020-06-08,7,0,0,Sikkim,690251
6,0,3,2020-06-09,13,0,3,Sikkim,690251
0,0,0,2020-06-10,13,0,3,Sikkim,690251
0,0,0,2020-06-11,13,0,3,Sikkim,690251
50,0,0,2020-06-12,63,0,3,Sikkim,690251
0,0,2,2020-06-13,63,0,5,Sikkim,690251
5,0,0,2020-06-14,68,0,5,Sikkim,690251
0,0,0,2020-06-15,68,0,5,Sikkim,690251
0,0,0,2020-06-16,68,0,5,Sikkim,690251
2,0,0,2020-06-17,70,0,5,Sikkim,690251
0,0,1,2020-06-18,70,0,6,Sikkim,690251
0,0,16,2020-06-19,70,0,22,Sikkim,690251
0,0,0,2020-06-20,70,0,22,Sikkim,690251
8,0,4,2020-06-21,78,0,26,Sikkim,690251
0,0,4,2020-06-22,78,0,30,Sikkim,690251
1,0,0,2020-06-23,79,0,30,Sikkim,690251
4,0,10,2020-06-24,83,0,40,Sikkim,690251
2,0,0,2020-06-25,85,0,40,Sikkim,690251
2,0,0,2020-06-26,87,0,40,Sikkim,690251
0,0,10,2020-06-27,87,0,50,Sikkim,690251
1,0,0,2020-06-28,88,0,50,Sikkim,690251
0,0,0,2020-06-29,88,0,50,Sikkim,690251
0,0,1,2020-06-30,88,0,51,Sikkim,690251
1,0,2,2020-07-01,89,0,53,Sikkim,690251
12,0,0,2020-07-02,101,0,53,Sikkim,690251
1,0,0,2020-07-03,102,0,53,Sikkim,690251
1,0,0,2020-07-04,103,0,53,Sikkim,690251
22,0,9,2020-07-05,125,0,62,Sikkim,690251
0,0,4,2020-07-06,125,0,66,Sikkim,690251
2,0,0,2020-07-07,127,0,66,Sikkim,690251
6,0,6,2020-07-08,133,0,72,Sikkim,690251
1,0,0,2020-07-09,134,0,72,Sikkim,690251
0,0,9,2020-07-10,134,0,81,Sikkim,690251
26,0,0,2020-07-11,160,0,81,Sikkim,690251
4,0,1,2020-07-12,164,0,82,Sikkim,690251
2,0,6,2020-07-13,166,0,88,Sikkim,690251
45,0,-1,2020-07-14,211,0,87,Sikkim,690251
11,0,1,2020-07-15,222,0,88,Sikkim,690251
13,0,0,2020-07-16,235,0,88,Sikkim,690251
32,0,1,2020-07-17,267,0,89,Sikkim,690251
19,0,2,2020-07-18,286,0,91,Sikkim,690251
10,0,0,2020-07-19,296,0,91,Sikkim,690251
22,0,2,2020-07-20,318,0,93,Sikkim,690251
25,0,16,2020-07-21,343,0,109,Sikkim,690251
108,0,4,2020-07-22,451,0,113,Sikkim,690251
22,0,10,2020-07-23,473,0,123,Sikkim,690251
17,0,15,2020-07-24,490,0,138,Sikkim,690251
22,0,5,2020-07-25,512,0,143,Sikkim,690251
46,1,5,2020-07-26,558,1,148,Sikkim,690251
10,0,27,2020-07-27,568,1,175,Sikkim,690251
24,0,12,2020-07-28,592,1,187,Sikkim,690251
17,0,12,2020-07-29,609,1,199,Sikkim,690251
14,0,16,2020-07-30,623,1,215,Sikkim,690251
29,0,17,2020-07-31,652,1,232,Sikkim,690251
11,0,38,2020-08-01,663,1,270,Sikkim,690251
8,0,20,2020-08-02,671,1,290,Sikkim,690251
30,0,8,2020-08-03,701,1,298,Sikkim,690251
95,0,2,2020-08-04,796,1,300,Sikkim,690251
17,0,4,2020-08-05,813,1,304,Sikkim,690251
29,0,50,2020-08-06,842,1,354,Sikkim,690251
25,0,53,2020-08-07,867,1,407,Sikkim,690251
6,0,11,2020-08-08,873,1,418,Sikkim,690251
6,0,80,2020-08-09,879,1,498,Sikkim,690251
44,0,13,2020-08-10,923,1,511,Sikkim,690251
3,0,24,2020-08-11,926,1,535,Sikkim,690251
17,0,16,2020-08-12,943,1,551,Sikkim,690251
1,0,31,2020-08-13,944,1,582,Sikkim,690251
149,0,42,2020-08-14,1093,1,624,Sikkim,690251
68,0,38,2020-08-15,1161,1,662,Sikkim,690251
19,0,12,2020-08-16,1180,1,674,Sikkim,690251
20,0,28,2020-08-17,1200,1,702,Sikkim,690251
20,1,54,2020-08-18,1220,2,756,Sikkim,690251
25,1,34,2020-08-19,1245,3,790,Sikkim,690251
58,0,38,2020-08-20,1303,3,828,Sikkim,690251
46,0,7,2020-08-21,1349,3,835,Sikkim,690251
45,0,37,2020-08-22,1394,3,872,Sikkim,690251
22,0,0,2020-08-23,1416,3,872,Sikkim,690251
43,0,63,2020-08-24,1459,3,935,Sikkim,690251
29,0,120,2020-08-25,1488,3,1055,Sikkim,690251
11,0,22,2020-08-26,1499,3,1077,Sikkim,690251
56,0,75,2020-08-27,1555,3,1152,Sikkim,690251
34,0,33,2020-08-28,1589,3,1185,Sikkim,690251
26,0,11,2020-08-29,1615,3,1196,Sikkim,690251
25,0,25,2020-08-30,1640,3,1221,Sikkim,690251
25,0,5,2020-08-31,1665,3,1226,Sikkim,690251
18,1,12,2020-09-01,1683,4,1238,Sikkim,690251
34,0,23,2020-09-02,1717,4,1261,Sikkim,690251
34,1,44,2020-09-03,1751,5,1305,Sikkim,690251
105,0,17,2020-09-04,1856,5,1322,Sikkim,690251
58,0,26,2020-09-05,1914,5,1348,Sikkim,690251
9,0,24,2020-09-06,1923,5,1372,Sikkim,690251
29,0,25,2020-09-07,1952,5,1397,Sikkim,690251
19,2,17,2020-09-08,1971,7,1414,Sikkim,690251
31,0,16,2020-09-09,2002,7,1430,Sikkim,690251
20,0,41,2020-09-10,2022,7,1471,Sikkim,690251
17,4,16,2020-09-11,2039,11,1487,Sikkim,690251
29,2,17,2020-09-12,2068,13,1504,Sikkim,690251
31,3,2,2020-09-13,2099,16,1506,Sikkim,690251
33,0,16,2020-09-14,2132,16,1522,Sikkim,690251
54,3,169,2020-09-15,2186,19,1691,Sikkim,690251
48,0,32,2020-09-16,2234,19,1723,Sikkim,690251
53,4,67,2020-09-17,2287,23,1790,Sikkim,690251
29,3,68,2020-09-18,2316,26,1858,Sikkim,690251
39,2,34,2020-09-19,2355,28,1892,Sikkim,690251
49,1,3,2020-09-20,2404,29,1895,Sikkim,690251
56,0,11,2020-09-21,2460,29,1906,Sikkim,690251
66,0,23,2020-09-22,2526,29,1929,Sikkim,690251
35,1,14,2020-09-23,2561,30,1943,Sikkim,690251
64,1,31,2020-09-24,2625,31,1974,Sikkim,690251
92,0,21,2020-09-25,2717,31,1995,Sikkim,690251
48,0,22,2020-09-26,2765,31,2017,Sikkim,690251
38,2,49,2020-09-27,2803,33,2066,Sikkim,690251
25,2,18,2020-09-28,2828,35,2084,Sikkim,690251
41,0,71,2020-09-29,2869,35,2155,Sikkim,690251
75,2,68,2020-09-30,2944,37,2223,Sikkim,690251
38,3,72,2020-10-01,2982,40,2295,Sikkim,690251
42,1,34,2020-10-02,3024,41,2329,Sikkim,690251
39,2,39,2020-10-03,3063,43,2368,Sikkim,690251
43,2,32,2020-10-04,3106,45,2400,Sikkim,690251
17,1,67,2020-10-05,3123,46,2467,Sikkim,690251
25,3,40,2020-10-06,3148,49,2507,Sikkim,690251
99,2,28,2020-10-07,3247,51,2535,Sikkim,690251
12,1,35,2020-10-08,3259,52,2570,Sikkim,690251
33,2,71,2020-10-09,3292,54,2641,Sikkim,690251
42,1,95,2020-10-10,3334,55,2736,Sikkim,690251
39,1,104,2020-10-11,3373,56,2840,Sikkim,690251
7,1,5,2020-10-12,3380,57,2845,Sikkim,690251
50,2,89,2020-10-13,3430,59,2934,Sikkim,690251
42,0,61,2020-10-14,3472,59,2995,Sikkim,690251
41,0,54,2020-10-15,3513,59,3049,Sikkim,690251
31,0,48,2020-10-16,3544,59,3097,Sikkim,690251
36,0,56,2020-10-17,3580,59,3153,Sikkim,690251
30,1,32,2020-10-18,3610,60,3185,Sikkim,690251
4,2,11,2020-10-19,3614,62,3196,Sikkim,690251
42,1,50,2020-10-20,3656,63,3246,Sikkim,690251
34,0,35,2020-10-21,3690,63,3281,Sikkim,690251
50,0,48,2020-10-22,3740,63,3329,Sikkim,690251
1,0,0,2020-03-14,1,0,0,Tamil Nadu,77841267
0,0,0,2020-03-15,1,0,0,Tamil Nadu,77841267
0,0,1,2020-03-16,1,0,1,Tamil Nadu,77841267
0,0,0,2020-03-17,1,0,1,Tamil Nadu,77841267
1,0,0,2020-03-18,2,0,1,Tamil Nadu,77841267
1,0,0,2020-03-19,3,0,1,Tamil Nadu,77841267
0,0,0,2020-03-20,3,0,1,Tamil Nadu,77841267
3,0,0,2020-03-21,6,0,1,Tamil Nadu,77841267
3,0,0,2020-03-22,9,0,1,Tamil Nadu,77841267
3,0,0,2020-03-23,12,0,1,Tamil Nadu,77841267
6,1,0,2020-03-24,18,1,1,Tamil Nadu,77841267
8,0,0,2020-03-25,26,1,1,Tamil Nadu,77841267
3,0,0,2020-03-26,29,1,1,Tamil Nadu,77841267
9,0,1,2020-03-27,38,1,2,Tamil Nadu,77841267
4,0,0,2020-03-28,42,1,2,Tamil Nadu,77841267
8,0,0,2020-03-29,50,1,2,Tamil Nadu,77841267
17,0,2,2020-03-30,67,1,4,Tamil Nadu,77841267
57,0,2,2020-03-31,124,1,6,Tamil Nadu,77841267
110,0,0,2020-04-01,234,1,6,Tamil Nadu,77841267
75,0,0,2020-04-02,309,1,6,Tamil Nadu,77841267
102,0,0,2020-04-03,411,1,6,Tamil Nadu,77841267
74,2,2,2020-04-04,485,3,8,Tamil Nadu,77841267
86,2,0,2020-04-05,571,5,8,Tamil Nadu,77841267
50,1,5,2020-04-06,621,6,13,Tamil Nadu,77841267
69,1,6,2020-04-07,690,7,19,Tamil Nadu,77841267
48,1,2,2020-04-08,738,8,21,Tamil Nadu,77841267
96,0,6,2020-04-09,834,8,27,Tamil Nadu,77841267
77,1,17,2020-04-10,911,9,44,Tamil Nadu,77841267
58,1,0,2020-04-11,969,10,44,Tamil Nadu,77841267
106,1,6,2020-04-12,1075,11,50,Tamil Nadu,77841267
98,0,8,2020-04-13,1173,11,58,Tamil Nadu,77841267
31,1,23,2020-04-14,1204,12,81,Tamil Nadu,77841267
38,2,37,2020-04-15,1242,14,118,Tamil Nadu,77841267
25,1,62,2020-04-16,1267,15,180,Tamil Nadu,77841267
56,0,103,2020-04-17,1323,15,283,Tamil Nadu,77841267
49,0,82,2020-04-18,1372,15,365,Tamil Nadu,77841267
105,0,46,2020-04-19,1477,15,411,Tamil Nadu,77841267
43,2,46,2020-04-20,1520,17,457,Tamil Nadu,77841267
76,1,178,2020-04-21,1596,18,635,Tamil Nadu,77841267
33,0,27,2020-04-22,1629,18,662,Tamil Nadu,77841267
54,2,90,2020-04-23,1683,20,752,Tamil Nadu,77841267
72,2,114,2020-04-24,1755,22,866,Tamil Nadu,77841267
66,1,94,2020-04-25,1821,23,960,Tamil Nadu,77841267
64,1,60,2020-04-26,1885,24,1020,Tamil Nadu,77841267
52,0,54,2020-04-27,1937,24,1074,Tamil Nadu,77841267
121,1,54,2020-04-28,2058,25,1128,Tamil Nadu,77841267
104,2,82,2020-04-29,2162,27,1210,Tamil Nadu,77841267
161,0,48,2020-04-30,2323,27,1258,Tamil Nadu,77841267
203,1,54,2020-05-01,2526,28,1312,Tamil Nadu,77841267
231,1,29,2020-05-02,2757,29,1341,Tamil Nadu,77841267
266,1,38,2020-05-03,3023,30,1379,Tamil Nadu,77841267
527,1,30,2020-05-04,3550,31,1409,Tamil Nadu,77841267
508,2,76,2020-05-05,4058,33,1485,Tamil Nadu,77841267
771,2,31,2020-05-06,4829,35,1516,Tamil Nadu,77841267
580,2,31,2020-05-07,5409,37,1547,Tamil Nadu,77841267
600,3,58,2020-05-08,6009,40,1605,Tamil Nadu,77841267
526,4,219,2020-05-09,6535,44,1824,Tamil Nadu,77841267
669,3,135,2020-05-10,7204,47,1959,Tamil Nadu,77841267
798,6,92,2020-05-11,8002,53,2051,Tamil Nadu,77841267
716,8,83,2020-05-12,8718,61,2134,Tamil Nadu,77841267
509,3,41,2020-05-13,9227,64,2175,Tamil Nadu,77841267
447,2,65,2020-05-14,9674,66,2240,Tamil Nadu,77841267
434,5,359,2020-05-15,10108,71,2599,Tamil Nadu,77841267
477,4,939,2020-05-16,10585,75,3538,Tamil Nadu,77841267
639,4,634,2020-05-17,11224,79,4172,Tamil Nadu,77841267
536,3,234,2020-05-18,11760,82,4406,Tamil Nadu,77841267
688,3,489,2020-05-19,12448,85,4895,Tamil Nadu,77841267
743,3,987,2020-05-20,13191,88,5882,Tamil Nadu,77841267
776,7,400,2020-05-21,13967,95,6282,Tamil Nadu,77841267
786,4,846,2020-05-22,14753,99,7128,Tamil Nadu,77841267
759,5,363,2020-05-23,15512,104,7491,Tamil Nadu,77841267
765,8,833,2020-05-24,16277,112,8324,Tamil Nadu,77841267
805,7,407,2020-05-25,17082,119,8731,Tamil Nadu,77841267
646,11,611,2020-05-26,17728,130,9342,Tamil Nadu,77841267
817,6,567,2020-05-27,18545,136,9909,Tamil Nadu,77841267
827,12,639,2020-05-28,19372,148,10548,Tamil Nadu,77841267
874,9,765,2020-05-29,20246,157,11313,Tamil Nadu,77841267
938,6,687,2020-05-30,21184,163,12000,Tamil Nadu,77841267
1149,13,757,2020-05-31,22333,176,12757,Tamil Nadu,77841267
1162,11,413,2020-06-01,23495,187,13170,Tamil Nadu,77841267
1091,13,536,2020-06-02,24586,200,13706,Tamil Nadu,77841267
1286,8,610,2020-06-03,25872,208,14316,Tamil Nadu,77841267
1384,15,585,2020-06-04,27256,223,14901,Tamil Nadu,77841267
1438,12,861,2020-06-05,28694,235,15762,Tamil Nadu,77841267
1458,19,633,2020-06-06,30152,254,16395,Tamil Nadu,77841267
1515,18,604,2020-06-07,31667,272,16999,Tamil Nadu,77841267
1562,17,528,2020-06-08,33229,289,17527,Tamil Nadu,77841267
1685,18,798,2020-06-09,34914,307,18325,Tamil Nadu,77841267
1927,19,1008,2020-06-10,36841,326,19333,Tamil Nadu,77841267
1875,23,1372,2020-06-11,38716,349,20705,Tamil Nadu,77841267
1982,18,1342,2020-06-12,40698,367,22047,Tamil Nadu,77841267
1989,30,1362,2020-06-13,42687,397,23409,Tamil Nadu,77841267
1974,38,1138,2020-06-14,44661,435,24547,Tamil Nadu,77841267
1843,44,797,2020-06-15,46504,479,25344,Tamil Nadu,77841267
1515,49,1438,2020-06-16,48019,528,26782,Tamil Nadu,77841267
2174,48,842,2020-06-17,50193,576,27624,Tamil Nadu,77841267
2141,49,1017,2020-06-18,52334,625,28641,Tamil Nadu,77841267
2115,41,1630,2020-06-19,54449,666,30271,Tamil Nadu,77841267
2396,38,1045,2020-06-20,56845,704,31316,Tamil Nadu,77841267
2532,53,1438,2020-06-21,59377,757,32754,Tamil Nadu,77841267
2710,37,1358,2020-06-22,62087,794,34112,Tamil Nadu,77841267
2516,39,1227,2020-06-23,64603,833,35339,Tamil Nadu,77841267
2865,33,2424,2020-06-24,67468,866,37763,Tamil Nadu,77841267
3509,45,2236,2020-06-25,70977,911,39999,Tamil Nadu,77841267
3645,46,1358,2020-06-26,74622,957,41357,Tamil Nadu,77841267
3713,68,2737,2020-06-27,78335,1025,44094,Tamil Nadu,77841267
3940,54,1443,2020-06-28,82275,1079,45537,Tamil Nadu,77841267
3949,62,2212,2020-06-29,86224,1141,47749,Tamil Nadu,77841267
3943,60,2325,2020-06-30,90167,1201,50074,Tamil Nadu,77841267
3882,63,2852,2020-07-01,94049,1264,52926,Tamil Nadu,77841267
4343,57,3095,2020-07-02,98392,1321,56021,Tamil Nadu,77841267
4329,64,2357,2020-07-03,102721,1385,58378,Tamil Nadu,77841267
4280,65,2214,2020-07-04,107001,1450,60592,Tamil Nadu,77841267
4150,60,2186,2020-07-05,111151,1510,62778,Tamil Nadu,77841267
3827,61,3793,2020-07-06,114978,1571,66571,Tamil Nadu,77841267
3616,65,4545,2020-07-07,118594,1636,71116,Tamil Nadu,77841267
3756,64,3051,2020-07-08,122350,1700,74167,Tamil Nadu,77841267
4231,65,3994,2020-07-09,126581,1765,78161,Tamil Nadu,77841267
3680,64,4163,2020-07-10,130261,1829,82324,Tamil Nadu,77841267
3965,69,3591,2020-07-11,134226,1898,85915,Tamil Nadu,77841267
4244,68,3617,2020-07-12,138470,1966,89532,Tamil Nadu,77841267
4328,66,3035,2020-07-13,142798,2032,92567,Tamil Nadu,77841267
4526,67,4743,2020-07-14,147324,2099,97310,Tamil Nadu,77841267
4496,68,5000,2020-07-15,151820,2167,102310,Tamil Nadu,77841267
4549,69,5106,2020-07-16,156369,2236,107416,Tamil Nadu,77841267
4538,79,3391,2020-07-17,160907,2315,110807,Tamil Nadu,77841267
4807,88,3049,2020-07-18,165714,2403,113856,Tamil Nadu,77841267
4979,78,4059,2020-07-19,170693,2481,117915,Tamil Nadu,77841267
4985,70,3861,2020-07-20,175678,2551,121776,Tamil Nadu,77841267
4965,75,4894,2020-07-21,180643,2626,126670,Tamil Nadu,77841267
5849,518,4913,2020-07-22,186492,3144,131583,Tamil Nadu,77841267
6472,88,5210,2020-07-23,192964,3232,136793,Tamil Nadu,77841267
6785,88,6504,2020-07-24,199749,3320,143297,Tamil Nadu,77841267
6988,89,7758,2020-07-25,206737,3409,151055,Tamil Nadu,77841267
6986,85,5471,2020-07-26,213723,3494,156526,Tamil Nadu,77841267
6993,77,5723,2020-07-27,220716,3571,162249,Tamil Nadu,77841267
6972,88,4707,2020-07-28,227688,3659,166956,Tamil Nadu,77841267
6426,82,5927,2020-07-29,234114,3741,172883,Tamil Nadu,77841267
5864,100,5295,2020-07-30,239978,3841,178178,Tamil Nadu,77841267
5881,94,5778,2020-07-31,245859,3935,183956,Tamil Nadu,77841267
5879,99,7010,2020-08-01,251738,4034,190966,Tamil Nadu,77841267
5875,98,5517,2020-08-02,257613,4132,196483,Tamil Nadu,77841267
5609,109,5800,2020-08-03,263222,4241,202283,Tamil Nadu,77841267
5063,108,6501,2020-08-04,268285,4349,208784,Tamil Nadu,77841267
5175,112,6031,2020-08-05,273460,4461,214815,Tamil Nadu,77841267
5684,110,6272,2020-08-06,279144,4571,221087,Tamil Nadu,77841267
5880,119,6488,2020-08-07,285024,4690,227575,Tamil Nadu,77841267
5883,118,5043,2020-08-08,290907,4808,232618,Tamil Nadu,77841267
5994,119,6020,2020-08-09,296901,4927,238638,Tamil Nadu,77841267
5914,114,6037,2020-08-10,302815,5041,244675,Tamil Nadu,77841267
5834,118,6005,2020-08-11,308649,5159,250680,Tamil Nadu,77841267
5871,119,5633,2020-08-12,314520,5278,256313,Tamil Nadu,77841267
5835,119,5146,2020-08-13,320355,5397,261459,Tamil Nadu,77841267
5890,117,5556,2020-08-14,326245,5514,267015,Tamil Nadu,77841267
5860,127,5236,2020-08-15,332105,5641,272251,Tamil Nadu,77841267
5950,125,6019,2020-08-16,338055,5766,278270,Tamil Nadu,77841267
5890,120,5667,2020-08-17,343945,5886,283937,Tamil Nadu,77841267
5709,121,5850,2020-08-18,349654,6007,289787,Tamil Nadu,77841267
5795,116,6384,2020-08-19,355449,6123,296171,Tamil Nadu,77841267
5986,116,5742,2020-08-20,361435,6239,301913,Tamil Nadu,77841267
5995,101,5764,2020-08-21,367430,6340,307677,Tamil Nadu,77841267
5980,80,5603,2020-08-22,373410,6420,313280,Tamil Nadu,77841267
5975,97,6047,2020-08-23,379385,6517,319327,Tamil Nadu,77841267
5967,97,6129,2020-08-24,385352,6614,325456,Tamil Nadu,77841267
5951,107,6998,2020-08-25,391303,6721,332454,Tamil Nadu,77841267
5958,118,5606,2020-08-26,397261,6839,338060,Tamil Nadu,77841267
5981,109,5870,2020-08-27,403242,6948,343930,Tamil Nadu,77841267
5996,102,5752,2020-08-28,409238,7050,349682,Tamil Nadu,77841267
6352,87,6045,2020-08-29,415590,7137,355727,Tamil Nadu,77841267
6495,94,6406,2020-08-30,422085,7231,362133,Tamil Nadu,77841267
5956,91,6008,2020-08-31,428041,7322,368141,Tamil Nadu,77841267
5928,96,6031,2020-09-01,433969,7418,374172,Tamil Nadu,77841267
5990,98,5891,2020-09-02,439959,7516,380063,Tamil Nadu,77841267
5892,92,6110,2020-09-03,445851,7608,386173,Tamil Nadu,77841267
5976,79,6334,2020-09-04,451827,7687,392507,Tamil Nadu,77841267
5870,64,5859,2020-09-05,457697,7751,398366,Tamil Nadu,77841267
5783,85,5820,2020-09-06,463480,7836,404186,Tamil Nadu,77841267
5776,89,5930,2020-09-07,469256,7925,410116,Tamil Nadu,77841267
5684,87,6599,2020-09-08,474940,8012,416715,Tamil Nadu,77841267
5584,78,6516,2020-09-09,480524,8090,423231,Tamil Nadu,77841267
5528,64,6185,2020-09-10,486052,8154,429416,Tamil Nadu,77841267
5519,77,6006,2020-09-11,491571,8231,435422,Tamil Nadu,77841267
5495,76,6227,2020-09-12,497066,8307,441649,Tamil Nadu,77841267
5693,74,5717,2020-09-13,502759,8381,447366,Tamil Nadu,77841267
5752,53,5799,2020-09-14,508511,8434,453165,Tamil Nadu,77841267
5697,68,5735,2020-09-15,514208,8502,458900,Tamil Nadu,77841267
5652,57,5768,2020-09-16,519860,8559,464668,Tamil Nadu,77841267
5560,59,5524,2020-09-17,525420,8618,470192,Tamil Nadu,77841267
5488,67,5525,2020-09-18,530908,8685,475717,Tamil Nadu,77841267
5569,66,5556,2020-09-19,536477,8751,481273,Tamil Nadu,77841267
5516,60,5206,2020-09-20,541993,8811,486479,Tamil Nadu,77841267
5344,60,5492,2020-09-21,547337,8871,491971,Tamil Nadu,77841267
5337,76,5406,2020-09-22,552674,8947,497377,Tamil Nadu,77841267
5325,63,5363,2020-09-23,557999,9010,502740,Tamil Nadu,77841267
5692,66,5470,2020-09-24,563691,9076,508210,Tamil Nadu,77841267
5679,72,5626,2020-09-25,569370,9148,513836,Tamil Nadu,77841267
5647,85,5612,2020-09-26,575017,9233,519448,Tamil Nadu,77841267
5791,80,5706,2020-09-27,580808,9313,525154,Tamil Nadu,77841267
5589,70,5554,2020-09-28,586397,9383,530708,Tamil Nadu,77841267
5546,70,5501,2020-09-29,591943,9453,536209,Tamil Nadu,77841267
5659,67,5610,2020-09-30,597602,9520,541819,Tamil Nadu,77841267
5688,66,5516,2020-10-01,603290,9586,547335,Tamil Nadu,77841267
5595,67,5603,2020-10-02,608885,9653,552938,Tamil Nadu,77841267
5622,65,5596,2020-10-03,614507,9718,558534,Tamil Nadu,77841267
5489,66,5558,2020-10-04,619996,9784,564092,Tamil Nadu,77841267
5395,62,5572,2020-10-05,625391,9846,569664,Tamil Nadu,77841267
5017,71,5548,2020-10-06,630408,9917,575212,Tamil Nadu,77841267
5447,67,5524,2020-10-07,635855,9984,580736,Tamil Nadu,77841267
5088,68,5718,2020-10-08,640943,10052,586454,Tamil Nadu,77841267
5185,68,5357,2020-10-09,646128,10120,591811,Tamil Nadu,77841267
5242,67,5222,2020-10-10,651370,10187,597033,Tamil Nadu,77841267
5015,65,5005,2020-10-11,656385,10252,602038,Tamil Nadu,77841267
4879,62,5165,2020-10-12,661264,10314,607203,Tamil Nadu,77841267
4666,57,5117,2020-10-13,665930,10371,612320,Tamil Nadu,77841267
4462,52,5083,2020-10-14,670392,10423,617403,Tamil Nadu,77841267
4410,49,5055,2020-10-15,674802,10472,622458,Tamil Nadu,77841267
4389,60,5245,2020-10-16,679191,10532,627703,Tamil Nadu,77841267
4295,54,5005,2020-10-17,683486,10586,632708,Tamil Nadu,77841267
3914,56,4929,2020-10-18,687400,10642,637637,Tamil Nadu,77841267
3536,52,4515,2020-10-19,690936,10694,642152,Tamil Nadu,77841267
3094,47,4403,2020-10-20,694030,10741,646555,Tamil Nadu,77841267
3086,39,4301,2020-10-21,697116,10780,650856,Tamil Nadu,77841267
3077,45,4314,2020-10-22,700193,10825,655170,Tamil Nadu,77841267
1,0,0,2020-03-14,1,0,0,Telangana,39362732
2,0,1,2020-03-15,3,0,1,Telangana,39362732
1,0,0,2020-03-16,4,0,1,Telangana,39362732
1,0,0,2020-03-17,5,0,1,Telangana,39362732
8,0,0,2020-03-18,13,0,1,Telangana,39362732
3,0,0,2020-03-19,16,0,1,Telangana,39362732
3,0,0,2020-03-20,19,0,1,Telangana,39362732
2,0,0,2020-03-21,21,0,1,Telangana,39362732
6,0,0,2020-03-22,27,0,1,Telangana,39362732
6,0,0,2020-03-23,33,0,1,Telangana,39362732
4,0,0,2020-03-24,37,0,1,Telangana,39362732
4,0,0,2020-03-25,41,0,1,Telangana,39362732
3,0,0,2020-03-26,44,0,1,Telangana,39362732
15,0,0,2020-03-27,59,0,1,Telangana,39362732
8,1,0,2020-03-28,67,1,1,Telangana,39362732
3,0,0,2020-03-29,70,1,1,Telangana,39362732
7,5,13,2020-03-30,77,6,14,Telangana,39362732
20,0,0,2020-03-31,97,6,14,Telangana,39362732
30,3,0,2020-04-01,127,9,14,Telangana,39362732
27,0,3,2020-04-02,154,9,17,Telangana,39362732
75,2,15,2020-04-03,229,11,32,Telangana,39362732
43,0,1,2020-04-04,272,11,33,Telangana,39362732
62,0,0,2020-04-05,334,11,33,Telangana,39362732
30,0,12,2020-04-06,364,11,45,Telangana,39362732
40,0,0,2020-04-07,404,11,45,Telangana,39362732
49,0,0,2020-04-08,453,11,45,Telangana,39362732
18,1,0,2020-04-09,471,12,45,Telangana,39362732
16,0,0,2020-04-10,487,12,45,Telangana,39362732
16,2,51,2020-04-11,503,14,96,Telangana,39362732
28,2,7,2020-04-12,531,16,103,Telangana,39362732
61,1,0,2020-04-13,592,17,103,Telangana,39362732
52,1,7,2020-04-14,644,18,110,Telangana,39362732
6,0,8,2020-04-15,650,18,118,Telangana,39362732
50,0,68,2020-04-16,700,18,186,Telangana,39362732
66,0,0,2020-04-17,766,18,186,Telangana,39362732
43,0,0,2020-04-18,809,18,186,Telangana,39362732
49,3,0,2020-04-19,858,21,186,Telangana,39362732
14,2,0,2020-04-20,872,23,186,Telangana,39362732
56,0,8,2020-04-21,928,23,194,Telangana,39362732
15,1,0,2020-04-22,943,24,194,Telangana,39362732
27,1,58,2020-04-23,970,25,252,Telangana,39362732
13,0,39,2020-04-24,983,25,291,Telangana,39362732
7,0,16,2020-04-25,990,25,307,Telangana,39362732
11,0,9,2020-04-26,1001,25,316,Telangana,39362732
2,0,16,2020-04-27,1003,25,332,Telangana,39362732
6,0,42,2020-04-28,1009,25,374,Telangana,39362732
7,0,35,2020-04-29,1016,25,409,Telangana,39362732
22,3,33,2020-04-30,1038,28,442,Telangana,39362732
6,0,22,2020-05-01,1044,28,464,Telangana,39362732
17,1,35,2020-05-02,1061,29,499,Telangana,39362732
21,0,46,2020-05-03,1082,29,545,Telangana,39362732
3,0,40,2020-05-04,1085,29,585,Telangana,39362732
11,0,43,2020-05-05,1096,29,628,Telangana,39362732
11,0,20,2020-05-06,1107,29,648,Telangana,39362732
15,0,45,2020-05-07,1122,29,693,Telangana,39362732
10,0,34,2020-05-08,1132,29,727,Telangana,39362732
31,1,24,2020-05-09,1163,30,751,Telangana,39362732
33,0,0,2020-05-10,1196,30,751,Telangana,39362732
79,0,50,2020-05-11,1275,30,801,Telangana,39362732
51,2,21,2020-05-12,1326,32,822,Telangana,39362732
41,2,117,2020-05-13,1367,34,939,Telangana,39362732
47,0,13,2020-05-14,1414,34,952,Telangana,39362732
40,0,7,2020-05-15,1454,34,959,Telangana,39362732
55,0,12,2020-05-16,1509,34,971,Telangana,39362732
42,0,21,2020-05-17,1551,34,992,Telangana,39362732
41,0,10,2020-05-18,1592,34,1002,Telangana,39362732
42,4,9,2020-05-19,1634,38,1011,Telangana,39362732
27,2,2,2020-05-20,1661,40,1013,Telangana,39362732
38,5,23,2020-05-21,1699,45,1036,Telangana,39362732
62,3,7,2020-05-22,1761,48,1043,Telangana,39362732
52,1,25,2020-05-23,1813,49,1068,Telangana,39362732
41,4,24,2020-05-24,1854,53,1092,Telangana,39362732
66,3,72,2020-05-25,1920,56,1164,Telangana,39362732
112,1,120,2020-05-26,2032,57,1284,Telangana,39362732
107,6,37,2020-05-27,2139,63,1321,Telangana,39362732
117,4,24,2020-05-28,2256,67,1345,Telangana,39362732
169,4,36,2020-05-29,2425,71,1381,Telangana,39362732
74,6,31,2020-05-30,2499,77,1412,Telangana,39362732
199,5,16,2020-05-31,2698,82,1428,Telangana,39362732
94,6,63,2020-06-01,2792,88,1491,Telangana,39362732
99,4,35,2020-06-02,2891,92,1526,Telangana,39362732
129,7,30,2020-06-03,3020,99,1556,Telangana,39362732
127,6,31,2020-06-04,3147,105,1587,Telangana,39362732
143,8,40,2020-06-05,3290,113,1627,Telangana,39362732
206,10,83,2020-06-06,3496,123,1710,Telangana,39362732
154,14,32,2020-06-07,3650,137,1742,Telangana,39362732
92,5,0,2020-06-08,3742,142,1742,Telangana,39362732
178,6,0,2020-06-09,3920,148,1742,Telangana,39362732
191,8,75,2020-06-10,4111,156,1817,Telangana,39362732
209,9,176,2020-06-11,4320,165,1993,Telangana,39362732
164,9,285,2020-06-12,4484,174,2278,Telangana,39362732
253,8,74,2020-06-13,4737,182,2352,Telangana,39362732
237,3,25,2020-06-14,4974,185,2377,Telangana,39362732
219,2,389,2020-06-15,5193,187,2766,Telangana,39362732
213,4,261,2020-06-16,5406,191,3027,Telangana,39362732
269,1,44,2020-06-17,5675,192,3071,Telangana,39362732
352,3,230,2020-06-18,6027,195,3301,Telangana,39362732
499,3,51,2020-06-19,6526,198,3352,Telangana,39362732
546,5,154,2020-06-20,7072,203,3506,Telangana,39362732
730,7,225,2020-06-21,7802,210,3731,Telangana,39362732
872,7,274,2020-06-22,8674,217,4005,Telangana,39362732
879,3,219,2020-06-23,9553,220,4224,Telangana,39362732
891,5,137,2020-06-24,10444,225,4361,Telangana,39362732
920,5,327,2020-06-25,11364,230,4688,Telangana,39362732
985,7,78,2020-06-26,12349,237,4766,Telangana,39362732
1087,6,162,2020-06-27,13436,243,4928,Telangana,39362732
983,4,244,2020-06-28,14419,247,5172,Telangana,39362732
975,6,410,2020-06-29,15394,253,5582,Telangana,39362732
945,7,1712,2020-06-30,16339,260,7294,Telangana,39362732
1018,7,788,2020-07-01,17357,267,8082,Telangana,39362732
1213,8,987,2020-07-02,18570,275,9069,Telangana,39362732
1892,8,1126,2020-07-03,20462,283,10195,Telangana,39362732
1850,5,1342,2020-07-04,22312,288,11537,Telangana,39362732
1590,7,1166,2020-07-05,23902,295,12703,Telangana,39362732
1831,11,2078,2020-07-06,25733,306,14781,Telangana,39362732
1879,7,1506,2020-07-07,27612,313,16287,Telangana,39362732
1924,11,992,2020-07-08,29536,324,17279,Telangana,39362732
1410,7,913,2020-07-09,30946,331,18192,Telangana,39362732
1278,8,1013,2020-07-10,32224,339,19205,Telangana,39362732
1178,9,1714,2020-07-11,33402,348,20919,Telangana,39362732
1269,8,1563,2020-07-12,34671,356,22482,Telangana,39362732
1550,9,1197,2020-07-13,36221,365,23679,Telangana,39362732
1524,10,1161,2020-07-14,37745,375,24840,Telangana,39362732
1597,11,1159,2020-07-15,39342,386,25999,Telangana,39362732
1676,10,1296,2020-07-16,41018,396,27295,Telangana,39362732
1478,7,1410,2020-07-17,42496,403,28705,Telangana,39362732
1284,6,1902,2020-07-18,43780,409,30607,Telangana,39362732
1296,6,1831,2020-07-19,45076,415,32438,Telangana,39362732
1198,7,1885,2020-07-20,46274,422,34323,Telangana,39362732
1430,7,2062,2020-07-21,47704,429,36385,Telangana,39362732
1555,9,1281,2020-07-22,49259,438,37666,Telangana,39362732
1567,9,1661,2020-07-23,50826,447,39327,Telangana,39362732
1640,8,1007,2020-07-24,52466,455,40334,Telangana,39362732
1593,8,998,2020-07-25,54059,463,41332,Telangana,39362732
0,0,0,2020-07-26,54059,463,41332,Telangana,39362732
1473,8,774,2020-07-27,55532,471,42106,Telangana,39362732
1610,9,803,2020-07-28,57142,480,42909,Telangana,39362732
1764,12,842,2020-07-29,58906,492,43751,Telangana,39362732
1811,13,821,2020-07-30,60717,505,44572,Telangana,39362732
1986,14,816,2020-07-31,62703,519,45388,Telangana,39362732
2083,11,1114,2020-08-01,64786,530,46502,Telangana,39362732
1891,10,1088,2020-08-02,66677,540,47590,Telangana,39362732
983,11,1019,2020-08-03,67660,551,48609,Telangana,39362732
1286,12,1066,2020-08-04,68946,563,49675,Telangana,39362732
2012,13,1139,2020-08-05,70958,576,50814,Telangana,39362732
2092,13,1289,2020-08-06,73050,589,52103,Telangana,39362732
2207,12,1136,2020-08-07,75257,601,53239,Telangana,39362732
2256,14,1091,2020-08-08,77513,615,54330,Telangana,39362732
1982,12,1669,2020-08-09,79495,627,55999,Telangana,39362732
1256,10,1587,2020-08-10,80751,637,57586,Telangana,39362732
1896,8,1788,2020-08-11,82647,645,59374,Telangana,39362732
1897,9,1920,2020-08-12,84544,654,61294,Telangana,39362732
1931,11,1780,2020-08-13,86475,665,63074,Telangana,39362732
1921,9,1210,2020-08-14,88396,674,64284,Telangana,39362732
1863,10,1912,2020-08-15,90259,684,66196,Telangana,39362732
1102,9,1930,2020-08-16,91361,693,68126,Telangana,39362732
894,10,2006,2020-08-17,92255,703,70132,Telangana,39362732
1682,8,2070,2020-08-18,93937,711,72202,Telangana,39362732
1763,8,1789,2020-08-19,95700,719,73991,Telangana,39362732
1724,10,1195,2020-08-20,97424,729,75186,Telangana,39362732
1457,8,1781,2020-08-21,98881,737,76967,Telangana,39362732
2474,7,1768,2020-08-22,101355,744,78735,Telangana,39362732
2384,11,1851,2020-08-23,103739,755,80586,Telangana,39362732
1842,6,1825,2020-08-24,105581,761,82411,Telangana,39362732
2579,9,1752,2020-08-25,108160,770,84163,Telangana,39362732
3018,10,1060,2020-08-26,111178,780,85223,Telangana,39362732
2795,8,872,2020-08-27,113973,788,86095,Telangana,39362732
2932,11,1580,2020-08-28,116905,799,87675,Telangana,39362732
2751,9,1675,2020-08-29,119656,808,89350,Telangana,39362732
2924,10,1638,2020-08-30,122580,818,90988,Telangana,39362732
1873,9,1849,2020-08-31,124453,827,92837,Telangana,39362732
2734,9,2325,2020-09-01,127187,836,95162,Telangana,39362732
2892,10,2240,2020-09-02,130079,846,97402,Telangana,39362732
2817,10,2611,2020-09-03,132896,856,100013,Telangana,39362732
2478,10,2011,2020-09-04,135374,866,102024,Telangana,39362732
2511,11,2579,2020-09-05,137885,877,104603,Telangana,39362732
2574,9,2927,2020-09-06,140459,886,107530,Telangana,39362732
1802,9,2711,2020-09-07,142261,895,110241,Telangana,39362732
2392,11,2346,2020-09-08,144653,906,112587,Telangana,39362732
2479,10,2485,2020-09-09,147132,916,115072,Telangana,39362732
2534,11,2071,2020-09-10,149666,927,117143,Telangana,39362732
2426,13,2324,2020-09-11,152092,940,119467,Telangana,39362732
2278,10,2458,2020-09-12,154370,950,121925,Telangana,39362732
2216,11,2603,2020-09-13,156586,961,124528,Telangana,39362732
1417,13,2479,2020-09-14,158003,974,127007,Telangana,39362732
2058,10,2180,2020-09-15,160061,984,129187,Telangana,39362732
2273,12,2260,2020-09-16,162334,996,131447,Telangana,39362732
2159,9,2108,2020-09-17,164493,1005,133555,Telangana,39362732
2043,11,1802,2020-09-18,166536,1016,135357,Telangana,39362732
2123,9,2151,2020-09-19,168659,1025,137508,Telangana,39362732
2137,8,2192,2020-09-20,170796,1033,139700,Telangana,39362732
1302,9,2230,2020-09-21,172098,1042,141930,Telangana,39362732
2166,10,2143,2020-09-22,174264,1052,144073,Telangana,39362732
2296,10,2062,2020-09-23,176560,1062,146135,Telangana,39362732
2176,8,2004,2020-09-24,178736,1070,148139,Telangana,39362732
2381,10,2021,2020-09-25,181117,1080,150160,Telangana,39362732
2239,11,2281,2020-09-26,183356,1091,152441,Telangana,39362732
1967,9,2058,2020-09-27,185323,1100,154499,Telangana,39362732
1378,7,1932,2020-09-28,186701,1107,156431,Telangana,39362732
2072,9,2259,2020-09-29,188773,1116,158690,Telangana,39362732
2103,11,2243,2020-09-30,190876,1127,160933,Telangana,39362732
2214,8,2474,2020-10-01,193090,1135,163407,Telangana,39362732
2009,10,2437,2020-10-02,195099,1145,165844,Telangana,39362732
1718,8,2002,2020-10-03,196817,1153,167846,Telangana,39362732
1949,10,2366,2020-10-04,198766,1163,170212,Telangana,39362732
1335,8,2176,2020-10-05,200101,1171,172388,Telangana,39362732
1983,10,2381,2020-10-06,202084,1181,174769,Telangana,39362732
2154,8,2239,2020-10-07,204238,1189,177008,Telangana,39362732
1896,12,2067,2020-10-08,206134,1201,179075,Telangana,39362732
1891,7,1878,2020-10-09,208025,1208,180953,Telangana,39362732
1811,9,2072,2020-10-10,209836,1217,183025,Telangana,39362732
1717,5,2103,2020-10-11,211553,1222,185128,Telangana,39362732
1021,6,2214,2020-10-12,212574,1228,187342,Telangana,39362732
1708,5,2009,2020-10-13,214282,1233,189351,Telangana,39362732
1446,8,1918,2020-10-14,215728,1241,191269,Telangana,39362732
1432,8,1949,2020-10-15,217160,1249,193218,Telangana,39362732
1554,7,1435,2020-10-16,218714,1256,194653,Telangana,39362732
1451,9,1983,2020-10-17,220165,1265,196636,Telangana,39362732
1436,6,2154,2020-10-18,221601,1271,198790,Telangana,39362732
948,4,1896,2020-10-19,222549,1275,200686,Telangana,39362732
1486,7,1891,2020-10-20,224035,1282,202577,Telangana,39362732
1579,5,1811,2020-10-21,225614,1287,204388,Telangana,39362732
1456,5,1717,2020-10-22,227070,1292,206105,Telangana,39362732
0,0,0,2020-03-14,0,0,0,Tripura,4169794
0,0,0,2020-03-15,0,0,0,Tripura,4169794
0,0,0,2020-03-16,0,0,0,Tripura,4169794
0,0,0,2020-03-17,0,0,0,Tripura,4169794
0,0,0,2020-03-18,0,0,0,Tripura,4169794
0,0,0,2020-03-19,0,0,0,Tripura,4169794
0,0,0,2020-03-20,0,0,0,Tripura,4169794
0,0,0,2020-03-21,0,0,0,Tripura,4169794
0,0,0,2020-03-22,0,0,0,Tripura,4169794
0,0,0,2020-03-23,0,0,0,Tripura,4169794
0,0,0,2020-03-24,0,0,0,Tripura,4169794
0,0,0,2020-03-25,0,0,0,Tripura,4169794
0,0,0,2020-03-26,0,0,0,Tripura,4169794
0,0,0,2020-03-27,0,0,0,Tripura,4169794
0,0,0,2020-03-28,0,0,0,Tripura,4169794
0,0,0,2020-03-29,0,0,0,Tripura,4169794
0,0,0,2020-03-30,0,0,0,Tripura,4169794
0,0,0,2020-03-31,0,0,0,Tripura,4169794
0,0,0,2020-04-01,0,0,0,Tripura,4169794
0,0,0,2020-04-02,0,0,0,Tripura,4169794
0,0,0,2020-04-03,0,0,0,Tripura,4169794
0,0,0,2020-04-04,0,0,0,Tripura,4169794
0,0,0,2020-04-05,0,0,0,Tripura,4169794
1,0,0,2020-04-06,1,0,0,Tripura,4169794
0,0,0,2020-04-07,1,0,0,Tripura,4169794
0,0,0,2020-04-08,1,0,0,Tripura,4169794
0,0,0,2020-04-09,1,0,0,Tripura,4169794
1,0,0,2020-04-10,2,0,0,Tripura,4169794
0,0,0,2020-04-11,2,0,0,Tripura,4169794
0,0,0,2020-04-12,2,0,0,Tripura,4169794
0,0,0,2020-04-13,2,0,0,Tripura,4169794
0,0,0,2020-04-14,2,0,0,Tripura,4169794
0,0,1,2020-04-15,2,0,1,Tripura,4169794
0,0,0,2020-04-16,2,0,1,Tripura,4169794
0,0,0,2020-04-17,2,0,1,Tripura,4169794
0,0,0,2020-04-18,2,0,1,Tripura,4169794
0,0,0,2020-04-19,2,0,1,Tripura,4169794
0,0,0,2020-04-20,2,0,1,Tripura,4169794
0,0,0,2020-04-21,2,0,1,Tripura,4169794
0,0,0,2020-04-22,2,0,1,Tripura,4169794
0,0,1,2020-04-23,2,0,2,Tripura,4169794
0,0,0,2020-04-24,2,0,2,Tripura,4169794
0,0,0,2020-04-25,2,0,2,Tripura,4169794
0,0,0,2020-04-26,2,0,2,Tripura,4169794
0,0,0,2020-04-27,2,0,2,Tripura,4169794
0,0,0,2020-04-28,2,0,2,Tripura,4169794
0,0,0,2020-04-29,2,0,2,Tripura,4169794
1,0,0,2020-04-30,3,0,2,Tripura,4169794
0,0,0,2020-05-01,3,0,2,Tripura,4169794
2,0,0,2020-05-02,5,0,2,Tripura,4169794
12,0,0,2020-05-03,17,0,2,Tripura,4169794
13,0,0,2020-05-04,30,0,2,Tripura,4169794
13,0,0,2020-05-05,43,0,2,Tripura,4169794
22,0,0,2020-05-06,65,0,2,Tripura,4169794
24,0,0,2020-05-07,89,0,2,Tripura,4169794
30,0,0,2020-05-08,119,0,2,Tripura,4169794
17,0,0,2020-05-09,136,0,2,Tripura,4169794
16,0,0,2020-05-10,152,0,2,Tripura,4169794
0,0,0,2020-05-11,152,0,2,Tripura,4169794
2,0,0,2020-05-12,154,0,2,Tripura,4169794
1,0,0,2020-05-13,155,0,2,Tripura,4169794
1,0,27,2020-05-14,156,0,29,Tripura,4169794
0,0,13,2020-05-15,156,0,42,Tripura,4169794
11,0,22,2020-05-16,167,0,64,Tripura,4169794
-2,0,21,2020-05-17,165,0,85,Tripura,4169794
0,0,4,2020-05-18,165,0,89,Tripura,4169794
8,0,27,2020-05-19,173,0,116,Tripura,4169794
0,0,0,2020-05-20,173,0,116,Tripura,4169794
2,0,32,2020-05-21,175,0,148,Tripura,4169794
0,0,4,2020-05-22,175,0,152,Tripura,4169794
16,0,0,2020-05-23,191,0,152,Tripura,4169794
3,0,13,2020-05-24,194,0,165,Tripura,4169794
4,0,0,2020-05-25,198,0,165,Tripura,4169794
34,0,0,2020-05-26,232,0,165,Tripura,4169794
10,0,0,2020-05-27,242,0,165,Tripura,4169794
2,0,2,2020-05-28,244,0,167,Tripura,4169794
10,0,0,2020-05-29,254,0,167,Tripura,4169794
17,0,5,2020-05-30,271,0,172,Tripura,4169794
45,0,1,2020-05-31,316,0,173,Tripura,4169794
107,0,0,2020-06-01,423,0,173,Tripura,4169794
48,0,0,2020-06-02,471,0,173,Tripura,4169794
151,0,0,2020-06-03,622,0,173,Tripura,4169794
24,0,0,2020-06-04,646,0,173,Tripura,4169794
48,0,0,2020-06-05,694,0,173,Tripura,4169794
55,0,0,2020-06-06,749,0,173,Tripura,4169794
53,0,19,2020-06-07,802,0,192,Tripura,4169794
38,0,0,2020-06-08,840,0,192,Tripura,4169794
26,1,0,2020-06-09,866,1,192,Tripura,4169794
31,0,47,2020-06-10,897,1,239,Tripura,4169794
25,0,39,2020-06-11,922,1,278,Tripura,4169794
41,0,0,2020-06-12,963,1,278,Tripura,4169794
83,0,37,2020-06-13,1046,1,315,Tripura,4169794
33,0,118,2020-06-14,1079,1,433,Tripura,4169794
10,0,0,2020-06-15,1089,1,433,Tripura,4169794
1,0,123,2020-06-16,1090,1,556,Tripura,4169794
43,0,0,2020-06-17,1133,1,556,Tripura,4169794
21,0,83,2020-06-18,1154,1,639,Tripura,4169794
27,0,18,2020-06-19,1181,1,657,Tripura,4169794
8,0,23,2020-06-20,1189,1,680,Tripura,4169794
35,0,79,2020-06-21,1224,1,759,Tripura,4169794
16,0,23,2020-06-22,1240,1,782,Tripura,4169794
23,0,25,2020-06-23,1263,1,807,Tripura,4169794
0,0,97,2020-06-24,1263,1,904,Tripura,4169794
32,0,122,2020-06-25,1295,1,1026,Tripura,4169794
35,0,36,2020-06-26,1330,1,1062,Tripura,4169794
9,0,16,2020-06-27,1339,1,1078,Tripura,4169794
12,0,8,2020-06-28,1351,1,1086,Tripura,4169794
34,0,6,2020-06-29,1385,1,1092,Tripura,4169794
8,0,0,2020-06-30,1393,1,1092,Tripura,4169794
8,0,1,2020-07-01,1401,1,1093,Tripura,4169794
39,0,53,2020-07-02,1440,1,1146,Tripura,4169794
93,0,53,2020-07-03,1533,1,1199,Tripura,4169794
25,0,3,2020-07-04,1558,1,1202,Tripura,4169794
23,0,4,2020-07-05,1581,1,1206,Tripura,4169794
111,0,13,2020-07-06,1692,1,1219,Tripura,4169794
24,0,29,2020-07-07,1716,1,1248,Tripura,4169794
57,0,76,2020-07-08,1773,1,1324,Tripura,4169794
16,0,14,2020-07-09,1789,1,1338,Tripura,4169794
142,0,34,2020-07-10,1931,1,1372,Tripura,4169794
31,1,3,2020-07-11,1962,2,1375,Tripura,4169794
105,0,46,2020-07-12,2067,2,1421,Tripura,4169794
26,0,54,2020-07-13,2093,2,1475,Tripura,4169794
90,0,63,2020-07-14,2183,2,1538,Tripura,4169794
98,1,66,2020-07-15,2281,3,1604,Tripura,4169794
98,0,33,2020-07-16,2379,3,1637,Tripura,4169794
118,0,47,2020-07-17,2497,3,1684,Tripura,4169794
171,2,51,2020-07-18,2668,5,1735,Tripura,4169794
223,0,24,2020-07-19,2891,5,1759,Tripura,4169794
202,2,86,2020-07-20,3093,7,1845,Tripura,4169794
252,1,81,2020-07-21,3345,8,1926,Tripura,4169794
126,1,107,2020-07-22,3471,9,2033,Tripura,4169794
206,1,39,2020-07-23,3677,10,2072,Tripura,4169794
100,1,59,2020-07-24,3777,11,2131,Tripura,4169794
105,0,79,2020-07-25,3882,11,2210,Tripura,4169794
37,2,152,2020-07-26,3919,13,2362,Tripura,4169794
147,4,105,2020-07-27,4066,17,2467,Tripura,4169794
221,4,154,2020-07-28,4287,21,2621,Tripura,4169794
216,0,57,2020-07-29,4503,21,2678,Tripura,4169794
219,0,284,2020-07-30,4722,21,2962,Tripura,4169794
274,0,365,2020-07-31,4996,21,3327,Tripura,4169794
252,2,136,2020-08-01,5248,23,3463,Tripura,4169794
141,4,142,2020-08-02,5389,27,3605,Tripura,4169794
0,0,0,2020-08-03,5389,27,3605,Tripura,4169794
131,1,70,2020-08-04,5520,28,3675,Tripura,4169794
122,2,50,2020-08-05,5642,30,3725,Tripura,4169794
98,1,68,2020-08-06,5740,31,3793,Tripura,4169794
128,5,67,2020-08-07,5868,36,3860,Tripura,4169794
146,1,224,2020-08-08,6014,37,4084,Tripura,4169794
147,4,92,2020-08-09,6161,41,4176,Tripura,4169794
62,1,267,2020-08-10,6223,42,4443,Tripura,4169794
164,1,213,2020-08-11,6387,43,4656,Tripura,4169794
110,0,182,2020-08-12,6497,43,4838,Tripura,4169794
121,1,74,2020-08-13,6618,44,4912,Tripura,4169794
164,2,103,2020-08-14,6782,46,5015,Tripura,4169794
167,4,73,2020-08-15,6949,50,5088,Tripura,4169794
127,5,63,2020-08-16,7076,55,5151,Tripura,4169794
143,4,135,2020-08-17,7219,59,5286,Tripura,4169794
205,3,118,2020-08-18,7424,62,5404,Tripura,4169794
236,3,93,2020-08-19,7660,65,5497,Tripura,4169794
190,0,68,2020-08-20,7850,65,5565,Tripura,4169794
256,4,86,2020-08-21,8106,69,5651,Tripura,4169794
280,1,410,2020-08-22,8386,70,6061,Tripura,4169794
331,2,121,2020-08-23,8717,72,6182,Tripura,4169794
200,1,159,2020-08-24,8917,73,6341,Tripura,4169794
293,6,73,2020-08-25,9210,79,6414,Tripura,4169794
329,4,160,2020-08-26,9539,83,6574,Tripura,4169794
385,2,123,2020-08-27,9924,85,6697,Tripura,4169794
509,4,142,2020-08-28,10433,89,6839,Tripura,4169794
443,5,198,2020-08-29,10876,94,7037,Tripura,4169794
447,4,195,2020-08-30,11323,98,7232,Tripura,4169794
321,5,201,2020-08-31,11644,103,7433,Tripura,4169794
509,10,221,2020-09-01,12153,113,7654,Tripura,4169794
566,5,193,2020-09-02,12719,118,7847,Tripura,4169794
590,8,186,2020-09-03,13309,126,8033,Tripura,4169794
524,3,179,2020-09-04,13833,129,8212,Tripura,4169794
691,7,271,2020-09-05,14524,136,8483,Tripura,4169794
603,8,262,2020-09-06,15127,144,8745,Tripura,4169794
399,5,303,2020-09-07,15526,149,9048,Tripura,4169794
628,3,294,2020-09-08,16154,152,9342,Tripura,4169794
582,9,311,2020-09-09,16736,161,9653,Tripura,4169794
535,6,340,2020-09-10,17271,167,9993,Tripura,4169794
559,5,262,2020-09-11,17830,172,10255,Tripura,4169794
470,10,479,2020-09-12,18300,182,10734,Tripura,4169794
629,12,398,2020-09-13,18929,194,11132,Tripura,4169794
255,6,404,2020-09-14,19184,200,11536,Tripura,4169794
531,7,389,2020-09-15,19715,207,11925,Tripura,4169794
454,10,510,2020-09-16,20169,217,12435,Tripura,4169794
527,5,521,2020-09-17,20696,222,12956,Tripura,4169794
273,6,603,2020-09-18,20969,228,13559,Tripura,4169794
535,7,583,2020-09-19,21504,235,14142,Tripura,4169794
525,4,645,2020-09-20,22029,239,14787,Tripura,4169794
243,6,654,2020-09-21,22272,245,15441,Tripura,4169794
559,3,419,2020-09-22,22831,248,15860,Tripura,4169794
504,2,603,2020-09-23,23335,250,16463,Tripura,4169794
451,7,492,2020-09-24,23786,257,16955,Tripura,4169794
341,5,509,2020-09-25,24127,262,17464,Tripura,4169794
278,3,505,2020-09-26,24405,265,17969,Tripura,4169794
320,2,400,2020-09-27,24725,267,18369,Tripura,4169794
193,3,567,2020-09-28,24918,270,18936,Tripura,4169794
432,3,244,2020-09-29,25350,273,19180,Tripura,4169794
381,1,489,2020-09-30,25731,274,19669,Tripura,4169794
332,6,400,2020-10-01,26063,280,20069,Tripura,4169794
296,3,504,2020-10-02,26359,283,20573,Tripura,4169794
190,3,301,2020-10-03,26549,286,20874,Tripura,4169794
322,4,513,2020-10-04,26871,290,21387,Tripura,4169794
159,6,466,2020-10-05,27030,296,21853,Tripura,4169794
275,2,255,2020-10-06,27305,298,22108,Tripura,4169794
237,0,546,2020-10-07,27542,298,22654,Tripura,4169794
214,3,389,2020-10-08,27756,301,23043,Tripura,4169794
223,7,408,2020-10-09,27979,308,23451,Tripura,4169794
171,2,327,2020-10-10,28150,310,23778,Tripura,4169794
199,2,285,2020-10-11,28349,312,24063,Tripura,4169794
109,1,317,2020-10-12,28458,313,24380,Tripura,4169794
217,1,220,2020-10-13,28675,314,24600,Tripura,4169794
181,1,418,2020-10-14,28856,315,25018,Tripura,4169794
172,1,353,2020-10-15,29028,316,25371,Tripura,4169794
162,4,371,2020-10-16,29190,320,25742,Tripura,4169794
134,3,270,2020-10-17,29324,323,26012,Tripura,4169794
141,3,187,2020-10-18,29465,326,26199,Tripura,4169794
85,2,328,2020-10-19,29550,328,26527,Tripura,4169794
135,0,198,2020-10-20,29685,328,26725,Tripura,4169794
112,1,265,2020-10-21,29797,329,26990,Tripura,4169794
125,2,239,2020-10-22,29922,331,27229,Tripura,4169794
12,0,4,2020-03-14,12,0,4,Uttar Pradesh,237882725
1,0,0,2020-03-15,13,0,4,Uttar Pradesh,237882725
0,0,0,2020-03-16,13,0,4,Uttar Pradesh,237882725
2,0,1,2020-03-17,15,0,5,Uttar Pradesh,237882725
2,0,0,2020-03-18,17,0,5,Uttar Pradesh,237882725
3,0,4,2020-03-19,20,0,9,Uttar Pradesh,237882725
4,0,0,2020-03-20,24,0,9,Uttar Pradesh,237882725
4,0,0,2020-03-21,28,0,9,Uttar Pradesh,237882725
2,0,0,2020-03-22,30,0,9,Uttar Pradesh,237882725
2,0,0,2020-03-23,32,0,9,Uttar Pradesh,237882725
3,0,2,2020-03-24,35,0,11,Uttar Pradesh,237882725
3,0,0,2020-03-25,38,0,11,Uttar Pradesh,237882725
4,0,0,2020-03-26,42,0,11,Uttar Pradesh,237882725
7,0,0,2020-03-27,49,0,11,Uttar Pradesh,237882725
16,0,0,2020-03-28,65,0,11,Uttar Pradesh,237882725
7,0,0,2020-03-29,72,0,11,Uttar Pradesh,237882725
24,0,6,2020-03-30,96,0,17,Uttar Pradesh,237882725
8,0,0,2020-03-31,104,0,17,Uttar Pradesh,237882725
13,2,0,2020-04-01,117,2,17,Uttar Pradesh,237882725
11,0,0,2020-04-02,128,2,17,Uttar Pradesh,237882725
46,0,0,2020-04-03,174,2,17,Uttar Pradesh,237882725
60,0,4,2020-04-04,234,2,21,Uttar Pradesh,237882725
44,1,0,2020-04-05,278,3,21,Uttar Pradesh,237882725
27,0,0,2020-04-06,305,3,21,Uttar Pradesh,237882725
27,0,0,2020-04-07,332,3,21,Uttar Pradesh,237882725
29,1,10,2020-04-08,361,4,31,Uttar Pradesh,237882725
49,0,0,2020-04-09,410,4,31,Uttar Pradesh,237882725
23,0,1,2020-04-10,433,4,32,Uttar Pradesh,237882725
19,1,13,2020-04-11,452,5,45,Uttar Pradesh,237882725
31,0,0,2020-04-12,483,5,45,Uttar Pradesh,237882725
75,0,4,2020-04-13,558,5,49,Uttar Pradesh,237882725
102,3,1,2020-04-14,660,8,50,Uttar Pradesh,237882725
75,3,7,2020-04-15,735,11,57,Uttar Pradesh,237882725
70,2,11,2020-04-16,805,13,68,Uttar Pradesh,237882725
44,1,14,2020-04-17,849,14,82,Uttar Pradesh,237882725
126,0,26,2020-04-18,975,14,108,Uttar Pradesh,237882725
125,3,19,2020-04-19,1100,17,127,Uttar Pradesh,237882725
84,1,13,2020-04-20,1184,18,140,Uttar Pradesh,237882725
153,3,22,2020-04-21,1337,21,162,Uttar Pradesh,237882725
112,0,11,2020-04-22,1449,21,173,Uttar Pradesh,237882725
61,3,33,2020-04-23,1510,24,206,Uttar Pradesh,237882725
111,1,20,2020-04-24,1621,25,226,Uttar Pradesh,237882725
172,2,35,2020-04-25,1793,27,261,Uttar Pradesh,237882725
80,3,66,2020-04-26,1873,30,327,Uttar Pradesh,237882725
113,1,72,2020-04-27,1986,31,399,Uttar Pradesh,237882725
67,3,63,2020-04-28,2053,34,462,Uttar Pradesh,237882725
81,5,48,2020-04-29,2134,39,510,Uttar Pradesh,237882725
77,1,41,2020-04-30,2211,40,551,Uttar Pradesh,237882725
117,2,103,2020-05-01,2328,42,654,Uttar Pradesh,237882725
159,1,44,2020-05-02,2487,43,698,Uttar Pradesh,237882725
158,0,56,2020-05-03,2645,43,754,Uttar Pradesh,237882725
121,7,48,2020-05-04,2766,50,802,Uttar Pradesh,237882725
114,6,185,2020-05-05,2880,56,987,Uttar Pradesh,237882725
118,4,143,2020-05-06,2998,60,1130,Uttar Pradesh,237882725
73,2,120,2020-05-07,3071,62,1250,Uttar Pradesh,237882725
143,4,137,2020-05-08,3214,66,1387,Uttar Pradesh,237882725
159,8,112,2020-05-09,3373,74,1499,Uttar Pradesh,237882725
94,5,154,2020-05-10,3467,79,1653,Uttar Pradesh,237882725
106,1,105,2020-05-11,3573,80,1758,Uttar Pradesh,237882725
91,2,115,2020-05-12,3664,82,1873,Uttar Pradesh,237882725
94,4,92,2020-05-13,3758,86,1965,Uttar Pradesh,237882725
144,2,107,2020-05-14,3902,88,2072,Uttar Pradesh,237882725
155,7,93,2020-05-15,4057,95,2165,Uttar Pradesh,237882725
201,9,276,2020-05-16,4258,104,2441,Uttar Pradesh,237882725
206,8,195,2020-05-17,4464,112,2636,Uttar Pradesh,237882725
141,6,147,2020-05-18,4605,118,2783,Uttar Pradesh,237882725
321,5,135,2020-05-19,4926,123,2918,Uttar Pradesh,237882725
249,4,148,2020-05-20,5175,127,3066,Uttar Pradesh,237882725
340,11,138,2020-05-21,5515,138,3204,Uttar Pradesh,237882725
220,14,120,2020-05-22,5735,152,3324,Uttar Pradesh,237882725
282,3,82,2020-05-23,6017,155,3406,Uttar Pradesh,237882725
251,6,132,2020-05-24,6268,161,3538,Uttar Pradesh,237882725
229,8,122,2020-05-25,6497,169,3660,Uttar Pradesh,237882725
227,8,164,2020-05-26,6724,177,3824,Uttar Pradesh,237882725
267,5,167,2020-05-27,6991,182,3991,Uttar Pradesh,237882725
179,15,224,2020-05-28,7170,197,4215,Uttar Pradesh,237882725
275,4,195,2020-05-29,7445,201,4410,Uttar Pradesh,237882725
256,12,241,2020-05-30,7701,213,4651,Uttar Pradesh,237882725
374,4,192,2020-05-31,8075,217,4843,Uttar Pradesh,237882725
286,5,187,2020-06-01,8361,222,5030,Uttar Pradesh,237882725
368,7,146,2020-06-02,8729,229,5176,Uttar Pradesh,237882725
141,1,81,2020-06-03,8870,230,5257,Uttar Pradesh,237882725
367,15,182,2020-06-04,9237,245,5439,Uttar Pradesh,237882725
496,12,209,2020-06-05,9733,257,5648,Uttar Pradesh,237882725
370,11,260,2020-06-06,10103,268,5908,Uttar Pradesh,237882725
433,7,277,2020-06-07,10536,275,6185,Uttar Pradesh,237882725
411,8,159,2020-06-08,10947,283,6344,Uttar Pradesh,237882725
388,18,325,2020-06-09,11335,301,6669,Uttar Pradesh,237882725
275,20,302,2020-06-10,11610,321,6971,Uttar Pradesh,237882725
478,24,321,2020-06-11,12088,345,7292,Uttar Pradesh,237882725
528,20,317,2020-06-12,12616,365,7609,Uttar Pradesh,237882725
502,20,266,2020-06-13,13118,385,7875,Uttar Pradesh,237882725
497,14,393,2020-06-14,13615,399,8268,Uttar Pradesh,237882725
476,18,342,2020-06-15,14091,417,8610,Uttar Pradesh,237882725
507,18,294,2020-06-16,14598,435,8904,Uttar Pradesh,237882725
583,30,335,2020-06-17,15181,465,9239,Uttar Pradesh,237882725
604,23,399,2020-06-18,15785,488,9638,Uttar Pradesh,237882725
809,19,357,2020-06-19,16594,507,9995,Uttar Pradesh,237882725
541,22,374,2020-06-20,17135,529,10369,Uttar Pradesh,237882725
596,21,626,2020-06-21,17731,550,10995,Uttar Pradesh,237882725
591,19,606,2020-06-22,18322,569,11601,Uttar Pradesh,237882725
571,19,515,2020-06-23,18893,588,12116,Uttar Pradesh,237882725
664,8,470,2020-06-24,19557,596,12586,Uttar Pradesh,237882725
636,15,533,2020-06-25,20193,611,13119,Uttar Pradesh,237882725
750,19,464,2020-06-26,20943,630,13583,Uttar Pradesh,237882725
606,19,632,2020-06-27,21549,649,14215,Uttar Pradesh,237882725
598,11,593,2020-06-28,22147,660,14808,Uttar Pradesh,237882725
681,12,698,2020-06-29,22828,672,15506,Uttar Pradesh,237882725
664,25,578,2020-06-30,23492,697,16084,Uttar Pradesh,237882725
564,21,545,2020-07-01,24056,718,16629,Uttar Pradesh,237882725
769,17,592,2020-07-02,24825,735,17221,Uttar Pradesh,237882725
972,14,376,2020-07-03,25797,749,17597,Uttar Pradesh,237882725
757,24,557,2020-07-04,26554,773,18154,Uttar Pradesh,237882725
1153,12,607,2020-07-05,27707,785,18761,Uttar Pradesh,237882725
929,24,348,2020-07-06,28636,809,19109,Uttar Pradesh,237882725
1332,18,518,2020-07-07,29968,827,19627,Uttar Pradesh,237882725
1188,18,704,2020-07-08,31156,845,20331,Uttar Pradesh,237882725
1206,17,796,2020-07-09,32362,862,21127,Uttar Pradesh,237882725
1338,27,660,2020-07-10,33700,889,21787,Uttar Pradesh,237882725
1392,24,902,2020-07-11,35092,913,22689,Uttar Pradesh,237882725
1384,21,645,2020-07-12,36476,934,23334,Uttar Pradesh,237882725
1654,21,869,2020-07-13,38130,955,24203,Uttar Pradesh,237882725
1594,28,778,2020-07-14,39724,983,24981,Uttar Pradesh,237882725
1659,29,762,2020-07-15,41383,1012,25743,Uttar Pradesh,237882725
2058,34,932,2020-07-16,43441,1046,26675,Uttar Pradesh,237882725
1722,38,959,2020-07-17,45163,1084,27634,Uttar Pradesh,237882725
1873,24,1030,2020-07-18,47036,1108,28664,Uttar Pradesh,237882725
2211,38,1181,2020-07-19,49247,1146,29845,Uttar Pradesh,237882725
1913,46,986,2020-07-20,51160,1192,30831,Uttar Pradesh,237882725
2128,37,1024,2020-07-21,53288,1229,31855,Uttar Pradesh,237882725
2300,34,1645,2020-07-22,55588,1263,33500,Uttar Pradesh,237882725
2516,35,2303,2020-07-23,58104,1298,35803,Uttar Pradesh,237882725
2667,50,1909,2020-07-24,60771,1348,37712,Uttar Pradesh,237882725
2971,39,2191,2020-07-25,63742,1387,39903,Uttar Pradesh,237882725
3246,39,1738,2020-07-26,66988,1426,41641,Uttar Pradesh,237882725
3505,30,1192,2020-07-27,70493,1456,42833,Uttar Pradesh,237882725
3458,41,1687,2020-07-28,73951,1497,44520,Uttar Pradesh,237882725
3383,33,1287,2020-07-29,77334,1530,45807,Uttar Pradesh,237882725
3705,57,996,2020-07-30,81039,1587,46803,Uttar Pradesh,237882725
4422,43,2060,2020-07-31,85461,1630,48863,Uttar Pradesh,237882725
3587,47,2471,2020-08-01,89048,1677,51334,Uttar Pradesh,237882725
3873,53,2023,2020-08-02,92921,1730,53357,Uttar Pradesh,237882725
4441,48,2036,2020-08-03,97362,1778,55393,Uttar Pradesh,237882725
2948,39,1878,2020-08-04,100310,1817,57271,Uttar Pradesh,237882725
4078,40,3287,2020-08-05,104388,1857,60558,Uttar Pradesh,237882725
4586,61,2844,2020-08-06,108974,1918,63402,Uttar Pradesh,237882725
4404,63,3432,2020-08-07,113378,1981,66834,Uttar Pradesh,237882725
4660,47,2999,2020-08-08,118038,2028,69833,Uttar Pradesh,237882725
4571,41,2817,2020-08-09,122609,2069,72650,Uttar Pradesh,237882725
4113,51,4074,2020-08-10,126722,2120,76724,Uttar Pradesh,237882725
5041,56,3865,2020-08-11,131763,2176,80589,Uttar Pradesh,237882725
4475,54,4072,2020-08-12,136238,2230,84661,Uttar Pradesh,237882725
4537,50,4125,2020-08-13,140775,2280,88786,Uttar Pradesh,237882725
4512,55,3740,2020-08-14,145287,2335,92526,Uttar Pradesh,237882725
4774,58,3705,2020-08-15,150061,2393,96231,Uttar Pradesh,237882725
4357,56,4201,2020-08-16,154418,2449,100432,Uttar Pradesh,237882725
3798,66,4376,2020-08-17,158216,2515,104808,Uttar Pradesh,237882725
4218,70,4799,2020-08-18,162434,2585,109607,Uttar Pradesh,237882725
5076,53,5620,2020-08-19,167510,2638,115227,Uttar Pradesh,237882725
4824,95,5863,2020-08-20,172334,2733,121090,Uttar Pradesh,237882725
4905,64,5567,2020-08-21,177239,2797,126657,Uttar Pradesh,237882725
5217,70,4638,2020-08-22,182456,2867,131295,Uttar Pradesh,237882725
5325,59,4318,2020-08-23,187781,2926,135613,Uttar Pradesh,237882725
4601,61,4494,2020-08-24,192382,2987,140107,Uttar Pradesh,237882725
5006,72,4647,2020-08-25,197388,3059,144754,Uttar Pradesh,237882725
5640,82,3808,2020-08-26,203028,3141,148562,Uttar Pradesh,237882725
5391,76,4331,2020-08-27,208419,3217,152893,Uttar Pradesh,237882725
5405,77,4986,2020-08-28,213824,3294,157879,Uttar Pradesh,237882725
5633,62,4862,2020-08-29,219457,3356,162741,Uttar Pradesh,237882725
6175,67,4802,2020-08-30,225632,3423,167543,Uttar Pradesh,237882725
4782,63,4597,2020-08-31,230414,3486,172140,Uttar Pradesh,237882725
5343,56,4537,2020-09-01,235757,3542,176677,Uttar Pradesh,237882725
5682,74,4687,2020-09-02,241439,3616,181364,Uttar Pradesh,237882725
5662,75,4448,2020-09-03,247101,3691,185812,Uttar Pradesh,237882725
6074,71,5006,2020-09-04,253175,3762,190818,Uttar Pradesh,237882725
6590,81,5141,2020-09-05,259765,3843,195959,Uttar Pradesh,237882725
6518,77,4779,2020-09-06,266283,3920,200738,Uttar Pradesh,237882725
5568,56,4993,2020-09-07,271851,3976,205731,Uttar Pradesh,237882725
6622,71,5439,2020-09-08,278473,4047,211170,Uttar Pradesh,237882725
6568,65,5731,2020-09-09,285041,4112,216901,Uttar Pradesh,237882725
6988,94,4605,2020-09-10,292029,4206,221506,Uttar Pradesh,237882725
7016,76,5936,2020-09-11,299045,4282,227442,Uttar Pradesh,237882725
6786,67,6085,2020-09-12,305831,4349,233527,Uttar Pradesh,237882725
6205,80,5958,2020-09-13,312036,4429,239485,Uttar Pradesh,237882725
5159,62,5932,2020-09-14,317195,4491,245417,Uttar Pradesh,237882725
6841,113,6680,2020-09-15,324036,4604,252097,Uttar Pradesh,237882725
6229,86,6476,2020-09-16,330265,4690,258573,Uttar Pradesh,237882725
6029,81,4715,2020-09-17,336294,4771,263288,Uttar Pradesh,237882725
6494,98,6806,2020-09-18,342788,4869,270094,Uttar Pradesh,237882725
5729,84,6596,2020-09-19,348517,4953,276690,Uttar Pradesh,237882725
5758,94,6584,2020-09-20,354275,5047,283274,Uttar Pradesh,237882725
4618,88,6320,2020-09-21,358893,5135,289594,Uttar Pradesh,237882725
5650,77,6589,2020-09-22,364543,5212,296183,Uttar Pradesh,237882725
5143,87,6506,2020-09-23,369686,5299,302689,Uttar Pradesh,237882725
4591,67,4922,2020-09-24,374277,5366,307611,Uttar Pradesh,237882725
4256,84,6075,2020-09-25,378533,5450,313686,Uttar Pradesh,237882725
4302,67,6546,2020-09-26,382835,5517,320232,Uttar Pradesh,237882725
4250,77,5656,2020-09-27,387085,5594,325888,Uttar Pradesh,237882725
3790,58,5382,2020-09-28,390875,5652,331270,Uttar Pradesh,237882725
3981,63,5711,2020-09-29,394856,5715,336981,Uttar Pradesh,237882725
4226,69,5434,2020-09-30,399082,5784,342415,Uttar Pradesh,237882725
4019,80,4444,2020-10-01,403101,5864,346859,Uttar Pradesh,237882725
3894,53,5107,2020-10-02,406995,5917,351966,Uttar Pradesh,237882725
3631,60,4860,2020-10-03,410626,5977,356826,Uttar Pradesh,237882725
3840,52,5226,2020-10-04,414466,6029,362052,Uttar Pradesh,237882725
2971,63,4269,2020-10-05,417437,6092,366321,Uttar Pradesh,237882725
3500,61,4432,2020-10-06,420937,6153,370753,Uttar Pradesh,237882725
3389,47,4219,2020-10-07,424326,6200,374972,Uttar Pradesh,237882725
3133,45,3690,2020-10-08,427459,6245,378662,Uttar Pradesh,237882725
3207,48,4424,2020-10-09,430666,6293,383086,Uttar Pradesh,237882725
3046,60,4063,2020-10-10,433712,6353,387149,Uttar Pradesh,237882725
3267,41,3417,2020-10-11,436979,6394,390566,Uttar Pradesh,237882725
2182,44,3342,2020-10-12,439161,6438,393908,Uttar Pradesh,237882725
2957,28,3662,2020-10-13,442118,6466,397570,Uttar Pradesh,237882725
2593,41,3736,2020-10-14,444711,6507,401306,Uttar Pradesh,237882725
2672,36,3239,2020-10-15,447383,6543,404545,Uttar Pradesh,237882725
2552,46,3538,2020-10-16,449935,6589,408083,Uttar Pradesh,237882725
2725,40,3528,2020-10-17,452660,6629,411611,Uttar Pradesh,237882725
2486,29,3981,2020-10-18,455146,6658,415592,Uttar Pradesh,237882725
1719,27,3093,2020-10-19,456865,6685,418685,Uttar Pradesh,237882725
2289,29,3339,2020-10-20,459154,6714,422024,Uttar Pradesh,237882725
2321,41,3332,2020-10-21,461475,6755,425356,Uttar Pradesh,237882725
2383,35,2581,2020-10-22,463858,6790,427937,Uttar Pradesh,237882725
0,0,0,2020-03-14,0,0,0,Uttarakhand,11250858
0,0,0,2020-03-15,0,0,0,Uttarakhand,11250858
1,0,0,2020-03-16,1,0,0,Uttarakhand,11250858
0,0,0,2020-03-17,1,0,0,Uttarakhand,11250858
1,0,0,2020-03-18,2,0,0,Uttarakhand,11250858
1,0,0,2020-03-19,3,0,0,Uttarakhand,11250858
0,0,0,2020-03-20,3,0,0,Uttarakhand,11250858
0,0,0,2020-03-21,3,0,0,Uttarakhand,11250858
0,0,0,2020-03-22,3,0,0,Uttarakhand,11250858
1,0,0,2020-03-23,4,0,0,Uttarakhand,11250858
0,0,0,2020-03-24,4,0,0,Uttarakhand,11250858
1,0,0,2020-03-25,5,0,0,Uttarakhand,11250858
0,0,0,2020-03-26,5,0,0,Uttarakhand,11250858
0,0,0,2020-03-27,5,0,0,Uttarakhand,11250858
1,0,1,2020-03-28,6,0,1,Uttarakhand,11250858
1,0,0,2020-03-29,7,0,1,Uttarakhand,11250858
0,0,1,2020-03-30,7,0,2,Uttarakhand,11250858
0,0,0,2020-03-31,7,0,2,Uttarakhand,11250858
0,0,0,2020-04-01,7,0,2,Uttarakhand,11250858
3,0,0,2020-04-02,10,0,2,Uttarakhand,11250858
6,0,0,2020-04-03,16,0,2,Uttarakhand,11250858
6,0,0,2020-04-04,22,0,2,Uttarakhand,11250858
4,0,2,2020-04-05,26,0,4,Uttarakhand,11250858
5,0,0,2020-04-06,31,0,4,Uttarakhand,11250858
0,0,0,2020-04-07,31,0,4,Uttarakhand,11250858
4,0,1,2020-04-08,35,0,5,Uttarakhand,11250858
0,0,0,2020-04-09,35,0,5,Uttarakhand,11250858
0,0,0,2020-04-10,35,0,5,Uttarakhand,11250858
0,0,0,2020-04-11,35,0,5,Uttarakhand,11250858
0,0,0,2020-04-12,35,0,5,Uttarakhand,11250858
0,0,2,2020-04-13,35,0,7,Uttarakhand,11250858
2,0,2,2020-04-14,37,0,9,Uttarakhand,11250858
0,0,0,2020-04-15,37,0,9,Uttarakhand,11250858
0,0,0,2020-04-16,37,0,9,Uttarakhand,11250858
3,0,0,2020-04-17,40,0,9,Uttarakhand,11250858
2,0,0,2020-04-18,42,0,9,Uttarakhand,11250858
2,0,2,2020-04-19,44,0,11,Uttarakhand,11250858
2,0,7,2020-04-20,46,0,18,Uttarakhand,11250858
0,0,1,2020-04-21,46,0,19,Uttarakhand,11250858
0,0,4,2020-04-22,46,0,23,Uttarakhand,11250858
1,0,1,2020-04-23,47,0,24,Uttarakhand,11250858
1,0,1,2020-04-24,48,0,25,Uttarakhand,11250858
0,0,1,2020-04-25,48,0,26,Uttarakhand,11250858
3,0,0,2020-04-26,51,0,26,Uttarakhand,11250858
0,0,0,2020-04-27,51,0,26,Uttarakhand,11250858
3,0,0,2020-04-28,54,0,26,Uttarakhand,11250858
1,0,2,2020-04-29,55,0,28,Uttarakhand,11250858
2,0,8,2020-04-30,57,0,36,Uttarakhand,11250858
0,1,1,2020-05-01,57,1,37,Uttarakhand,11250858
2,0,2,2020-05-02,59,1,39,Uttarakhand,11250858
1,0,0,2020-05-03,60,1,39,Uttarakhand,11250858
0,0,0,2020-05-04,60,1,39,Uttarakhand,11250858
1,0,0,2020-05-05,61,1,39,Uttarakhand,11250858
0,0,0,2020-05-06,61,1,39,Uttarakhand,11250858
0,0,0,2020-05-07,61,1,39,Uttarakhand,11250858
2,0,6,2020-05-08,63,1,45,Uttarakhand,11250858
4,0,1,2020-05-09,67,1,46,Uttarakhand,11250858
1,0,0,2020-05-10,68,1,46,Uttarakhand,11250858
0,0,0,2020-05-11,68,1,46,Uttarakhand,11250858
1,0,0,2020-05-12,69,1,46,Uttarakhand,11250858
3,0,0,2020-05-13,72,1,46,Uttarakhand,11250858
6,0,4,2020-05-14,78,1,50,Uttarakhand,11250858
4,0,1,2020-05-15,82,1,51,Uttarakhand,11250858
9,0,0,2020-05-16,91,1,51,Uttarakhand,11250858
1,0,1,2020-05-17,92,1,52,Uttarakhand,11250858
4,0,0,2020-05-18,96,1,52,Uttarakhand,11250858
15,0,0,2020-05-19,111,1,52,Uttarakhand,11250858
15,0,1,2020-05-20,126,1,53,Uttarakhand,11250858
19,0,0,2020-05-21,145,1,53,Uttarakhand,11250858
8,0,0,2020-05-22,153,1,53,Uttarakhand,11250858
91,0,2,2020-05-23,244,1,55,Uttarakhand,11250858
73,2,3,2020-05-24,317,3,58,Uttarakhand,11250858
32,1,0,2020-05-25,349,4,58,Uttarakhand,11250858
51,0,6,2020-05-26,400,4,64,Uttarakhand,11250858
69,0,15,2020-05-27,469,4,79,Uttarakhand,11250858
31,0,0,2020-05-28,500,4,79,Uttarakhand,11250858
216,0,23,2020-05-29,716,4,102,Uttarakhand,11250858
33,1,0,2020-05-30,749,5,102,Uttarakhand,11250858
158,0,0,2020-05-31,907,5,102,Uttarakhand,11250858
52,0,120,2020-06-01,959,5,222,Uttarakhand,11250858
84,2,30,2020-06-02,1043,7,252,Uttarakhand,11250858
42,1,7,2020-06-03,1085,8,259,Uttarakhand,11250858
68,2,38,2020-06-04,1153,10,297,Uttarakhand,11250858
62,1,47,2020-06-05,1215,11,344,Uttarakhand,11250858
88,0,78,2020-06-06,1303,11,422,Uttarakhand,11250858
52,2,106,2020-06-07,1355,13,528,Uttarakhand,11250858
56,0,186,2020-06-08,1411,13,714,Uttarakhand,11250858
126,0,41,2020-06-09,1537,13,755,Uttarakhand,11250858
25,2,76,2020-06-10,1562,15,831,Uttarakhand,11250858
93,1,55,2020-06-11,1655,16,886,Uttarakhand,11250858
69,5,61,2020-06-12,1724,21,947,Uttarakhand,11250858
61,2,130,2020-06-13,1785,23,1077,Uttarakhand,11250858
34,1,34,2020-06-14,1819,24,1111,Uttarakhand,11250858
26,0,78,2020-06-15,1845,24,1189,Uttarakhand,11250858
97,1,27,2020-06-16,1942,25,1216,Uttarakhand,11250858
81,1,38,2020-06-17,2023,26,1254,Uttarakhand,11250858
80,0,132,2020-06-18,2103,26,1386,Uttarakhand,11250858
74,0,47,2020-06-19,2177,26,1433,Uttarakhand,11250858
124,1,17,2020-06-20,2301,27,1450,Uttarakhand,11250858
43,0,50,2020-06-21,2344,27,1500,Uttarakhand,11250858
58,1,21,2020-06-22,2402,28,1521,Uttarakhand,11250858
133,2,81,2020-06-23,2535,30,1602,Uttarakhand,11250858
88,5,119,2020-06-24,2623,35,1721,Uttarakhand,11250858
68,1,37,2020-06-25,2691,36,1758,Uttarakhand,11250858
34,1,64,2020-06-26,2725,37,1822,Uttarakhand,11250858
66,0,87,2020-06-27,2791,37,1909,Uttarakhand,11250858
32,1,109,2020-06-28,2823,38,2018,Uttarakhand,11250858
8,1,93,2020-06-29,2831,39,2111,Uttarakhand,11250858
50,2,120,2020-06-30,2881,41,2231,Uttarakhand,11250858
66,0,86,2020-07-01,2947,41,2317,Uttarakhand,11250858
37,1,88,2020-07-02,2984,42,2405,Uttarakhand,11250858
64,0,76,2020-07-03,3048,42,2481,Uttarakhand,11250858
45,0,21,2020-07-04,3093,42,2502,Uttarakhand,11250858
31,0,22,2020-07-05,3124,42,2524,Uttarakhand,11250858
37,0,62,2020-07-06,3161,42,2586,Uttarakhand,11250858
69,1,35,2020-07-07,3230,43,2621,Uttarakhand,11250858
28,3,29,2020-07-08,3258,46,2650,Uttarakhand,11250858
47,0,22,2020-07-09,3305,46,2672,Uttarakhand,11250858
68,0,34,2020-07-10,3373,46,2706,Uttarakhand,11250858
44,0,12,2020-07-11,3417,46,2718,Uttarakhand,11250858
120,1,68,2020-07-12,3537,47,2786,Uttarakhand,11250858
71,2,70,2020-07-13,3608,49,2856,Uttarakhand,11250858
78,1,11,2020-07-14,3686,50,2867,Uttarakhand,11250858
99,0,81,2020-07-15,3785,50,2948,Uttarakhand,11250858
197,0,47,2020-07-16,3982,50,2995,Uttarakhand,11250858
120,1,26,2020-07-17,4102,51,3021,Uttarakhand,11250858
174,1,60,2020-07-18,4276,52,3081,Uttarakhand,11250858
239,0,35,2020-07-19,4515,52,3116,Uttarakhand,11250858
127,3,96,2020-07-20,4642,55,3212,Uttarakhand,11250858
207,0,85,2020-07-21,4849,55,3297,Uttarakhand,11250858
451,2,52,2020-07-22,5300,57,3349,Uttarakhand,11250858
145,3,50,2020-07-23,5445,60,3399,Uttarakhand,11250858
272,2,42,2020-07-24,5717,62,3441,Uttarakhand,11250858
244,1,54,2020-07-25,5961,63,3495,Uttarakhand,11250858
143,0,71,2020-07-26,6104,63,3566,Uttarakhand,11250858
224,3,109,2020-07-27,6328,66,3675,Uttarakhand,11250858
259,4,45,2020-07-28,6587,70,3720,Uttarakhand,11250858
279,2,91,2020-07-29,6866,72,3811,Uttarakhand,11250858
199,4,185,2020-07-30,7065,76,3996,Uttarakhand,11250858
118,4,172,2020-07-31,7183,80,4168,Uttarakhand,11250858
264,3,162,2020-08-01,7447,83,4330,Uttarakhand,11250858
146,3,107,2020-08-02,7593,86,4437,Uttarakhand,11250858
207,4,101,2020-08-03,7800,90,4538,Uttarakhand,11250858
208,5,309,2020-08-04,8008,95,4847,Uttarakhand,11250858
246,3,386,2020-08-05,8254,98,5233,Uttarakhand,11250858
369,4,194,2020-08-06,8623,102,5427,Uttarakhand,11250858
278,10,304,2020-08-07,8901,112,5731,Uttarakhand,11250858
501,5,232,2020-08-08,9402,117,5963,Uttarakhand,11250858
230,8,171,2020-08-09,9632,125,6134,Uttarakhand,11250858
389,9,167,2020-08-10,10021,134,6301,Uttarakhand,11250858
411,2,169,2020-08-11,10432,136,6470,Uttarakhand,11250858
454,4,217,2020-08-12,10886,140,6687,Uttarakhand,11250858
416,3,327,2020-08-13,11302,143,7014,Uttarakhand,11250858
313,4,488,2020-08-14,11615,147,7502,Uttarakhand,11250858
325,4,246,2020-08-15,11940,151,7748,Uttarakhand,11250858
235,1,352,2020-08-16,12175,152,8100,Uttarakhand,11250858
318,6,385,2020-08-17,12493,158,8485,Uttarakhand,11250858
468,6,239,2020-08-18,12961,164,8724,Uttarakhand,11250858
264,14,408,2020-08-19,13225,178,9132,Uttarakhand,11250858
411,9,301,2020-08-20,13636,187,9433,Uttarakhand,11250858
447,5,243,2020-08-21,14083,192,9676,Uttarakhand,11250858
483,3,345,2020-08-22,14566,195,10021,Uttarakhand,11250858
558,5,459,2020-08-23,15124,200,10480,Uttarakhand,11250858
405,7,432,2020-08-24,15529,207,10912,Uttarakhand,11250858
485,6,289,2020-08-25,16014,213,11201,Uttarakhand,11250858
535,6,323,2020-08-26,16549,219,11524,Uttarakhand,11250858
728,9,251,2020-08-27,17277,228,11775,Uttarakhand,11250858
588,11,349,2020-08-28,17865,239,12124,Uttarakhand,11250858
706,11,400,2020-08-29,18571,250,12524,Uttarakhand,11250858
664,7,480,2020-08-30,19235,257,13004,Uttarakhand,11250858
592,12,604,2020-08-31,19827,269,13608,Uttarakhand,11250858
571,11,404,2020-09-01,20398,280,14012,Uttarakhand,11250858
836,11,425,2020-09-02,21234,291,14437,Uttarakhand,11250858
946,9,508,2020-09-03,22180,300,14945,Uttarakhand,11250858
831,12,502,2020-09-04,23011,312,15447,Uttarakhand,11250858
950,18,535,2020-09-05,23961,330,15982,Uttarakhand,11250858
668,11,591,2020-09-06,24629,341,16573,Uttarakhand,11250858
807,7,473,2020-09-07,25436,348,17046,Uttarakhand,11250858
658,12,427,2020-09-08,26094,360,17473,Uttarakhand,11250858
1117,12,789,2020-09-09,27211,372,18262,Uttarakhand,11250858
1015,5,521,2020-09-10,28226,377,18783,Uttarakhand,11250858
995,11,645,2020-09-11,29221,388,19428,Uttarakhand,11250858
1115,14,603,2020-09-12,30336,402,20031,Uttarakhand,11250858
1637,12,1009,2020-09-13,31973,414,21040,Uttarakhand,11250858
1043,15,1037,2020-09-14,33016,429,22077,Uttarakhand,11250858
1391,9,1008,2020-09-15,34407,438,23085,Uttarakhand,11250858
1540,9,1192,2020-09-16,35947,447,24277,Uttarakhand,11250858
1192,13,533,2020-09-17,37139,460,24810,Uttarakhand,11250858
868,4,1285,2020-09-18,38007,464,26095,Uttarakhand,11250858
2078,14,878,2020-09-19,40085,478,26973,Uttarakhand,11250858
878,13,855,2020-09-20,40963,491,27828,Uttarakhand,11250858
814,10,1172,2020-09-21,41777,501,29000,Uttarakhand,11250858
874,11,1107,2020-09-22,42651,512,30107,Uttarakhand,11250858
1069,17,1016,2020-09-23,43720,529,31123,Uttarakhand,11250858
684,13,1031,2020-09-24,44404,542,32154,Uttarakhand,11250858
928,13,1488,2020-09-25,45332,555,33642,Uttarakhand,11250858
949,11,1007,2020-09-26,46281,566,34649,Uttarakhand,11250858
764,8,813,2020-09-27,47045,574,35462,Uttarakhand,11250858
457,6,1184,2020-09-28,47502,580,36646,Uttarakhand,11250858
493,11,1413,2020-09-29,47995,591,38059,Uttarakhand,11250858
1005,20,976,2020-09-30,49000,611,39035,Uttarakhand,11250858
248,14,801,2020-10-01,49248,625,39836,Uttarakhand,11250858
311,11,340,2020-10-02,49559,636,40176,Uttarakhand,11250858
503,12,919,2020-10-03,50062,648,41095,Uttarakhand,11250858
1419,4,392,2020-10-04,51481,652,41487,Uttarakhand,11250858
510,17,881,2020-10-05,51991,669,42368,Uttarakhand,11250858
338,8,600,2020-10-06,52329,677,42968,Uttarakhand,11250858
630,11,663,2020-10-07,52959,688,43631,Uttarakhand,11250858
400,14,904,2020-10-08,53359,702,44535,Uttarakhand,11250858
704,14,1239,2020-10-09,54063,716,45774,Uttarakhand,11250858
462,18,412,2020-10-10,54525,734,46186,Uttarakhand,11250858
526,13,456,2020-10-11,55051,747,46642,Uttarakhand,11250858
296,15,664,2020-10-12,55347,762,47306,Uttarakhand,11250858
294,20,665,2020-10-13,55641,782,47971,Uttarakhand,11250858
429,14,827,2020-10-14,56070,796,48798,Uttarakhand,11250858
423,18,833,2020-10-15,56493,814,49631,Uttarakhand,11250858
549,15,524,2020-10-16,57042,829,50155,Uttarakhand,11250858
606,95,665,2020-10-17,57648,924,50820,Uttarakhand,11250858
376,3,162,2020-10-18,58024,927,50982,Uttarakhand,11250858
336,6,504,2020-10-19,58360,933,51486,Uttarakhand,11250858
241,13,376,2020-10-20,58601,946,51862,Uttarakhand,11250858
505,14,770,2020-10-21,59106,960,52632,Uttarakhand,11250858
402,8,568,2020-10-22,59508,968,53200,Uttarakhand,11250858
0,0,0,2020-03-14,0,0,0,West Bengal,99609303
0,0,0,2020-03-15,0,0,0,West Bengal,99609303
0,0,0,2020-03-16,0,0,0,West Bengal,99609303
1,0,0,2020-03-17,1,0,0,West Bengal,99609303
0,0,0,2020-03-18,1,0,0,West Bengal,99609303
0,0,0,2020-03-19,1,0,0,West Bengal,99609303
1,0,0,2020-03-20,2,0,0,West Bengal,99609303
2,0,0,2020-03-21,4,0,0,West Bengal,99609303
3,0,0,2020-03-22,7,0,0,West Bengal,99609303
0,1,0,2020-03-23,7,1,0,West Bengal,99609303
2,0,0,2020-03-24,9,1,0,West Bengal,99609303
0,0,0,2020-03-25,9,1,0,West Bengal,99609303
1,0,0,2020-03-26,10,1,0,West Bengal,99609303
5,0,0,2020-03-27,15,1,0,West Bengal,99609303
3,0,0,2020-03-28,18,1,0,West Bengal,99609303
3,0,0,2020-03-29,21,1,0,West Bengal,99609303
1,1,0,2020-03-30,22,2,0,West Bengal,99609303
15,1,3,2020-03-31,37,3,3,West Bengal,99609303
0,0,0,2020-04-01,37,3,3,West Bengal,99609303
16,0,0,2020-04-02,53,3,3,West Bengal,99609303
0,0,0,2020-04-03,53,3,3,West Bengal,99609303
0,0,0,2020-04-04,53,3,3,West Bengal,99609303
27,0,7,2020-04-05,80,3,10,West Bengal,99609303
0,0,0,2020-04-06,80,3,10,West Bengal,99609303
11,0,3,2020-04-07,91,3,13,West Bengal,99609303
8,2,0,2020-04-08,99,5,13,West Bengal,99609303
4,0,3,2020-04-09,103,5,16,West Bengal,99609303
13,0,0,2020-04-10,116,5,16,West Bengal,99609303
10,0,0,2020-04-11,126,5,16,West Bengal,99609303
8,2,3,2020-04-12,134,7,19,West Bengal,99609303
18,0,10,2020-04-13,152,7,29,West Bengal,99609303
38,0,7,2020-04-14,190,7,36,West Bengal,99609303
23,0,1,2020-04-15,213,7,37,West Bengal,99609303
18,3,5,2020-04-16,231,10,42,West Bengal,99609303
24,0,9,2020-04-17,255,10,51,West Bengal,99609303
32,2,4,2020-04-18,287,12,55,West Bengal,99609303
23,0,7,2020-04-19,310,12,62,West Bengal,99609303
29,0,4,2020-04-20,339,12,66,West Bengal,99609303
53,3,7,2020-04-21,392,15,73,West Bengal,99609303
31,0,0,2020-04-22,423,15,73,West Bengal,99609303
33,0,6,2020-04-23,456,15,79,West Bengal,99609303
58,3,24,2020-04-24,514,18,103,West Bengal,99609303
57,0,0,2020-04-25,571,18,103,West Bengal,99609303
40,2,2,2020-04-26,611,20,105,West Bengal,99609303
38,0,0,2020-04-27,649,20,105,West Bengal,99609303
48,2,4,2020-04-28,697,22,109,West Bengal,99609303
28,0,10,2020-04-29,725,22,119,West Bengal,99609303
33,11,5,2020-04-30,758,33,124,West Bengal,99609303
37,8,15,2020-05-01,795,41,139,West Bengal,99609303
127,7,12,2020-05-02,922,48,151,West Bengal,99609303
276,74,-19,2020-05-03,1198,122,132,West Bengal,99609303
61,11,86,2020-05-04,1259,133,218,West Bengal,99609303
85,7,46,2020-05-05,1344,140,264,West Bengal,99609303
112,4,1,2020-05-06,1456,144,265,West Bengal,99609303
92,7,31,2020-05-07,1548,151,296,West Bengal,99609303
130,9,27,2020-05-08,1678,160,323,West Bengal,99609303
108,11,49,2020-05-09,1786,171,372,West Bengal,99609303
153,14,45,2020-05-10,1939,185,417,West Bengal,99609303
124,5,82,2020-05-11,2063,190,499,West Bengal,99609303
110,8,113,2020-05-12,2173,198,612,West Bengal,99609303
117,9,90,2020-05-13,2290,207,702,West Bengal,99609303
87,8,66,2020-05-14,2377,215,768,West Bengal,99609303
84,10,61,2020-05-15,2461,225,829,West Bengal,99609303
115,7,63,2020-05-16,2576,232,892,West Bengal,99609303
101,6,67,2020-05-17,2677,238,959,West Bengal,99609303
147,6,47,2020-05-18,2824,244,1006,West Bengal,99609303
137,6,68,2020-05-19,2961,250,1074,West Bengal,99609303
142,3,62,2020-05-20,3103,253,1136,West Bengal,99609303
94,6,57,2020-05-21,3197,259,1193,West Bengal,99609303
135,6,28,2020-05-22,3332,265,1221,West Bengal,99609303
127,4,60,2020-05-23,3459,269,1281,West Bengal,99609303
208,3,58,2020-05-24,3667,272,1339,West Bengal,99609303
149,6,75,2020-05-25,3816,278,1414,West Bengal,99609303
193,5,72,2020-05-26,4009,283,1486,West Bengal,99609303
183,6,92,2020-05-27,4192,289,1578,West Bengal,99609303
344,6,90,2020-05-28,4536,295,1668,West Bengal,99609303
277,7,107,2020-05-29,4813,302,1775,West Bengal,99609303
317,7,195,2020-05-30,5130,309,1970,West Bengal,99609303
371,8,187,2020-05-31,5501,317,2157,West Bengal,99609303
271,8,149,2020-06-01,5772,325,2306,West Bengal,99609303
396,10,104,2020-06-02,6168,335,2410,West Bengal,99609303
340,10,170,2020-06-03,6508,345,2580,West Bengal,99609303
368,10,188,2020-06-04,6876,355,2768,West Bengal,99609303
427,11,144,2020-06-05,7303,366,2912,West Bengal,99609303
435,17,207,2020-06-06,7738,383,3119,West Bengal,99609303
449,13,184,2020-06-07,8187,396,3303,West Bengal,99609303
426,9,162,2020-06-08,8613,405,3465,West Bengal,99609303
372,10,155,2020-06-09,8985,415,3620,West Bengal,99609303
343,17,159,2020-06-10,9328,432,3779,West Bengal,99609303
440,10,209,2020-06-11,9768,442,3988,West Bengal,99609303
476,9,218,2020-06-12,10244,451,4206,West Bengal,99609303
454,12,336,2020-06-13,10698,463,4542,West Bengal,99609303
389,12,518,2020-06-14,11087,475,5060,West Bengal,99609303
407,10,434,2020-06-15,11494,485,5494,West Bengal,99609303
415,10,534,2020-06-16,11909,495,6028,West Bengal,99609303
391,11,505,2020-06-17,12300,506,6533,West Bengal,99609303
435,12,468,2020-06-18,12735,518,7001,West Bengal,99609303
355,11,302,2020-06-19,13090,529,7303,West Bengal,99609303
441,11,562,2020-06-20,13531,540,7865,West Bengal,99609303
414,15,432,2020-06-21,13945,555,8297,West Bengal,99609303
413,14,390,2020-06-22,14358,569,8687,West Bengal,99609303
370,11,531,2020-06-23,14728,580,9218,West Bengal,99609303
445,11,484,2020-06-24,15173,591,9702,West Bengal,99609303
475,15,488,2020-06-25,15648,606,10190,West Bengal,99609303
542,10,345,2020-06-26,16190,616,10535,West Bengal,99609303
521,13,254,2020-06-27,16711,629,10789,West Bengal,99609303
572,10,404,2020-06-28,17283,639,11193,West Bengal,99609303
624,14,526,2020-06-29,17907,653,11719,West Bengal,99609303
652,15,411,2020-06-30,18559,668,12130,West Bengal,99609303
611,15,398,2020-07-01,19170,683,12528,West Bengal,99609303
649,16,509,2020-07-02,19819,699,13037,West Bengal,99609303
669,18,534,2020-07-03,20488,717,13571,West Bengal,99609303
743,19,595,2020-07-04,21231,736,14166,West Bengal,99609303
895,21,545,2020-07-05,22126,757,14711,West Bengal,99609303
861,22,524,2020-07-06,22987,779,15235,West Bengal,99609303
850,25,555,2020-07-07,23837,804,15790,West Bengal,99609303
986,23,501,2020-07-08,24823,827,16291,West Bengal,99609303
1088,27,535,2020-07-09,25911,854,16826,West Bengal,99609303
1198,26,522,2020-07-10,27109,880,17348,West Bengal,99609303
1344,26,611,2020-07-11,28453,906,17959,West Bengal,99609303
1560,26,622,2020-07-12,30013,932,18581,West Bengal,99609303
1435,24,632,2020-07-13,31448,956,19213,West Bengal,99609303
1390,24,718,2020-07-14,32838,980,19931,West Bengal,99609303
1589,20,749,2020-07-15,34427,1000,20680,West Bengal,99609303
1690,23,735,2020-07-16,36117,1023,21415,West Bengal,99609303
1894,26,838,2020-07-17,38011,1049,22253,West Bengal,99609303
2198,27,1286,2020-07-18,40209,1076,23539,West Bengal,99609303
2278,36,1344,2020-07-19,42487,1112,24883,West Bengal,99609303
2282,35,1535,2020-07-20,44769,1147,26418,West Bengal,99609303
2261,35,1617,2020-07-21,47030,1182,28035,West Bengal,99609303
2291,39,1615,2020-07-22,49321,1221,29650,West Bengal,99609303
2436,34,2006,2020-07-23,51757,1255,31656,West Bengal,99609303
2216,35,1873,2020-07-24,53973,1290,33529,West Bengal,99609303
2404,42,2125,2020-07-25,56377,1332,35654,West Bengal,99609303
2341,40,2097,2020-07-26,58718,1372,37751,West Bengal,99609303
2112,39,2166,2020-07-27,60830,1411,39917,West Bengal,99609303
2134,38,2105,2020-07-28,62964,1449,42022,West Bengal,99609303
2294,41,2094,2020-07-29,65258,1490,44116,West Bengal,99609303
2434,46,2140,2020-07-30,67692,1536,46256,West Bengal,99609303
2496,45,2118,2020-07-31,70188,1581,48374,West Bengal,99609303
2589,48,2143,2020-08-01,72777,1629,50517,West Bengal,99609303
2739,49,2213,2020-08-02,75516,1678,52730,West Bengal,99609303
2716,53,2088,2020-08-03,78232,1731,54818,West Bengal,99609303
2752,54,2066,2020-08-04,80984,1785,56884,West Bengal,99609303
2816,61,2078,2020-08-05,83800,1846,58962,West Bengal,99609303
2954,56,2061,2020-08-06,86754,1902,61023,West Bengal,99609303
2912,52,2037,2020-08-07,89666,1954,63060,West Bengal,99609303
2949,51,2064,2020-08-08,92615,2005,65124,West Bengal,99609303
2939,54,1996,2020-08-09,95554,2059,67120,West Bengal,99609303
2905,41,3208,2020-08-10,98459,2100,70328,West Bengal,99609303
2931,49,3067,2020-08-11,101390,2149,73395,West Bengal,99609303
2936,54,2725,2020-08-12,104326,2203,76120,West Bengal,99609303
2997,56,2497,2020-08-13,107323,2259,78617,West Bengal,99609303
3035,60,2572,2020-08-14,110358,2319,81189,West Bengal,99609303
3074,58,2647,2020-08-15,113432,2377,83836,West Bengal,99609303
3066,51,2935,2020-08-16,116498,2428,86771,West Bengal,99609303
3080,45,2932,2020-08-17,119578,2473,89703,West Bengal,99609303
3175,55,2987,2020-08-18,122753,2528,92690,West Bengal,99609303
3169,53,2973,2020-08-19,125922,2581,95663,West Bengal,99609303
3197,53,3126,2020-08-20,129119,2634,98789,West Bengal,99609303
3245,55,3082,2020-08-21,132364,2689,101871,West Bengal,99609303
3232,48,3088,2020-08-22,135596,2737,104959,West Bengal,99609303
3274,57,3048,2020-08-23,138870,2794,108007,West Bengal,99609303
2967,57,3285,2020-08-24,141837,2851,111292,West Bengal,99609303
2964,58,3251,2020-08-25,144801,2909,114543,West Bengal,99609303
2974,55,3314,2020-08-26,147775,2964,117857,West Bengal,99609303
2997,53,3189,2020-08-27,150772,3017,121046,West Bengal,99609303
2982,56,3286,2020-08-28,153754,3073,124332,West Bengal,99609303
3012,53,3312,2020-08-29,156766,3126,127644,West Bengal,99609303
3019,50,3308,2020-08-30,159785,3176,130952,West Bengal,99609303
2993,52,3318,2020-08-31,162778,3228,134270,West Bengal,99609303
2943,55,3346,2020-09-01,165721,3283,137616,West Bengal,99609303
2976,56,3297,2020-09-02,168697,3339,140913,West Bengal,99609303
2984,55,3335,2020-09-03,171681,3394,144248,West Bengal,99609303
2978,58,3305,2020-09-04,174659,3452,147553,West Bengal,99609303
3042,58,3248,2020-09-05,177701,3510,150801,West Bengal,99609303
3087,52,3207,2020-09-06,180788,3562,154008,West Bengal,99609303
3077,58,3021,2020-09-07,183865,3620,157029,West Bengal,99609303
3091,57,2996,2020-09-08,186956,3677,160025,West Bengal,99609303
3107,53,2967,2020-09-09,190063,3730,162992,West Bengal,99609303
3112,41,3035,2020-09-10,193175,3771,166027,West Bengal,99609303
3157,57,3016,2020-09-11,196332,3828,169043,West Bengal,99609303
3161,59,3042,2020-09-12,199493,3887,172085,West Bengal,99609303
3215,58,3054,2020-09-13,202708,3945,175139,West Bengal,99609303
3211,58,3084,2020-09-14,205919,4003,178223,West Bengal,99609303
3227,59,2919,2020-09-15,209146,4062,181142,West Bengal,99609303
3237,61,2971,2020-09-16,212383,4123,184113,West Bengal,99609303
3197,60,2948,2020-09-17,215580,4183,187061,West Bengal,99609303
3192,59,2960,2020-09-18,218772,4242,190021,West Bengal,99609303
3188,56,2993,2020-09-19,221960,4298,193014,West Bengal,99609303
3177,61,2958,2020-09-20,225137,4359,195972,West Bengal,99609303
3165,62,3011,2020-09-21,228302,4421,198983,West Bengal,99609303
3182,62,3047,2020-09-22,231484,4483,202030,West Bengal,99609303
3189,61,2998,2020-09-23,234673,4544,205028,West Bengal,99609303
3196,62,3014,2020-09-24,237869,4606,208042,West Bengal,99609303
3190,59,2978,2020-09-25,241059,4665,211020,West Bengal,99609303
3181,56,2955,2020-09-26,244240,4721,213975,West Bengal,99609303
3185,60,2946,2020-09-27,247425,4781,216921,West Bengal,99609303
3155,56,2923,2020-09-28,250580,4837,219844,West Bengal,99609303
3188,62,2961,2020-09-29,253768,4899,222805,West Bengal,99609303
3281,59,2954,2020-09-30,257049,4958,225759,West Bengal,99609303
3275,59,2996,2020-10-01,260324,5017,228755,West Bengal,99609303
3310,53,2944,2020-10-02,263634,5070,231699,West Bengal,99609303
3340,62,3013,2020-10-03,266974,5132,234712,West Bengal,99609303
3357,62,2986,2020-10-04,270331,5194,237698,West Bengal,99609303
3348,61,3009,2020-10-05,273679,5255,240707,West Bengal,99609303
3370,63,3036,2020-10-06,277049,5318,243743,West Bengal,99609303
3455,58,3024,2020-10-07,280504,5376,246767,West Bengal,99609303
3526,63,2970,2020-10-08,284030,5439,249737,West Bengal,99609303
3573,62,3069,2020-10-09,287603,5501,252806,West Bengal,99609303
3591,62,3032,2020-10-10,291194,5563,255838,West Bengal,99609303
3612,59,3110,2020-10-11,294806,5622,258948,West Bengal,99609303
3583,60,3155,2020-10-12,298389,5682,262103,West Bengal,99609303
3631,62,3185,2020-10-13,302020,5744,265288,West Bengal,99609303
3677,64,3096,2020-10-14,305697,5808,268384,West Bengal,99609303
3720,62,3179,2020-10-15,309417,5870,271563,West Bengal,99609303
3771,61,3194,2020-10-16,313188,5931,274757,West Bengal,99609303
3865,61,3183,2020-10-17,317053,5992,277940,West Bengal,99609303
3983,64,3113,2020-10-18,321036,6056,281053,West Bengal,99609303
3992,63,3272,2020-10-19,325028,6119,284325,West Bengal,99609303
4029,61,3382,2020-10-20,329057,6180,287707,West Bengal,99609303
4069,64,3596,2020-10-21,333126,6244,291303,West Bengal,99609303
4157,64,3608,2020-10-22,337283,6308,294911,West Bengal,99609303
54268,685,74262,2020-10-22,7759060,116750,6946345,India,1371360351
